"Time Step","Softwood Merchantable","Hardwood Merchantable","Softwood Submerchantable","Hardwood Submerchantable","Softwood Other","Hardwood Other","Softwood Foliage","Hardwood Foliage","Softwood Fine Roots","Hardwood Fine Roots","Softwood Coarse Roots","Hardwood Coarse Roots","Aboveground Very Fast DOM","Belowground Very Fast DOM","Aboveground Fast DOM","Belowground Fast DOM","Medium DOM","Aboveground Slow DOM","Belowground Slow DOM","Softwood Stem Snag","Softwood Branch Snag","Hardwood Stem Snag","Hardwood Branch Snag",
0,0,0,0,0,0,0,0,0,0,0,0,0,0.851270020008087,1.79640698432922,17.3991203308105,12.8292903900146,19.3088798522949,35.9646987915039,160.651504516602,0,0,98.7316589355469,33.7972602844238,
1,0,0.06378092617,0,0,0,0.1688199192,0,0.4711456299,0,0.3761846423,0,0.5961609483,0.713408708572388,0.897603631019592,17.7030372619629,10.9298629760742,21.6001510620117,36.6029510498047,160.8271484375,0,0,93.7260437011719,28.1635875701904,
2,0,0.2664475441,0,0,0,0.9762373567,0,0.786799252,0,0.6617130637,0,1.203385592,0.928250312805176,0.514347672462463,17.4996509552002,9.31715393066406,23.6489009857178,37.1801986694336,160.888748168945,0,0,88.9750061035156,23.4736423492432,
3,0,0.6140885353,0,0,0,2.091584444,0,1.050197124,0,0.8905937672,0,1.832776308,1.287877202034,0.368917524814606,16.9567813873291,7.94879817962646,25.4723320007324,37.713249206543,160.886672973633,0,0,84.4664688110352,19.5744743347168,
4,0,1.108825922,0,0,0,3.40357542,0,1.280002236,0,1.076121092,0,2.478700876,1.70278882980347,0.330715268850327,16.1987266540527,6.78873491287231,27.0866088867188,38.2109107971191,160.846481323242,0,0,80.1889953613281,16.3365859985352,
5,0,1.750811458,0,0,0,4.844574451,0,1.484964132,0,1.227324128,0,3.135113716,2.12717580795288,0.33833372592926,15.3179874420166,5.80619955062866,28.5069236755371,38.6781959533691,160.781646728516,0,0,76.1317443847656,13.6512422561646,
6,0,2.538738966,0,0,0,6.36656332,0,1.670250297,0,1.351002693,0,3.796612263,2.538001537323,0.363312363624573,14.3825645446777,4.97493934631348,29.7475433349609,39.1183547973633,160.699691772461,0,0,72.2844085693359,11.4272985458374,
7,0,3.470076323,0,0,0,7.932844639,0,1.839303732,0,1.452485919,0,4.45857811,2.92458152770996,0.392831772565842,13.4414882659912,4.27255153656006,30.821870803833,39.5338859558105,160.60514831543,0,0,68.6371917724609,9.58841228485107,
8,0,4.541204453,0,0,0,9.514268875,0,1.994597316,0,1.536026955,0,5.117133617,3.2829327583313,0.421436876058578,12.5291423797607,3.67991828918457,31.7424850463867,39.9270057678223,160.500991821289,0,0,65.1807861328125,8.07066440582275,
9,0,5.747519493,0,0,0,11.08722496,0,2.138000488,0,1.605051875,0,5.769059658,3.61262202262878,0.447085380554199,11.6686611175537,3.18072485923767,32.5211982727051,40.2998428344727,160.389343261719,0,0,61.906322479248,6.82054853439331,
10,0,7.083518505,0,0,0,12.63244247,0,2.270979404,0,1.662332892,0,6.411709309,3.91499662399292,0.469270050525665,10.8746213912964,2.76105093955994,33.1690902709961,40.6544990539551,160.271835327148,0,0,58.8053588867188,5.79327917098999,
11,0,8.542881966,0,0,0,14.13422108,0,2.394717216,0,1.710117936,0,7.04292345,4.19219923019409,0.488134741783142,10.1551561355591,2.40901970863342,33.6965484619141,40.993034362793,160.149795532227,0,0,55.8698387145996,4.95137500762939,
12,0,10.11855412,0,0,0,15.57988262,0,2.510189295,0,1.75023067,0,7.660959244,4.44663095474243,0.504064321517944,9.51362037658691,2.11449790000916,34.1133193969727,41.3174438476563,160.024322509766,0,0,53.0920829772949,4.26347208023071,
13,0,11.80282021,0,0,0,16.95936966,0,2.618214607,0,1.784149647,0,8.264431,4.68066787719727,0.517500698566437,8.94989967346191,1.86884164810181,34.4285354614258,41.6296195983887,159.89631652832,0,0,50.4647521972656,3.70333051681519,
14,0,13.58739567,0,0,0,18.26493073,0,2.719489813,0,1.813073039,0,8.852245331,4.89652633666992,0.528864979743958,8.46141910552979,1.66467773914337,34.6507453918457,41.9313125610352,159.766616821289,0,0,47.9808387756348,3.24900221824646,
15,0,15.46350479,0,0,0,19.49084473,0,2.81461525,0,1.837969065,0,9.423570633,5.0962028503418,0.538528382778168,8.04393863677979,1.49571800231934,34.7879524230957,42.2241134643555,159.635864257813,0,0,45.6336326599121,2.88213562965393,
16,0,17.42197037,0,0,0,20.63321114,0,2.904113054,0,1.859619379,0,9.97778511,5.28146314620972,0.546806156635284,7.69215393066406,1.35660028457642,34.8476524353027,42.509449005127,159.504669189453,0,0,43.4167098999023,2.58739423751831,
17,0,19.45330238,0,0,0,21.689731599999998,0,2.988441467,0,1.878653407,0,10.51444721,5.45385265350342,0.553959786891937,7.40015697479248,1.24275279045105,34.8368453979492,42.7885551452637,159.373519897461,0,0,41.3239250183105,2.35196948051453,
18,0,22.12327576,0,0,0,21.49679184,0,2.819510698,0,1.891241431,0,10.89656258,5.54010820388794,0.559867978096008,7.14634275436401,1.14969623088837,34.7620735168457,43.0539932250977,159.242736816406,0,0,39.3510818481445,2.15979099273682,
19,0,24.3078289,0,0,0,21.70450592,0,2.862233162,0,1.903574586,0,11.2925272,5.55914783477783,0.564655005931854,6.91729021072388,1.07374918460846,34.6295013427734,43.2999954223633,159.112503051758,0,0,37.4925422668457,1.99971973896027,
20,0,26.51077843,0,0,0,21.96736908,0,2.912019968,0,1.915461779,0,11.6943121,5.60116195678711,0.568845629692078,6.71797132492065,1.01245880126953,34.4448738098145,43.530689239502,158.983032226563,0,0,35.7411422729492,1.86851298809052,
21,0,28.72351074,0,0,0,22.2735672,0,2.967074156,0,1.926880121,0,12.09817123,5.66120100021362,0.572677075862885,6.54772710800171,0.963685870170593,34.2135009765625,43.7495231628418,158.854568481445,0,0,34.0915336608887,1.7618145942688,
22,0,30.93517303,0,0,0,22.61303139,0,3.025938034,0,1.937825561,0,12.50059795,5.73518037796021,0.576261937618256,6.4053168296814,0.925577342510223,33.9403228759766,43.9593658447266,158.727325439453,0,0,32.5385780334473,1.67589318752289,
23,0,33.1417923,0,0,0,22.97830772,0,3.087621689,0,1.948343873,0,12.89980698,5.81980752944946,0.579657852649689,6.28911876678467,0.896532475948334,33.6299209594727,44.16259765625,158.601486206055,0,0,31.0773544311523,1.60755860805511,
24,0,35.33256531,0,0,0,23.36212921,0,3.151157379,0,1.958452582,0,13.29315758,5.91243505477905,0.58289760351181,6.19727325439453,0.875168859958649,33.286563873291,44.3611869812012,158.47721862793,0,0,29.7031536102295,1.55408418178558,
25,0,37.50352478,0,0,0,23.75935936,0,3.215920448,0,1.968200326,0,13.67952156,6.01093149185181,0.586002111434937,6.12778854370117,0.860293090343475,32.9141960144043,44.5567474365234,158.35466003418,0,0,28.4114608764648,1.51314043998718,
26,0,39.64618301,0,0,0,24.16484833,0,3.281268835,0,1.977611542,0,14.05718231,6.11358690261841,0.588987290859222,6.07862710952759,0.85087639093399,32.5164794921875,44.7506103515625,158.233932495117,0,0,27.1979484558105,1.48273861408234,
27,0,41.75655365,0,0,0,24.57491875,0,3.346782684,0,1.986723304,0,14.42539024,6.21901512145996,0.591865479946136,6.04776096343994,0.846032202243805,32.0967979431152,44.94384765625,158.115142822266,0,0,26.0584735870361,1.46118068695068,
28,0,43.83288574,0,0,0,24.98685646,0,3.412174702,0,1.995574832,0,14.78388977,6.32614278793335,0.594648540019989,6.03323173522949,0.845001041889191,31.6582775115967,45.137336730957,157.998397827148,0,0,24.9890899658203,1.44702208042145,
29,0,45.86667252,0,0,0,25.3970623,0,3.476994991,0,2.004168749,0,15.13135815,6.43407917022705,0.597345471382141,6.03316068649292,0.847129285335541,31.2038021087646,45.3317642211914,157.883773803711,0,0,23.9860172271729,1.43903005123138,
30,0,47.85836792,0,0,0,25.80404854,0,3.541112661,0,2.012538671,0,15.46806908,6.54209470748901,0.599963545799255,6.04577398300171,0.85185569524765,30.7360305786133,45.5276718139648,157.77131652832,0,0,23.0456447601318,1.43615341186523,
31,0,49.80615616,0,0,0,26.20619011,0,3.60435462,0,2.0207026,0,15.79394531,6.64964580535889,0.602510094642639,6.0694317817688,0.858703196048737,30.2574043273926,45.7254791259766,157.661102294922,0,0,22.1645393371582,1.43750202655792,
32,0,51.70372391,0,0,0,26.60116196,0,3.66642642,0,2.028652906,0,16.10819244,6.7562518119812,0.604989647865295,6.10260725021362,0.867261707782745,29.7701644897461,45.9254837036133,157.553161621094,0,0,21.3394203186035,1.44231605529785,
33,0,53.55368042,0,0,0,26.98866653,0,3.727335215,0,2.036416054,0,16.41151047,6.86152744293213,0.607405722141266,6.14390134811401,0.877181470394135,29.2763671875,46.1279067993164,157.447525024414,0,0,20.5671615600586,1.44994986057281,
34,0,55.35413742,0,0,0,27.36764526,0,3.786959171,0,2.043994427,0,16.70385933,6.96519899368286,0.609762251377106,6.19205331802368,0.888167440891266,28.7778930664063,46.332878112793,157.344207763672,0,0,19.8447952270508,1.4598593711853,
35,0,57.10095978,0,0,0,27.73670006,0,3.845110655,0,2.051378012,0,16.98484612,7.06700134277344,0.612060606479645,6.24590921401978,0.899966359138489,28.2764549255371,46.540470123291,157.243255615234,0,0,19.1694927215576,1.47157967090607,
36,0,58.79667664,0,0,0,28.09593582,0,3.901829958,0,2.058582067,0,17.25514603,7.16672468185425,0.614301860332489,6.3044319152832,0.912363827228546,27.7736186981201,46.7506904602051,157.144668579102,0,0,18.5385551452637,1.48471748828888,
37,0,60.43932724,0,0,0,28.44458771,0,3.957012653,0,2.065600872,0,17.51470375,7.26421880722046,0.616487205028534,6.36669826507568,0.925179958343506,27.2707996368408,46.963508605957,157.048461914063,0,0,17.9494285583496,1.49894237518311,
38,0,62.02917862,0,0,0,28.78245544,0,4.01063776,0,2.072435856,0,17.76381302,7.35935115814209,0.618617057800293,6.43188238143921,0.938262283802032,26.7692852020264,47.1788444519043,156.954650878906,0,0,17.3996810913086,1.51397383213043,
39,0,63.56645966,0,0,0,29.10938644,0,4.062685966,0,2.079087973,0,18.00274467,7.45202732086182,0.620691537857056,6.49925565719604,0.951483488082886,26.2702369689941,47.3965911865234,156.863235473633,0,0,16.8870086669922,1.52957701683044,
40,0,65.05358124,0,0,0,29.4257164,0,4.113211155,0,2.085565805,0,18.23209572,7.5421986579895,0.622711718082428,6.56818246841431,0.964738965034485,25.7747001647949,47.6166114807129,156.774215698242,0,0,16.4092254638672,1.54555678367615,
41,0,66.48632813,0,0,0,29.73044968,0,4.162051201,0,2.091848612,0,18.45142174,7.62980222702026,0.624676942825317,6.63809680938721,0.977940142154694,25.2836112976074,47.8387565612793,156.687576293945,0,0,15.9642562866211,1.56174755096436,
42,0,67.87150574,0,0,0,30.02494049,0,4.209419727,0,2.09796381,0,18.66196632,7.7148118019104,0.626587510108948,6.70851182937622,0.991014957427979,24.7978096008301,48.0628547668457,156.603286743164,0,0,15.5501375198364,1.5780131816864,
43,0,69.20265198,0,0,0,30.30774879,0,4.255074501,0,2.103879452,0,18.86292267,7.79720544815063,0.628443121910095,6.77900171279907,1.00390386581421,24.3180370330811,48.2887153625488,156.521362304688,0,0,15.1650075912476,1.59423959255219,
44,0,70.48652649,0,0,0,30.58028221,0,4.299232006,0,2.109622002,0,19.05548859,7.8769588470459,0.630243420600891,6.84919404983521,1.01655781269073,23.8449554443359,48.5161437988281,156.441772460938,0,0,14.8070974349976,1.61033177375793,
45,0,71.72328949,0,0,0,30.8425312,0,4.341883183,0,2.115189075,0,19.23984337,7.95412111282349,0.631989896297455,6.91878890991211,1.02894103527069,23.3791427612305,48.744945526123,156.364517211914,0,0,14.4747495651245,1.62621700763702,
46,0,72.91082764,0,0,0,31.09405518,0,4.382944584,0,2.12056756,0,19.41581154,8.02869510650635,0.633682250976563,6.98751735687256,1.04102301597595,22.9211025238037,48.9749069213867,156.289566040039,0,0,14.1663846969604,1.64183223247528,
47,0,74.05367279,0,0,0,31.33580399,0,4.422555923,0,2.125774622,0,19.58420372,8.10069847106934,0.635320484638214,7.05515623092651,1.05278027057648,22.4712753295898,49.2058296203613,156.216903686523,0,0,13.8805103302002,1.65712773799896,
48,0,75.15192413,0,0,0,31.56781006,0,4.460712433,0,2.130807161,0,19.74515533,8.17018508911133,0.63690572977066,7.12152481079102,1.06419706344604,22.0300331115723,49.4375038146973,156.146499633789,0,0,13.61572265625,1.67206645011902,
49,0,76.20569611,0,0,0,31.79011154,0,4.497403145,0,2.135662556,0,19.89879608,8.23718357086182,0.638438105583191,7.1864709854126,1.07526111602783,21.5976943969727,49.6697273254395,156.078323364258,0,0,13.3706922531128,1.68661797046661,
50,0,77.21722412,0,0,0,32.00319672,0,4.5327034,0,2.140347958,0,20.04555511,8.30173110961914,0.639918088912964,7.24987030029297,1.08596420288086,21.1745223999023,49.9022903442383,156.01237487793,0,0,13.1441612243652,1.700758934021,
51,0,78.18663025,0,0,0,32.20711517,0,4.566603661,0,2.144860983,0,20.18555069,8.36387062072754,0.641346156597137,7.31162357330322,1.09630179405212,20.7607307434082,50.1349983215332,155.948608398438,0,0,12.9349431991577,1.7144730091095,
52,0,79.11615753,0,0,0,32.40233994,0,4.599172592,0,2.149209499,0,20.31919098,8.4236478805542,0.642723083496094,7.37165498733521,1.10627210140228,20.3564910888672,50.3676567077637,155.886993408203,0,0,12.7419195175171,1.72774851322174,
53,0,80.00806427,0,0,0,32.58940506,0,4.63048172,0,2.153401375,0,20.44688416,8.48113536834717,0.644050478935242,7.42991495132446,1.11587727069855,19.961935043335,50.6000823974609,155.827514648438,0,0,12.5640420913696,1.74058043956757,
54,0,80.8624115,0,0,0,32.76832199,0,4.660529613,0,2.157434225,0,20.56869888,8.53640079498291,0.645329356193542,7.48636913299561,1.12512099742889,19.5771522521973,50.832088470459,155.770141601563,0,0,12.4003210067749,1.75296747684479,
55,0,81.67923737,0,0,0,32.93914032,0,4.689307213,0,2.161306143,0,20.68472481,8.58948040008545,0.64656001329422,7.54098987579346,1.13400721549988,19.2021999359131,51.0635070800781,155.714828491211,0,0,12.2498159408569,1.7649085521698,
56,0,82.46297455,0,0,0,33.10279465,0,4.716964722,0,2.165036201,0,20.79564285,8.64044284820557,0.647743880748749,7.59376955032349,1.14254260063171,18.8371047973633,51.2941665649414,155.661560058594,0,0,12.1116504669189,1.776407122612,
57,0,83.21148682,0,0,0,33.25887299,0,4.743425846,0,2.168612242,0,20.90120697,8.68935489654541,0.648882210254669,7.64471054077148,1.15073454380035,18.4818649291992,51.5239143371582,155.610290527344,0,0,11.9849987030029,1.78746902942657,
58,0,83.92917633,0,0,0,33.40832901,0,4.76883173,0,2.172053337,0,21.00209045,8.73627662658691,0.649976193904877,7.69382476806641,1.15859127044678,18.1364555358887,51.7525901794434,155.561004638672,0,0,11.8690814971924,1.79810118675232,
59,0,84.61608124,0,0,0,33.55117035,0,4.793188095,0,2.175358057,0,21.09834099,8.78129291534424,0.651027679443359,7.74113750457764,1.16612267494202,17.8008251190186,51.9800605773926,155.513671875,0,0,11.7631750106812,1.80831396579742,
60,0,85.27005768,0,0,0,33.6869812,0,4.816408634,0,2.178514719,0,21.18970299,8.82442951202393,0.652036607265472,7.78666496276855,1.17333650588989,17.4749050140381,52.2061882019043,155.468246459961,0,0,11.6665821075439,1.81811416149139,
61,0,85.89766693,0,0,0,33.81714249,0,4.838721275,0,2.181553125,0,21.27713013,8.86575031280518,0.653004288673401,7.83043766021729,1.18024230003357,17.1586074829102,52.4308433532715,155.424713134766,0,0,11.5786561965942,1.82751178741455,
62,0,86.49676514,0,0,0,33.94125748,0,4.860048771,0,2.184462547,0,21.36035919,8.90533828735352,0.653932869434357,7.87249612808228,1.18685114383698,16.8518257141113,52.6539077758789,155.383026123047,0,0,11.4987983703613,1.83651983737946,
63,0,87.06956482,0,0,0,34.05976868,0,4.880466938,0,2.187252045,0,21.43973541,8.94324779510498,0.654823303222656,7.9128794670105,1.19317269325256,16.5544414520264,52.8752670288086,155.343170166016,0,0,11.4264364242554,1.84514927864075,
64,0,87.61608124,0,0,0,34.17270279,0,4.899970055,0,2.189920187,0,21.51527786,8.97953319549561,0.655676603317261,7.95162725448608,1.19921684265137,16.266321182251,53.0948181152344,155.305114746094,0,0,11.3610363006592,1.85341167449951,
65,0,88.1384964,0,0,0,34.28053665,0,4.918637753,0,2.192477465,0,21.58732224,9.01425266265869,0.656493961811066,7.98878383636475,1.20499336719513,15.9873218536377,53.3124656677246,155.268814086914,0,0,11.3020973205566,1.86131870746613,
66,0,88.63684845,0,0,0,34.38329697,0,4.936463356,0,2.194922447,0,21.65589142,9.04746437072754,0.657276630401611,8.02439498901367,1.21051239967346,15.7172889709473,53.5281181335449,155.234237670898,0,0,11.2491502761841,1.86888229846954,
67,0,89.111160279999993,0,0,0,34.48100662,0,4.953444481,0,2.197255135,0,21.72102356,9.07920360565186,0.658025145530701,8.05850124359131,1.2157826423645,15.4560604095459,53.7416915893555,155.201354980469,0,0,11.2017488479614,1.87611305713654,
68,0,89.56578064,0,0,0,34.574543,0,4.969738483,0,2.199495316,0,21.78331947,9.10953998565674,0.658741235733032,8.09115314483643,1.22081422805786,15.2034673690796,53.9531059265137,155.170120239258,0,0,11.1594839096069,1.8830235004425,
69,0,90.00074005,0,0,0,34.66396713,0,4.98534584,0,2.201643467,0,21.84280968,9.13856506347656,0.659427404403687,8.12240886688232,1.22561848163605,14.9593334197998,54.1623001098633,155.140533447266,0,0,11.1219787597656,1.88962888717651,
70,0,90.41386414,0,0,0,34.74880981,0,5.000179768,0,2.203687429,0,21.89920807,9.16631126403809,0.660083889961243,8.15231418609619,1.2302041053772,14.7234792709351,54.3692016601563,155.112533569336,0,0,11.0888700485229,1.89594006538391,
71,0,90.80734253,0,0,0,34.82952499,0,5.014320374,0,2.205637693,0,21.95283127,9.19279670715332,0.660710752010345,8.18090629577637,1.23457849025726,14.495719909668,54.5737648010254,155.08610534668,0,0,11.0598134994507,1.90196549892426,
72,0,91.1833725,0,0,0,34.90662384,0,5.027848721,0,2.207504988,0,22.0039959,9.2180814743042,0.661309540271759,8.20823574066162,1.23875057697296,14.2758665084839,54.7759284973145,155.061233520508,0,0,11.0344934463501,1.90771675109863,
73,0,91.54411316,0,0,0,34.9805069,0,5.040836334,0,2.209299088,0,22.0529995,9.24225234985352,0.661882698535919,8.23435974121094,1.24273073673248,14.0637292861938,54.9756507873535,155.037857055664,0,0,11.0126256942749,1.91320824623108,
74,0,91.88524628,0,0,0,35.05033875,0,5.053125858,0,2.210998535,0,22.09927177,9.26533699035645,0.662430465221405,8.25932025909424,1.24652659893036,13.8591156005859,55.1728935241699,155.015960693359,0,0,10.9939317703247,1.91844964027405,
75,0,92.21112061,0,0,0,35.11696625,0,5.064875126,0,2.212624311,0,22.14341164,9.28735256195068,0.662952780723572,8.28315448760986,1.25014472007751,13.6618328094482,55.367618560791,154.995513916016,0,0,10.9781475067139,1.92344892024994,
76,0,92.52391052,0,0,0,35.18088531,0,5.076159477,0,2.214186907,0,22.18572044,9.30838203430176,0.663452327251434,8.30591773986816,1.25359451770782,13.4716873168945,55.5597915649414,154.976486206055,0,0,10.9650421142578,1.92821896076202,
77,0,92.81929016,0,0,0,35.24122238,0,5.086825848,0,2.215664625,0,22.2256279,9.32845401763916,0.663929402828217,8.32765007019043,1.2568831443786601,13.2884855270386,55.7493896484375,154.958847045898,0,0,10.9543905258179,1.93276917934418,
78,0,93.1037674,0,0,0,35.29928207,0,5.097102165,0,2.217089653,0,22.26401138,9.3476095199585,0.66438490152359,8.3483943939209,1.26001763343811,13.1120347976685,55.9363975524902,154.942565917969,0,0,10.9459848403931,1.93710887432098,
79,0,93.37300873,0,0,0,35.35416794,0,5.106836796,0,2.218439817,0,22.30029678,9.36589813232422,0.66482013463974,8.36819362640381,1.26300537586212,12.9421424865723,56.120792388916,154.927627563477,0,0,10.9396352767944,1.94124782085419,
80,0,93.62919617,0,0,0,35.40640259,0,5.116103649,0,2.219726324,0,22.33478737,9.38332653045654,0.665234744548798,8.38708019256592,1.26585161685944,12.7786197662354,56.3025550842285,154.914001464844,0,0,10.9351530075073,1.94519281387329,
81,0,93.87449646,0,0,0,35.45634842,0,5.124978542,0,2.220959187,0,22.36777496,9.39994621276855,0.665630400180817,8.40509510040283,1.26856327056885,12.6212778091431,56.4816818237305,154.901657104492,0,0,10.9323740005493,1.9489529132843,
82,0,94.10674286,0,0,0,35.50363922,0,5.133388996,0,2.222127676,0,22.39897728,9.41579055786133,0.666007697582245,8.42227554321289,1.27114629745483,12.4699296951294,56.6581611633301,154.890533447266,0,0,10.9311399459839,1.95253658294678,
83,0,94.33029175,0,0,0,35.54912567,0,5.141489506,0,2.223253489,0,22.42898178,9.43090534210205,0.666367888450623,8.43866062164307,1.27360701560974,12.3243913650513,56.8319931030273,154.880645751953,0,0,10.9313106536865,1.95595240592957,
84,0,94.540802,0,0,0,35.59192657,0,5.149118423,0,2.22431469,0,22.45720673,9.4453182220459,0.666711390018463,8.45428276062012,1.27595090866089,12.1844816207886,57.0031814575195,154.871963500977,0,0,10.9327487945557,1.95920729637146,
85,0,94.74259949,0,0,0,35.63294601,0,5.156436443,0,2.225332975,0,22.48424911,9.45904541015625,0.66703861951828,8.46917343139648,1.27818274497986,12.0500221252441,57.1717185974121,154.864456176758,0,0,10.9353275299072,1.96230757236481,
86,0,94.935714720000007,0,0,0,35.67216492,0,5.163440704,0,2.226308107,0,22.5100975,9.47214698791504,0.667351186275482,8.48336982727051,1.28030896186829,11.9208374023438,57.3376159667969,154.85807800293,0,0,10.9389362335205,1.96526253223419,
87,0,95.11795044,0,0,0,35.70918274,0,5.170054913,0,2.227229118,0,22.53447723,9.48463439941406,0.667649209499359,8.49690246582031,1.2823338508606,11.7967548370361,57.5008773803711,154.852844238281,0,0,10.9434661865234,1.96807765960693,
88,0,95.29150391,0,0,0,35.7444191,0,5.176357269,0,2.228106976,0,22.55767822,9.4965181350708,0.667932689189911,8.50979328155518,1.28426122665405,11.6776065826416,57.6615142822266,154.848693847656,0,0,10.9488134384155,1.97075796127319,
89,0,95.45854187,0,0,0,35.77830124,0,5.182422161,0,2.228952408,0,22.57999039,9.50784969329834,0.668203234672546,8.52207851409912,1.28609669208527,11.5632257461548,57.8195419311523,154.845611572266,0,0,10.9548921585083,1.97331130504608,
90,0,95.61471558,0,0,0,35.80997849,0,5.188096523,0,2.229743242,0,22.60083771,9.51863861083984,0.668460786342621,8.53378200531006,1.28784382343292,11.4534521102905,57.974967956543,154.843566894531,0,0,10.9616136550903,1.97574257850647,
91,0,95.76654053,0,0,0,35.84074783,0,5.193615437,0,2.230512857,0,22.62108994,9.52891540527344,0.668706178665161,8.54492950439453,1.28950691223145,11.348126411438,58.1278076171875,154.842559814453,0,0,10.9688997268677,1.97805762290955,
92,0,95.90968323,0,0,0,35.86976624,0,5.198821545,0,2.2312388420000002,0,22.64017487,9.53872585296631,0.668940722942352,8.55555248260498,1.291090965271,11.2470941543579,58.2780799865723,154.842544555664,0,0,10.9766845703125,1.98026347160339,
93,0,96.04631042,0,0,0,35.89744186,0,5.203788757,0,2.231931686,0,22.6583786,9.54806900024414,0.669164001941681,8.56567192077637,1.2925990819931,11.1502056121826,58.4258079528809,154.843505859375,0,0,10.9848985671997,1.98236405849457,
94,0,96.17642212,0,0,0,35.92379761,0,5.20852375,0,2.232592583,0,22.67570877,9.55697250366211,0.669376790523529,8.57531261444092,1.29403483867645,11.0573129653931,58.5710105895996,154.845428466797,0,0,10.9934797286987,1.98436450958252,
95,0,96.30002594,0,0,0,35.94882965,0,5.213023663,0,2.233220339,0,22.69215965,9.56545257568359,0.66957950592041,8.58449459075928,1.29540157318115,10.9682741165161,58.7137069702148,154.848281860352,0,0,11.0023736953735,1.98626935482025,
96,0,96.41711426,0,0,0,35.97252274,0,5.217282295,0,2.233815432,0,22.70773506,9.57351779937744,0.669772267341614,8.59323692321777,1.29670226573944,10.8829488754272,58.8539199829102,154.85205078125,0,0,11.0115251541138,1.98808228969574,
97,0,96.52986145,0,0,0,35.99533081,0,5.221389771,0,2.234388828,0,22.72272682,9.58120155334473,0.669955968856812,8.60156059265137,1.29794025421143,10.8012018203735,58.9916725158691,154.856689453125,0,0,11.0208883285522,1.98980832099915,
98,0,96.63609314,0,0,0,36.016819,0,5.225256443,0,2.234929085,0,22.73684692,9.58852195739746,0.670131087303162,8.60948848724365,1.29911863803864,10.7229022979736,59.1269950866699,154.862213134766,0,0,11.0304203033447,1.99145150184631,
99,0,96.73799133,0,0,0,36.03742218,0,5.22896862,0,2.235447645,0,22.75038338,9.59549045562744,0.670297741889954,8.61703586578369,1.30024015903473,10.6479215621948,59.2599067687988,154.868576049805,0,0,11.0400810241699,1.99301552772522,
100,0,96.83338165,0,0,0,36.05670166,0,5.232444286,0,2.235933065,0,22.76305008,9.60211563110352,0.670456111431122,8.62421894073486,1.30130696296692,10.5761346817017,59.3904342651367,154.875762939453,0,0,11.0498323440552,1.99450361728668,
101,0,96.9265976,0,0,0,36.07556534,0,5.235841274,0,2.236408234,0,22.77542877,9.60842609405518,0.670607089996338,8.63105773925781,1.30232226848602,10.5074214935303,59.5186080932617,154.883773803711,0,0,11.0596446990967,1.99592006206512,
102,0,97.01329803,0,0,0,36.09307861,0,5.239003181,0,2.236849785,0,22.78693008,9.61444187164307,0.670751094818115,8.63756942749023,1.3032888174057,10.4416646957397,59.6444511413574,154.892562866211,0,0,11.0694885253906,1.99726891517639,
103,0,97.09784698,0,0,0,36.11016846,0,5.242084026,0,2.237280846,0,22.79814911,9.62017250061035,0.670888304710388,8.64377021789551,1.30420875549316,10.3787508010864,59.7680015563965,154.902130126953,0,0,11.0793380737305,1.99855291843414,
104,0,97.1758728,0,0,0,36.12591934,0,5.244930744,0,2.237678528,0,22.80849457,9.62562656402588,0.671018838882446,8.64967250823975,1.30508410930634,10.3185720443726,59.8892822265625,154.912445068359,0,0,11.089165687561,1.99977493286133,
105,0,97.2517395,0,0,0,36.14125443,0,5.247695923,0,2.238065481,0,22.81855392,9.63080787658691,0.67114269733429,8.65528774261475,1.30591666698456,10.2610206604004,60.0083198547363,154.923492431641,0,0,11.0989475250244,2.00093722343445,
106,0,97.32327271,0,0,0,36.15568542,0,5.250305176,0,2.2384305,0,22.82803345,9.63574314117432,0.671260893344879,8.66063213348389,1.3067090511322,10.2059936523438,60.1251487731934,154.935241699219,0,0,11.1086673736572,2.00204348564148,
107,0,97.3926239,0,0,0,36.16968155,0,5.252836227,0,2.238784313,0,22.83721924,9.64045143127441,0.671373724937439,8.66572093963623,1.30746340751648,10.1533918380737,60.2397994995117,154.947692871094,0,0,11.1183090209961,2.00309705734253,
108,0,97.4576416,0,0,0,36.18282318,0,5.255209446,0,2.23911643,0,22.84583473,9.64494228363037,0.671481370925903,8.67056846618652,1.30818164348602,10.1031198501587,60.3523025512695,154.960815429688,0,0,11.1278562545776,2.00410056114197,
109,0,97.51832581,0,0,0,36.19506454,0,5.257423401,0,2.239426136,0,22.85386848,9.64919757843018,0.671583116054535,8.67517757415771,1.30886435508728,10.0550832748413,60.4626846313477,154.974594116211,0,0,11.1372900009155,2.00505423545837,
110,0,97.57684326,0,0,0,36.20689011,0,5.259560585,0,2.239724874,0,22.86161804,9.65323162078857,0.671679437160492,8.6795597076416,1.30951309204102,10.0091924667358,60.5709762573242,154.989013671875,0,0,11.146595954895,2.00596046447754,
111,0,97.63318634,0,0,0,36.21825027,0,5.261618137,0,2.240012884,0,22.86907387,9.65707778930664,0.671771466732025,8.68373107910156,1.31013035774231,9.96536159515381,60.6772079467773,155.00407409668,0,0,11.1557683944702,2.00682282447815,
112,0,97.68736267,0,0,0,36.22916031,0,5.263595104,0,2.24028945,0,22.87624168,9.66075611114502,0.671859681606293,8.68770313262939,1.31071853637695,9.92350578308105,60.7814140319824,155.019744873047,0,0,11.1648006439209,2.00764465332031,
113,0,97.73719788,0,0,0,36.23923492,0,5.265414715,0,2.240544558,0,22.8828373,9.6642541885376,0.671943545341492,8.69148349761963,1.3112781047821,9.88354587554932,60.8836250305176,155.036010742188,0,0,11.1736812591553,2.00842666625977,
114,0,97.78704071,0,0,0,36.24928284,0,5.267232895,0,2.24079895,0,22.88942909,9.66758918762207,0.67202353477478,8.69508361816406,1.31181085109711,9.84540367126465,60.9838752746582,155.052871704102,0,0,11.1824045181274,2.0091712474823,
115,0,97.83255005,0,0,0,36.25844955,0,5.26889658,0,2.241031885,0,22.89544678,9.67077255249023,0.672099947929382,8.69851303100586,1.31231832504272,9.80900287628174,61.0821876525879,155.070281982422,0,0,11.1909666061401,2.00988078117371,
116,0,97.87589264,0,0,0,36.26718903,0,5.270479679,0,2.241253376,0,22.90117836,9.67378711700439,0.672172129154205,8.70177268981934,1.31280052661896,9.77427196502686,61.1786041259766,155.088241577148,0,0,11.1993560791016,2.01055479049683,
117,0,97.91706085,0,0,0,36.27549744,0,5.271981716,0,2.2414639,0,22.90662003,9.67664623260498,0.672240555286407,8.70487117767334,1.31325876712799,9.7411413192749,61.2731437683105,155.106735229492,0,0,11.2075681686401,2.01119518280029,
118,0,97.95823669,0,0,0,36.28379822,0,5.273488045,0,2.241674662,0,22.91206551,9.67938327789307,0.67230623960495,8.70782375335693,1.3136955499649,9.70954322814941,61.3658409118652,155.125762939453,0,0,11.2156057357788,2.01180577278137,
119,0,97.99506378,0,0,0,36.29123306,0,5.274832249,0,2.241863012,0,22.91693115,9.68199443817139,0.672368884086609,8.7106351852417,1.31411147117615,9.67941284179688,61.4567260742188,155.145294189453,0,0,11.2234659194946,2.01238751411438,
120,0,98.02973175,0,0,0,36.29820633,0,5.276098251,0,2.242040157,0,22.9215107,9.68445014953613,0.672427475452423,8.71330451965332,1.31450593471527,9.65068912506104,61.5458297729492,155.165328979492,0,0,11.2311382293701,2.01293897628784,
121,0,98.06439972,0,0,0,36.30520248,0,5.277365685,0,2.242217779,0,22.92609215,9.6867847442627,0.672483265399933,8.71584224700928,1.3148809671402,9.62331104278564,61.6331787109375,155.185836791992,0,0,11.2386255264282,2.01346325874329,
122,0,98.09689331,0,0,0,36.31174469,0,5.278554916,0,2.242384195,0,22.93038559,9.68902015686035,0.672536909580231,8.71825981140137,1.31523811817169,9.59722137451172,61.718807220459,155.206817626953,0,0,11.2459297180176,2.0139627456665,
123,0,98.12723541,0,0,0,36.31785965,0,5.27966404,0,2.242539406,0,22.93439484,9.69114398956299,0.672587752342224,8.72055816650391,1.31557774543762,9.57236480712891,61.8027458190918,155.228271484375,0,0,11.2530488967896,2.0144376754760702,
124,0,98.15756989,0,0,0,36.32397079,0,5.280772209,0,2.242694855,0,22.93839836,9.69317054748535,0.672636389732361,8.72274684906006,1.31590104103088,9.54868698120117,61.8850212097168,155.250152587891,0,0,11.2599859237671,2.01488995552063,
125,0,98.18572998,0,0,0,36.32965088,0,5.281800747,0,2.24283886,0,22.94211578,9.69511222839355,0.672683119773865,8.72483253479004,1.3162093162536601,9.52613735198975,61.9656600952148,155.2724609375,0,0,11.2667446136475,2.0153214931488,
126,0,98.21173096,0,0,0,36.33488083,0,5.28275156,0,2.242972136,0,22.94555092,9.69695091247559,0.672727227210999,8.72681617736816,1.31650233268738,9.50466728210449,62.0446968078613,155.295196533203,0,0,11.2733192443848,2.01573157310486,
127,0,98.23773193,0,0,0,36.34012222,0,5.283702374,0,2.243105173,0,22.94898415,9.69870090484619,0.67276918888092,8.72870349884033,1.31678116321564,9.48422908782959,62.1221542358398,155.318344116211,0,0,11.2797136306763,2.01612162590027,
128,0,98.26156616,0,0,0,36.34494019,0,5.284574032,0,2.243227243,0,22.95213127,9.7003698348999,0.672809183597565,8.73050022125244,1.31704676151276,9.46477699279785,62.1980628967285,155.341888427734,0,0,11.2859296798706,2.01649332046509,
129,0,98.28539276,0,0,0,36.34972382,0,5.285442829,0,2.243349314,0,22.95527458,9.70196342468262,0.672847449779511,8.73221206665039,1.31729972362518,9.44626808166504,62.2724533081055,155.365814208984,0,0,11.2919702529907,2.01684737205505,
130,0,98.30706024,0,0,0,36.3540802,0,5.286235809,0,2.243460178,0,22.9581337,9.70348358154297,0.672884047031403,8.73384284973145,1.31754076480865,9.42866039276123,62.3453521728516,155.390106201172,0,0,11.2978382110596,2.01718473434448,
131,0,98.32656097,0,0,0,36.35800552,0,5.286949158,0,2.243560076,0,22.96070671,9.70491027832031,0.672918021678925,8.73538875579834,1.31776928901672,9.41191387176514,62.4167823791504,155.414764404297,0,0,11.3035306930542,2.01750421524048,
132,0,98.34605408,0,0,0,36.36194611,0,5.28766346,0,2.243660212,0,22.96328163,9.7062520980835,0.672949910163879,8.73685646057129,1.31798589229584,9.39598941802979,62.4867782592773,155.439788818359,0,0,11.3090496063232,2.01780700683594,
133,0,98.36555481,0,0,0,36.36587143,0,5.288375378,0,2.243760347,0,22.96585655,9.70754146575928,0.672980904579163,8.73825359344482,1.31819224357605,9.38084983825684,62.5553550720215,155.465148925781,0,0,11.3144025802612,2.01809549331665,
134,0,98.38288879,0,0,0,36.36936188,0,5.289007664,0,2.243848801,0,22.96814156,9.70877170562744,0.673010408878326,8.73958396911621,1.31838870048523,9.36645889282227,62.6225433349609,155.490844726563,0,0,11.3195934295654,2.01837038993835,
135,0,98.400222779999993,0,0,0,36.37284851,0,5.289643288,0,2.243937731,0,22.97042656,9.70994186401367,0.673038423061371,8.74084949493408,1.31857550144196,9.35278511047363,62.6883773803711,155.516860961914,0,0,11.3246221542358,2.01863169670105,
136,0,98.41538239,0,0,0,36.37590408,0,5.290194988,0,2.244015455,0,22.97242928,9.7110481262207,0.673064947128296,8.74205112457275,1.31875288486481,9.33979320526123,62.7528648376465,155.543197631836,0,0,11.3294916152954,2.01887965202332,
137,0,98.43271637,0,0,0,36.37939835,0,5.290832043,0,2.244104385,0,22.97471619,9.71211433410645,0.673090696334839,8.74319744110107,1.31892216205597,9.32745361328125,62.816047668457,155.56982421875,0,0,11.334210395813,2.01911664009094,
138,0,98.44571686,0,0,0,36.38201141,0,5.291306496,0,2.244170904,0,22.97642899,9.71313190460205,0.673115193843842,8.74428939819336,1.31908345222473,9.31573581695557,62.8779449462891,155.596755981445,0,0,11.3387794494629,2.01934242248535,
139,0,98.46087646,0,0,0,36.38505936,0,5.291861534,0,2.244248629,0,22.97842789,9.71409320831299,0.673138201236725,8.74532699584961,1.31923651695251,9.30461120605469,62.9385795593262,155.623962402344,0,0,11.3431997299194,2.01955676078796,
140,0,98.47387695,0,0,0,36.38767624,0,5.292335987,0,2.244315147,0,22.98014069,9.71501922607422,0.673160493373871,8.74631690979004,1.31938278675079,9.29405307769775,62.9979820251465,155.651458740234,0,0,11.3474779129028,2.01976156234741,
141,0,98.48687744,0,0,0,36.39030838,0,5.292811871,0,2.244381905,0,22.98186111,9.71589756011963,0.673181593418121,8.74725914001465,1.31952202320099,9.28403377532959,63.0561676025391,155.679229736328,0,0,11.3516159057617,2.01995635032654,
142,0,98.49770355,0,0,0,36.39247131,0,5.293206215,0,2.244437218,0,22.983284,9.716721534729,0.673201262950897,8.74815368652344,1.31965398788452,9.27452945709229,63.1131629943848,155.707260131836,0,0,11.3556146621704,2.02014088630676,
143,0,98.50853729,0,0,0,36.39464569,0,5.293604374,0,2.244492769,0,22.9847126,9.71748733520508,0.673219263553619,8.74899768829346,1.31977844238281,9.2655143737793,63.1689834594727,155.73551940918,0,0,11.3594741821289,2.02031493186951,
144,0,98.5193634,0,0,0,36.39683914,0,5.294001579,0,2.244548559,0,22.98614311,9.71821689605713,0.673236668109894,8.74979972839355,1.31989669799805,9.25696754455566,63.2236633300781,155.764038085938,0,0,11.3632011413574,2.0204801559448202,
145,0,98.53019714,0,0,0,36.39901352,0,5.294395447,0,2.244603872,0,22.98756981,9.71892261505127,0.6732537150383,8.75056457519531,1.32000958919525,9.24886512756348,63.277214050293,155.792785644531,0,0,11.3668031692505,2.02063798904419,
146,0,98.54103851,0,0,0,36.40120316,0,5.294791222,0,2.244659424,0,22.98900032,9.71961307525635,0.673270583152771,8.75129795074463,1.32011795043945,9.24118709564209,63.3296661376953,155.82177734375,0,0,11.370285987854,2.0207896232605,
147,0,98.54969788,0,0,0,36.40293884,0,5.295107841,0,2.24470377,0,22.99014282,9.72026920318604,0.673286437988281,8.75199604034424,1.3202211856842,9.23391151428223,63.3810348510742,155.850982666016,0,0,11.3736505508423,2.02093434333801,
148,0,98.55835724,0,0,0,36.40468597,0,5.295425892,0,2.244748354,0,22.99128342,9.72088050842285,0.673300981521606,8.75265789031982,1.32031881809235,9.22702121734619,63.4313507080078,155.880386352539,0,0,11.3768949508667,2.02107095718384,
149,0,98.56702423,0,0,0,36.40642548,0,5.295743465,0,2.2447927,0,22.99242592,9.72146320343018,0.673314869403839,8.75328731536865,1.3204118013382,9.22049713134766,63.4806289672852,155.910003662109,0,0,11.3800258636475,2.02120089530945,
150,0,98.57569122,0,0,0,36.40818405,0,5.296061993,0,2.244837284,0,22.99357033,9.72202777862549,0.673328459262848,8.7538890838623,1.32050061225891,9.21432113647461,63.5288887023926,155.939819335938,0,0,11.3830490112305,2.02132558822632,
151,0,98.58219147,0,0,0,36.40948868,0,5.296298504,0,2.244870663,0,22.99442673,9.72255611419678,0.67334109544754,8.75446033477783,1.32058477401733,9.20847702026367,63.5761528015137,155.969818115234,0,0,11.3859634399414,2.02144360542297,
152,0,98.59085083,0,0,0,36.41122055,0,5.296615601,0,2.24491477,0,22.99556732,9.72306156158447,0.67335319519043,8.75500297546387,1.3206650018692,9.20294857025146,63.6224403381348,156.000015258789,0,0,11.3887748718262,2.02155590057373,
153,0,98.59735107,0,0,0,36.41252899,0,5.296854019,0,2.244948387,0,22.99642563,9.72355270385742,0.673365116119385,8.75552272796631,1.32074189186096,9.19772052764893,63.6677665710449,156.030380249023,0,0,11.3914880752563,2.02166366577148,
154,0,98.60384369,0,0,0,36.41383743,0,5.29709053,0,2.244981527,0,22.99728012,9.72400951385498,0.673376023769379,8.75601577758789,1.3208146095275899,9.19277763366699,63.7121620178223,156.060928344727,0,0,11.3941020965576,2.02176570892334,
155,0,98.61034393,0,0,0,36.41514206,0,5.297327518,0,2.245014906,0,22.99813843,9.72444438934326,0.67338639497757,8.75648498535156,1.32088387012482,9.18810653686523,63.7556304931641,156.091644287109,0,0,11.3966217041016,2.02186250686646,
156,0,98.61468506,0,0,0,36.41601563,0,5.297485352,0,2.245037079,0,22.99870872,9.72484111785889,0.673395752906799,8.75692653656006,1.32094895839691,9.18369293212891,63.7981948852539,156.122512817383,0,0,11.3990459442139,2.02195358276367,
157,0,98.6211853,0,0,0,36.4173317,0,5.297726154,0,2.245070696,0,22.99956703,9.72521495819092,0.673404633998871,8.75734424591064,1.32101035118103,9.17952442169189,63.8398666381836,156.153533935547,0,0,11.4013776779175,2.02203941345215,
158,0,98.62768555,0,0,0,36.41864014,0,5.297963619,0,2.245104074,0,23.00042534,9.72560024261475,0.673414051532745,8.7577486038208,1.3210700750351,9.17558860778809,63.8806762695313,156.184707641602,0,0,11.4036302566528,2.02212309837341,
159,0,98.63200378,0,0,0,36.41949844,0,5.298119068,0,2.245126009,0,23.00099182,9.72596454620361,0.673422932624817,8.75813388824463,1.32112693786621,9.17187404632568,63.9206428527832,156.216018676758,0,0,11.405800819397,2.02220273017883,
160,0,98.63635254,0,0,0,36.4203949,0,5.29828167,0,2.24514842,0,23.00156784,9.72629261016846,0.673430681228638,8.75849628448486,1.32118022441864,9.16836929321289,63.959774017334,156.247467041016,0,0,11.4078874588013,2.02227735519409,
161,0,98.64067841,0,0,0,36.4212532,0,5.298438072,0,2.245170593,0,23.00213623,9.72659873962402,0.673437893390656,8.75883865356445,1.32123053073883,9.16506481170654,63.9980850219727,156.279052734375,0,0,11.409893989563,2.02234768867493,
162,0,98.6450119,0,0,0,36.42213058,0,5.298595428,0,2.245192766,0,23.00270653,9.72688961029053,0.673444747924805,8.75916290283203,1.32127821445465,9.16195011138916,64.0355911254883,156.310760498047,0,0,11.4118232727051,2.02241444587708,
163,0,98.6493454,0,0,0,36.42299271,0,5.298755646,0,2.245214939,0,23.00327873,9.72717094421387,0.673451542854309,8.75947189331055,1.32132375240326,9.15901470184326,64.0723190307617,156.342575073242,0,0,11.4136800765991,2.0224781036377,
164,0,98.65367126,0,0,0,36.42386627,0,5.298912525,0,2.245237112,0,23.00384712,9.72744655609131,0.673458218574524,8.75976753234863,1.32136738300323,9.15625,64.1082763671875,156.37451171875,0,0,11.4154682159424,2.02253890037537,
165,0,98.65800476,0,0,0,36.42474365,0,5.299073219,0,2.245259285,0,23.00442123,9.72772026062012,0.673464894294739,8.76005172729492,1.32140946388245,9.15364742279053,64.1434860229492,156.406555175781,0,0,11.4171915054321,2.02259755134583,
166,0,98.66017914,0,0,0,36.42517853,0,5.299150467,0,2.245270491,0,23.00470734,9.72796535491943,0.673470795154572,8.76031875610352,1.32144892215729,9.15119743347168,64.1779632568359,156.438705444336,0,0,11.4188470840454,2.02265286445618,
167,0,98.664505,0,0,0,36.42604828,0,5.299309731,0,2.245292664,0,23.00527573,9.72819328308105,0.673476219177246,8.76057147979736,1.32148623466492,9.14889335632324,64.2117156982422,156.470947265625,0,0,11.4204378128052,2.02270483970642,
168,0,98.6688385,0,0,0,36.42691422,0,5.299467564,0,2.245315075,0,23.00584602,9.72843647003174,0.673482239246368,8.76081848144531,1.32152271270752,9.14672756195068,64.244758605957,156.503295898438,0,0,11.4219732284546,2.02275609970093,
169,0,98.67100525,0,0,0,36.42736435,0,5.299547672,0,2.245326281,0,23.00613403,9.72866344451904,0.673487782478333,8.76105308532715,1.32155752182007,9.14469242095947,64.2771072387695,156.535720825195,0,0,11.4234495162964,2.02280497550964,
170,0,98.673172,0,0,0,36.42778778,0,5.299627781,0,2.245337248,0,23.00641823,9.72885608673096,0.673492193222046,8.76127147674561,1.32158958911896,9.14278125762939,64.3087768554688,156.568237304688,0,0,11.4248638153076,2.02284979820251,
171,0,98.67750549,0,0,0,36.42866898,0,5.29978466,0,2.245359421,0,23.00699043,9.72905158996582,0.673496901988983,8.76148128509521,1.32162058353424,9.14098739624023,64.3397827148438,156.600830078125,0,0,11.4262256622314,2.02289319038391,
172,0,98.67966461,0,0,0,36.42910004,0,5.299864769,0,2.245370626,0,23.00727463,9.729248046875,0.67350172996521,8.76168441772461,1.32165062427521,9.13930511474609,64.3701400756836,156.633499145508,0,0,11.4275369644165,2.02293539047241,
173,0,98.68183899,0,0,0,36.4295311,0,5.299945354,0,2.245381832,0,23.00755882,9.72942161560059,0.673505783081055,8.76187419891357,1.32167863845825,9.13772869110107,64.3998641967773,156.666259765625,0,0,11.4287948608398,2.02297472953796,
174,0,98.68400574,0,0,0,36.4299736,0,5.300022602,0,2.245392799,0,23.00784683,9.72957992553711,0.673509538173676,8.76205253601074,1.32170486450195,9.13625144958496,64.4289627075195,156.699081420898,0,0,11.4300012588501,2.02301120758057,
175,0,98.68616486,0,0,0,36.43040466,0,5.300101757,0,2.245403767,0,23.00813103,9.72972869873047,0.673512995243073,8.76222133636475,1.32172966003418,9.13486766815186,64.4574508666992,156.731979370117,0,0,11.4311599731445,2.02304577827454,
176,0,98.68833923,0,0,0,36.43083954,0,5.300182343,0,2.245415211,0,23.00841904,9.72987270355225,0.673516452312469,8.7623815536499,1.32175326347351,9.13357353210449,64.4853363037109,156.764938354492,0,0,11.4322729110718,2.02307868003845,
177,0,98.69049835,0,0,0,36.43126678,0,5.300259113,0,2.245426178,0,23.00870132,9.73001194000244,0.673519790172577,8.76253414154053,1.32177579402924,9.13236331939697,64.5126342773438,156.797958374023,0,0,11.4333419799805,2.02311015129089,
178,0,98.6926651,0,0,0,36.43172455,0,5.300339222,0,2.245437384,0,23.00898743,9.73014831542969,0.673523128032684,8.76268005371094,1.32179737091064,9.13123321533203,64.5393524169922,156.831024169922,0,0,11.4343700408936,2.02314043045044,
179,0,98.69483185,0,0,0,36.43214798,0,5.300419331,0,2.245448351,0,23.00927162,9.73028469085693,0.673526465892792,8.76282215118408,1.32181823253632,9.13017845153809,64.5655059814453,156.864120483398,0,0,11.4353580474854,2.02316975593567,
180,0,98.6969986,0,0,0,36.43258667,0,5.300500393,0,2.245459557,0,23.00955963,9.73042011260986,0.673529803752899,8.76295852661133,1.32183837890625,9.12919425964355,64.5911102294922,156.897277832031,0,0,11.4363088607788,2.02319812774658,
181,0,98.69915771,0,0,0,36.43301773,0,5.30057621,0,2.245470524,0,23.00984383,9.73055362701416,0.673533141613007,8.76309013366699,1.32185804843903,9.12827777862549,64.6161804199219,156.930465698242,0,0,11.4372243881226,2.02322578430176,
182,0,98.69915771,0,0,0,36.43301773,0,5.30057621,0,2.245470524,0,23.00984383,9.73066139221191,0.673535585403442,8.76321125030518,1.32187592983246,9.12742519378662,64.6407241821289,156.96369934082,0,0,11.4380989074707,2.02325081825256,
183,0,98.70133209,0,0,0,36.43345261,0,5.300656319,0,2.24548173,0,23.01012802,9.73075485229492,0.673537611961365,8.76332378387451,1.32189238071442,9.12663173675537,64.6647491455078,156.996978759766,0,0,11.4389362335205,2.02327370643616,
184,0,98.70349121,0,0,0,36.43389511,0,5.300736904,0,2.245492935,0,23.01041412,9.73086357116699,0.673540353775024,8.76343536376953,1.32190883159637,9.12589550018311,64.6882629394531,157.030288696289,0,0,11.4397439956665,2.02329707145691,
185,0,98.70349121,0,0,0,36.43389511,0,5.300736904,0,2.245492935,0,23.01041412,9.73095703125,0.673542559146881,8.76353931427002,1.32192397117615,9.12521171569824,64.7112884521484,157.063613891602,0,0,11.4405174255371,2.02331829071045,
186,0,98.70565796,0,0,0,36.43432236,0,5.300816536,0,2.245503902,0,23.01069832,9.73104095458984,0.673544406890869,8.76363563537598,1.3219381570816,9.12457847595215,64.7338180541992,157.096984863281,0,0,11.441258430481,2.02333807945251,
187,0,98.70783234,0,0,0,36.43475723,0,5.300893784,0,2.245515108,0,23.01098442,9.73114204406738,0.673547089099884,8.76373291015625,1.32195270061493,9.12399291992188,64.7558822631836,157.130386352539,0,0,11.4419736862183,2.02335858345032,
188,0,98.70783234,0,0,0,36.43475723,0,5.300893784,0,2.245515108,0,23.01098442,9.73123073577881,0.673549294471741,8.76382446289063,1.32196629047394,9.12345123291016,64.7774658203125,157.163803100586,0,0,11.4426593780518,2.02337765693665,
189,0,98.70999908,0,0,0,36.43520737,0,5.300974846,0,2.245526075,0,23.011272430000002,9.7313117980957,0.673551142215729,8.76391124725342,1.32197904586792,9.12295246124268,64.7986068725586,157.197235107422,0,0,11.4433164596558,2.02339553833008,
190,0,98.70999908,0,0,0,36.43520737,0,5.300974846,0,2.245526075,0,23.011272430000002,9.7313871383667,0.673552930355072,8.76399421691895,1.32199108600616,9.12249279022217,64.8192901611328,157.230682373047,0,0,11.4439468383789,2.02341270446777,
191,0,98.7121582,0,0,0,36.43564224,0,5.301054001,0,2.245537281,0,23.01155663,9.73145961761475,0.673554599285126,8.76407241821289,1.32200264930725,9.1220703125,64.8395385742188,157.264144897461,0,0,11.4445514678955,2.02342891693115,
192,0,98.7121582,0,0,0,36.43564224,0,5.301054001,0,2.245537281,0,23.01155663,9.73153018951416,0.673556327819824,8.76414775848389,1.32201373577118,9.12168216705322,64.8593597412109,157.297622680664,0,0,11.4451322555542,2.02344441413879,
193,0,98.71432495,0,0,0,36.43607712,0,5.301135063,0,2.245548487,0,23.01184273,9.73159980773926,0.673558056354523,8.76421928405762,1.32202434539795,9.12132740020752,64.8787612915039,157.331100463867,0,0,11.445689201355,2.02345943450928,
194,0,98.71432495,0,0,0,36.43607712,0,5.301135063,0,2.245548487,0,23.01184273,9.73166942596436,0.673559725284576,8.76428890228271,1.32203459739685,9.12100410461426,64.8977508544922,157.36457824707,0,0,11.4462242126465,2.02347373962402,
195,0,98.71432495,0,0,0,36.43607712,0,5.301135063,0,2.245548487,0,23.01184273,9.73171234130859,0.673560500144959,8.76434898376465,1.32204329967499,9.12070941925049,64.9163436889648,157.398056030273,0,0,11.4467325210571,2.02348566055298,
196,0,98.71649933,0,0,0,36.43651581,0,5.301212311,0,2.245559692,0,23.01212883,9.73176383972168,0.673561751842499,8.76440811157227,1.32205200195313,9.12044143676758,64.9345397949219,157.431533813477,0,0,11.4472208023071,2.02349758148193,
197,0,98.71649933,0,0,0,36.43651581,0,5.301212311,0,2.245559692,0,23.01212883,9.73182010650635,0.673563241958618,8.76446533203125,1.32206058502197,9.12019920349121,64.9523544311523,157.46501159668,0,0,11.4476909637451,2.02350974082947,
198,0,98.71649933,0,0,0,36.43651581,0,5.301212311,0,2.245559692,0,23.01212883,9.73185443878174,0.673563897609711,8.76451587677002,1.32206785678864,9.11998081207275,64.9697799682617,157.498474121094,0,0,11.4481382369995,2.02351999282837,
199,0,98.71865082,0,0,0,36.43693542,0,5.301290989,0,2.24557066,0,23.01241112,9.73190212249756,0.673565149307251,8.76456642150879,1.32207536697388,9.11978435516357,64.9868392944336,157.531936645508,0,0,11.4485683441162,2.02353024482727,
200,0,98.71865082,0,0,0,36.43693542,0,5.301290989,0,2.24557066,0,23.01241112,9.73195648193359,0.673566579818726,8.76461696624756,1.32208287715912,9.11960792541504,65.0035400390625,157.565399169922,0,0,11.4489831924438,2.02354097366333,
201,0,98.71865082,0,0,0,36.43693542,0,5.301290989,0,2.24557066,0,23.01241112,9.73198986053467,0.673567235469818,8.76466083526611,1.32208931446075,9.11945152282715,65.0198822021484,157.598846435547,0,0,11.4493770599365,2.02354979515076,
202,0,98.7208252,0,0,0,36.4373703,0,5.301371098,0,2.245581627,0,23.01269531,9.73203563690186,0.673568427562714,8.76470565795898,1.32209599018097,9.11931324005127,65.0358810424805,157.632278442383,0,0,11.4497575759888,2.02355909347534,
203,0,98.7208252,0,0,0,36.4373703,0,5.301371098,0,2.245581627,0,23.01269531,9.73208999633789,0.673569858074188,8.76475143432617,1.32210290431976,9.11919212341309,65.0515441894531,157.66569519043,0,0,11.4501247406006,2.02356886863709,
204,0,98.7208252,0,0,0,36.4373703,0,5.301371098,0,2.245581627,0,23.01269531,9.73212432861328,0.673570513725281,8.76479148864746,1.32210886478424,9.11908626556396,65.0668716430664,157.699096679688,0,0,11.4504737854004,2.02357697486877,
205,0,98.7208252,0,0,0,36.4373703,0,5.301371098,0,2.245581627,0,23.01269531,9.73214626312256,0.673570811748505,8.76482677459717,1.3221138715744,9.11899566650391,65.0818710327148,157.732482910156,0,0,11.4508047103882,2.02358388900757,
206,0,98.72299194,0,0,0,36.43780518,0,5.301448345,0,2.245592833,0,23.01298332,9.7321834564209,0.673571884632111,8.76486396789551,1.32211935520172,9.11891937255859,65.096549987793,157.765838623047,0,0,11.4511260986328,2.02359175682068,
207,0,98.72299194,0,0,0,36.43780518,0,5.301448345,0,2.245592833,0,23.01298332,9.73223114013672,0.67357325553894,8.76490306854248,1.3221253156662,9.11885547637939,65.1109237670898,157.799163818359,0,0,11.4514360427856,2.02360010147095,
208,0,98.72299194,0,0,0,36.43780518,0,5.301448345,0,2.245592833,0,23.01298332,9.73226165771484,0.673573970794678,8.76493644714355,1.32213032245636,9.11880302429199,65.1249771118164,157.832473754883,0,0,11.4517307281494,2.02360701560974,
209,0,98.72299194,0,0,0,36.43780518,0,5.301448345,0,2.245592833,0,23.01298332,9.73228073120117,0.67357426881790206,8.76496601104736,1.32213461399078,9.11876201629639,65.1387405395508,157.865753173828,0,0,11.4520111083984,2.02361273765564,
210,0,98.72299194,0,0,0,36.43780518,0,5.301448345,0,2.245592833,0,23.01298332,9.73229217529297,0.673574388027191,8.76499176025391,1.32213830947876,9.11873149871826,65.1522064208984,157.899017333984,0,0,11.4522762298584,2.0236177444458,
211,0,98.72515869,0,0,0,36.43824768,0,5.301528931,0,2.245604038,0,23.01326942,9.73232460021973,0.673575341701508,8.7650203704834,1.32214260101318,9.1187105178833,65.1653900146484,157.932235717773,0,0,11.4525346755981,2.02362394332886,
212,0,98.72515869,0,0,0,36.43824768,0,5.301528931,0,2.245604038,0,23.01326942,9.73237037658691,0.673576712608337,8.76505184173584,1.32214748859406,9.11869812011719,65.1782913208008,157.965423583984,0,0,11.4527864456177,2.02363085746765,
213,0,98.72515869,0,0,0,36.43824768,0,5.301528931,0,2.245604038,0,23.01326942,9.73239898681641,0.67357736825943,8.76507949829102,1.32215166091919,9.11869430541992,65.1909255981445,157.998580932617,0,0,11.4530258178711,2.02363657951355,
214,0,98.72515869,0,0,0,36.43824768,0,5.301528931,0,2.245604038,0,23.01326942,9.73241710662842,0.673577606678009,8.76510334014893,1.32215523719788,9.11869812011719,65.2032928466797,158.031707763672,0,0,11.4532527923584,2.02364158630371,
215,0,98.72515869,0,0,0,36.43824768,0,5.301528931,0,2.245604038,0,23.01326942,9.73242855072021,0.673577725887299,8.76512432098389,1.32215821743011,9.11870765686035,65.2153854370117,158.064804077148,0,0,11.4534683227539,2.02364563941956,
216,0,98.72515869,0,0,0,36.43824768,0,5.301528931,0,2.245604038,0,23.01326942,9.73243522644043,0.673577845096588,8.7651424407959,1.32216084003448,9.11872482299805,65.2272262573242,158.097854614258,0,0,11.4536724090576,2.02364897727966,
217,0,98.72515869,0,0,0,36.43824768,0,5.301528931,0,2.245604038,0,23.01326942,9.73243999481201,0.673577845096588,8.76515865325928,1.3221629858017,9.11874771118164,65.2388076782227,158.130859375,0,0,11.4538660049438,2.02365183830261,
218,0,98.72731781,0,0,0,36.43869019,0,5.301608562,0,2.245615244,0,23.01355362,9.73246765136719,0.673578798770905,8.76517868041992,1.32216608524323,9.11877536773682,65.2501373291016,158.163818359375,0,0,11.4540567398071,2.02365636825562,
219,0,98.72731781,0,0,0,36.43869019,0,5.301608562,0,2.245615244,0,23.01355362,9.73250961303711,0.673580050468445,8.76520347595215,1.32216989994049,9.11880683898926,65.2612380981445,158.196746826172,0,0,11.4542446136475,2.02366209030151,
220,0,98.72731781,0,0,0,36.43869019,0,5.301608562,0,2.245615244,0,23.01355362,9.73253631591797,0.673580706119537,8.76522541046143,1.3221732378006,9.1188440322876,65.272102355957,158.229629516602,0,0,11.4544229507446,2.0236668586731,
221,0,98.72731781,0,0,0,36.43869019,0,5.301608562,0,2.245615244,0,23.01355362,9.73255348205566,0.673580944538116,8.76524353027344,1.32217597961426,9.1188850402832,65.2827377319336,158.262466430664,0,0,11.4545917510986,2.02367091178894,
222,0,98.72731781,0,0,0,36.43869019,0,5.301608562,0,2.245615244,0,23.01355362,9.73256397247314,0.673581063747406,8.76525974273682,1.32217836380005,9.11892890930176,65.2931442260742,158.295257568359,0,0,11.4547529220581,2.02367424964905,
223,0,98.72731781,0,0,0,36.43869019,0,5.301608562,0,2.245615244,0,23.01355362,9.73257064819336,0.673581182956696,8.76527404785156,1.32218039035797,9.11897659301758,65.3033218383789,158.328002929688,0,0,11.4549055099487,2.023677110672,
224,0,98.72731781,0,0,0,36.43869019,0,5.301608562,0,2.245615244,0,23.01355362,9.73257446289063,0.673581182956696,8.76528644561768,1.32218217849731,9.11902713775635,65.3132781982422,158.360702514648,0,0,11.4550504684448,2.02367949485779,
225,0,98.72731781,0,0,0,36.43869019,0,5.301608562,0,2.245615244,0,23.01355362,9.73257732391357,0.673581182956696,8.76529788970947,1.32218360900879,9.11908054351807,65.3230285644531,158.393356323242,0,0,11.4551877975464,2.02368140220642,
226,0,98.72731781,0,0,0,36.43869019,0,5.301608562,0,2.245615244,0,23.01355362,9.73257923126221,0.673581182956696,8.76530742645264,1.32218492031097,9.1191349029541,65.3325729370117,158.425964355469,0,0,11.4553184509277,2.02368307113647,
227,0,98.72731781,0,0,0,36.43869019,0,5.301608562,0,2.245615244,0,23.01355362,9.73258018493652,0.673581182956696,8.76531505584717,1.32218599319458,9.11919212341309,65.341911315918,158.458511352539,0,0,11.4554424285889,2.02368426322937,
228,0,98.72949219,0,0,0,36.43912506,0,5.301689625,0,2.245626211,0,23.01383972,9.73260593414307,0.673582136631012,8.76532936096191,1.32218813896179,9.1192512512207,65.3510513305664,158.490997314453,0,0,11.4555654525757,2.0236873626709,
229,0,98.72949219,0,0,0,36.43912506,0,5.301689625,0,2.245626211,0,23.01383972,9.73264694213867,0.673583388328552,8.76534748077393,1.32219111919403,9.11931133270264,65.3600006103516,158.5234375,0,0,11.4556894302368,2.02369213104248,
230,0,98.72949219,0,0,0,36.43912506,0,5.301689625,0,2.245626211,0,23.01383972,9.73267364501953,0.673583984375,8.7653636932373,1.3221937417984,9.11937236785889,65.368766784668,158.555816650391,0,0,11.4558067321777,2.02369618415833,
231,0,98.72949219,0,0,0,36.43912506,0,5.301689625,0,2.245626211,0,23.01383972,9.73268985748291,0.673584342002869,8.76537799835205,1.32219588756561,9.11943531036377,65.3773422241211,158.588150024414,0,0,11.4559183120728,2.02369928359985,
232,0,98.72949219,0,0,0,36.43912506,0,5.301689625,0,2.245626211,0,23.01383972,9.73269939422607,0.673584401607513,8.76539134979248,1.32219779491425,9.11949920654297,65.3857269287109,158.62043762207,0,0,11.4560241699219,2.0237021446228,
233,0,98.72949219,0,0,0,36.43912506,0,5.301689625,0,2.245626211,0,23.01383972,9.73270606994629,0.673584461212158,8.76540279388428,1.32219934463501,9.11956310272217,65.3939361572266,158.65266418457,0,0,11.4561252593994,2.02370452880859,
234,0,98.72949219,0,0,0,36.43912506,0,5.301689625,0,2.245626211,0,23.01383972,9.73271083831787,0.673584520816803,8.76541233062744,1.32220065593719,9.11962890625,65.401969909668,158.684829711914,0,0,11.4562206268311,2.02370643615723,
235,0,98.72949219,0,0,0,36.43912506,0,5.301689625,0,2.245626211,0,23.01383972,9.7327127456665,0.673584520816803,8.76541996002197,1.32220184803009,9.11969470977783,65.4098281860352,158.716934204102,0,0,11.4563112258911,2.02370810508728,
236,0,98.72949219,0,0,0,36.43912506,0,5.301689625,0,2.245626211,0,23.01383972,9.73271465301514,0.673584520816803,8.7654275894165,1.32220280170441,9.11976051330566,65.4175186157227,158.748992919922,0,0,11.4563970565796,2.0237092971801798,
237,0,98.72949219,0,0,0,36.43912506,0,5.301689625,0,2.245626211,0,23.01383972,9.73271560668945,0.673584520816803,8.76543426513672,1.32220363616943,9.1198263168335,65.4250411987305,158.780990600586,0,0,11.4564781188965,2.02371048927307,
238,0,98.72949219,0,0,0,36.43912506,0,5.301689625,0,2.245626211,0,23.01383972,9.73271656036377,0.673584520816803,8.76543998718262,1.32220435142517,9.11989212036133,65.4324035644531,158.812927246094,0,0,11.4565553665161,2.02371120452881,
239,0,98.72949219,0,0,0,36.43912506,0,5.301689625,0,2.245626211,0,23.01383972,9.73271656036377,0.673584520816803,8.7654447555542,1.32220494747162,9.11995792388916,65.4396133422852,158.844802856445,0,0,11.4566287994385,2.02371191978455,
240,0,98.72949219,0,0,0,36.43912506,0,5.301689625,0,2.245626211,0,23.01383972,9.73271656036377,0.673584520816803,8.76544857025146,1.32220542430878,9.12002372741699,65.446662902832,158.876617431641,0,0,11.4566984176636,2.0237123966217,
241,0,98.72949219,0,0,0,36.43912506,0,5.301689625,0,2.245626211,0,23.01383972,9.73271656036377,0.673584520816803,8.76545143127441,1.32220590114594,9.12008857727051,65.4535675048828,158.90837097168,0,0,11.4567642211914,2.02371287345886,
242,0,98.72949219,0,0,0,36.43912506,0,5.301689625,0,2.245626211,0,23.01383972,9.73271656036377,0.673584520816803,8.76545429229736,1.3222062587738,9.12015342712402,65.460319519043,158.940048217773,0,0,11.4568271636963,2.02371335029602,
243,0,98.72949219,0,0,0,36.43912506,0,5.301689625,0,2.245626211,0,23.01383972,9.73271656036377,0.673584520816803,8.76545715332031,1.32220661640167,9.12021732330322,65.466926574707,158.971664428711,0,0,11.4568872451782,2.02371382713318,
244,0,98.72949219,0,0,0,36.43912506,0,5.301689625,0,2.245626211,0,23.01383972,9.73271656036377,0.673584520816803,8.76545906066895,1.32220685482025,9.12028026580811,65.473388671875,159.003219604492,0,0,11.4569444656372,2.02371406555176,
245,0,98.72949219,0,0,0,36.43912506,0,5.301689625,0,2.245626211,0,23.01383972,9.73271656036377,0.673584520816803,8.76546096801758,1.32220709323883,9.12034320831299,65.4797134399414,159.034713745117,0,0,11.4569978713989,2.02371430397034,
246,0,98.72949219,0,0,0,36.43912506,0,5.301689625,0,2.245626211,0,23.01383972,9.73271656036377,0.673584520816803,8.76546287536621,1.32220733165741,9.12040519714355,65.4859008789063,159.066146850586,0,0,11.4570484161377,2.02371430397034,
247,0,98.72949219,0,0,0,36.43912506,0,5.301689625,0,2.245626211,0,23.01383972,9.73271656036377,0.673584520816803,8.76546382904053,1.32220757007599,9.1204662322998,65.4919509887695,159.097503662109,0,0,11.4570960998535,2.02371430397034,
248,0,98.72949219,0,0,0,36.43912506,0,5.301689625,0,2.245626211,0,23.01383972,9.73271656036377,0.673584520816803,8.76546478271484,1.32220768928528,9.12052631378174,65.4978713989258,159.128784179688,0,0,11.457142829895,2.02371430397034,
249,0,98.72949219,0,0,0,36.43912506,0,5.301689625,0,2.245626211,0,23.01383972,9.73271656036377,0.673584520816803,8.76546573638916,1.32220780849457,9.12058544158936,65.5036697387695,159.160003662109,0,0,11.4571866989136,2.02371430397034,
250,0,98.73165894,0,0,0,36.43956757,0,5.301766872,0,2.245637417,0,23.01412582,9.732741355896,0.673585414886475,8.76547336578369,1.32220911979675,9.12064361572266,65.5093460083008,159.191162109375,0,0,11.4572353363037,2.02371644973755,
251,0,98.73165894,0,0,0,36.43956757,0,5.301766872,0,2.245637417,0,23.01412582,9.73278045654297,0.67358672618866,8.76548671722412,1.32221150398254,9.12070083618164,65.5149002075195,159.222244262695,0,0,11.4572877883911,2.02372026443481,
252,0,98.73165894,0,0,0,36.43956757,0,5.301766872,0,2.245637417,0,23.01412582,9.7328052520752,0.673587322235107,8.76549911499023,1.32221353054047,9.12075805664063,65.5203475952148,159.25325012207,0,0,11.4573364257813,2.02372336387634,
253,0,98.73165894,0,0,0,36.43956757,0,5.301766872,0,2.245637417,0,23.01412582,9.73282051086426,0.673587679862976,8.76550960540771,1.32221519947052,9.12081432342529,65.5256652832031,159.284194946289,0,0,11.4573841094971,2.02372598648071,
254,0,98.73165894,0,0,0,36.43956757,0,5.301766872,0,2.245637417,0,23.01412582,9.73283004760742,0.673587799072266,8.76551818847656,1.32221662998199,9.12086963653564,65.530876159668,159.315063476563,0,0,11.4574289321899,2.0237283706665,
255,0,98.73165894,0,0,0,36.43956757,0,5.301766872,0,2.245637417,0,23.01412582,9.73283672332764,0.67358785867691,8.76552677154541,1.32221782207489,9.120924949646,65.5359802246094,159.345855712891,0,0,11.4574708938599,2.02373027801514,
256,0,98.73165894,0,0,0,36.43956757,0,5.301766872,0,2.245637417,0,23.01412582,9.7328405380249,0.67358785867691,8.76553440093994,1.3222188949585,9.12097930908203,65.5409698486328,159.376586914063,0,0,11.4575109481812,2.02373194694519,
257,0,98.73165894,0,0,0,36.43956757,0,5.301766872,0,2.245637417,0,23.01412582,9.73284339904785,0.67358785867691,8.76554012298584,1.32221984863281,9.12103176116943,65.5458526611328,159.407241821289,0,0,11.4575490951538,2.02373337745667,
258,0,98.73165894,0,0,0,36.43956757,0,5.301766872,0,2.245637417,0,23.01412582,9.73284530639648,0.67358785867691,8.76554489135742,1.32222056388855,9.12108421325684,65.5506362915039,159.43782043457,0,0,11.4575843811035,2.02373456954956,
259,0,98.73165894,0,0,0,36.43956757,0,5.301766872,0,2.245637417,0,23.01412582,9.7328462600708,0.67358785867691,8.765549659729,1.32222127914429,9.12113571166992,65.5553131103516,159.468338012695,0,0,11.4576187133789,2.0237352848053,
260,0,98.73165894,0,0,0,36.43956757,0,5.301766872,0,2.245637417,0,23.01412582,9.7328462600708,0.67358785867691,8.76555347442627,1.32222187519073,9.12118625640869,65.5598831176758,159.498779296875,0,0,11.4576511383057,2.02373600006104,
261,0,98.73165894,0,0,0,36.43956757,0,5.301766872,0,2.245637417,0,23.01412582,9.7328462600708,0.67358785867691,8.76555728912354,1.32222235202789,9.12123584747314,65.5643615722656,159.529144287109,0,0,11.4576816558838,2.02373671531677,
262,0,98.73165894,0,0,0,36.43956757,0,5.301766872,0,2.245637417,0,23.01412582,9.7328462600708,0.67358785867691,8.7655611038208,1.32222270965576,9.12128448486328,65.5687408447266,159.559432983398,0,0,11.4577112197876,2.02373743057251,
263,0,98.73165894,0,0,0,36.43956757,0,5.301766872,0,2.245637417,0,23.01412582,9.7328462600708,0.67358785867691,8.76556396484375,1.32222306728363,9.1213321685791,65.5730285644531,159.589645385742,0,0,11.4577388763428,2.02373790740967,
264,0,98.73165894,0,0,0,36.43956757,0,5.301766872,0,2.245637417,0,23.01412582,9.7328462600708,0.67358785867691,8.7655668258667,1.32222330570221,9.12137889862061,65.5772323608398,159.61979675293,0,0,11.4577655792236,2.02373814582825,
265,0,98.73165894,0,0,0,36.43956757,0,5.301766872,0,2.245637417,0,23.01412582,9.7328462600708,0.67358785867691,8.76556873321533,1.32222354412079,9.12142467498779,65.5813369750977,159.649856567383,0,0,11.4577903747559,2.02373838424683,
266,0,98.73165894,0,0,0,36.43956757,0,5.301766872,0,2.245637417,0,23.01412582,9.7328462600708,0.67358785867691,8.76557064056396,1.32222378253937,9.12146949768066,65.5853576660156,159.67985534668,0,0,11.4578142166138,2.02373862266541,
267,0,98.73165894,0,0,0,36.43956757,0,5.301766872,0,2.245637417,0,23.01412582,9.7328462600708,0.67358785867691,8.7655725479126,1.32222402095795,9.1215124130249,65.5892944335938,159.709762573242,0,0,11.4578371047974,2.02373886108398,
268,0,98.73165894,0,0,0,36.43956757,0,5.301766872,0,2.245637417,0,23.01412582,9.7328462600708,0.67358785867691,8.76557350158691,1.32222414016724,9.12155437469482,65.593147277832,159.739608764648,0,0,11.4578590393066,2.02373909950256,
269,0,98.73165894,0,0,0,36.43956757,0,5.301766872,0,2.245637417,0,23.01412582,9.7328462600708,0.67358785867691,8.76557445526123,1.32222425937653,9.12159633636475,65.5969161987305,159.76936340332,0,0,11.4578790664673,2.02373933792114,
270,0,98.73165894,0,0,0,36.43956757,0,5.301766872,0,2.245637417,0,23.01412582,9.7328462600708,0.67358785867691,8.76557540893555,1.32222437858582,9.12163734436035,65.6006011962891,159.799057006836,0,0,11.4578981399536,2.02373933792114,
271,0,98.73165894,0,0,0,36.43956757,0,5.301766872,0,2.245637417,0,23.01412582,9.7328462600708,0.67358785867691,8.76557636260986,1.3222244977951,9.12167644500732,65.6042022705078,159.828674316406,0,0,11.4579172134399,2.02373933792114,
272,0,98.73165894,0,0,0,36.43956757,0,5.301766872,0,2.245637417,0,23.01412582,9.7328462600708,0.67358785867691,8.76557731628418,1.32222461700439,9.1217155456543,65.6077346801758,159.858215332031,0,0,11.4579343795776,2.02373933792114,
273,0,98.73165894,0,0,0,36.43956757,0,5.301766872,0,2.245637417,0,23.01412582,9.7328462600708,0.67358785867691,8.7655782699585,1.32222461700439,9.12175273895264,65.6111907958984,159.887680053711,0,0,11.457950592041,2.02373933792114,
274,0,98.73165894,0,0,0,36.43956757,0,5.301766872,0,2.245637417,0,23.01412582,9.7328462600708,0.67358785867691,8.7655782699585,1.32222461700439,9.12178993225098,65.6145629882813,159.917053222656,0,0,11.4579658508301,2.02373933792114,
275,0,98.73165894,0,0,0,36.43956757,0,5.301766872,0,2.245637417,0,23.01412582,9.7328462600708,0.67358785867691,8.7655782699585,1.32222461700439,9.121826171875,65.6178741455078,159.946365356445,0,0,11.4579801559448,2.02373933792114,
276,0,98.73165894,0,0,0,36.43956757,0,5.301766872,0,2.245637417,0,23.01412582,9.7328462600708,0.67358785867691,8.7655782699585,1.32222461700439,9.12186145782471,65.6211090087891,159.975601196289,0,0,11.4579944610596,2.02373933792114,
277,0,98.73165894,0,0,0,36.43956757,0,5.301766872,0,2.245637417,0,23.01412582,9.7328462600708,0.67358785867691,8.7655782699585,1.32222461700439,9.1218957901001,65.624267578125,160.004745483398,0,0,11.4580087661743,2.02373933792114,
278,0,98.73165894,0,0,0,36.43956757,0,5.301766872,0,2.245637417,0,23.01412582,9.7328462600708,0.67358785867691,8.7655782699585,1.32222461700439,9.12192916870117,65.6273651123047,160.033813476563,0,0,11.4580211639404,2.02373933792114,
279,0,98.73165894,0,0,0,36.43956757,0,5.301766872,0,2.245637417,0,23.01412582,9.7328462600708,0.67358785867691,8.7655782699585,1.32222461700439,9.12196063995361,65.6303939819336,160.06282043457,0,0,11.4580335617065,2.02373933792114,
280,0,98.73165894,0,0,0,36.43956757,0,5.301766872,0,2.245637417,0,23.01412582,9.7328462600708,0.67358785867691,8.7655782699585,1.32222461700439,9.12199211120605,65.6333541870117,160.091735839844,0,0,11.4580450057983,2.02373933792114,
281,0,98.73165894,0,0,0,36.43956757,0,5.301766872,0,2.245637417,0,23.01412582,9.7328462600708,0.67358785867691,8.7655782699585,1.32222461700439,9.12202262878418,65.6362533569336,160.120574951172,0,0,11.4580564498901,2.02373933792114,
282,0,98.73165894,0,0,0,36.43956757,0,5.301766872,0,2.245637417,0,23.01412582,9.7328462600708,0.67358785867691,8.7655782699585,1.32222461700439,9.12205219268799,65.6390914916992,160.149337768555,0,0,11.4580659866333,2.02373933792114,
283,0,98.73165894,0,0,0,36.43956757,0,5.301766872,0,2.245637417,0,23.01412582,9.7328462600708,0.67358785867691,8.7655782699585,1.32222461700439,9.12208080291748,65.6418685913086,160.178024291992,0,0,11.4580755233765,2.02373933792114,
284,0,98.73165894,0,0,0,36.43956757,0,5.301766872,0,2.245637417,0,23.01412582,9.7328462600708,0.67358785867691,8.7655782699585,1.32222461700439,9.12210845947266,65.6445770263672,160.206634521484,0,0,11.4580850601196,2.02373933792114,
285,0,98.73165894,0,0,0,36.43956757,0,5.301766872,0,2.245637417,0,23.01412582,9.7328462600708,0.67358785867691,8.7655782699585,1.32222461700439,9.12213611602783,65.6472320556641,160.235153198242,0,0,11.4580936431885,2.02373933792114,
286,0,98.73165894,0,0,0,36.43956757,0,5.301766872,0,2.245637417,0,23.01412582,9.7328462600708,0.67358785867691,8.7655782699585,1.32222461700439,9.12216281890869,65.6498260498047,160.263595581055,0,0,11.4581022262573,2.02373933792114,
287,0,98.73165894,0,0,0,36.43956757,0,5.301766872,0,2.245637417,0,23.01412582,9.7328462600708,0.67358785867691,8.7655782699585,1.32222461700439,9.12218856811523,65.6523666381836,160.291961669922,0,0,11.4581108093262,2.02373933792114,
288,0,98.73165894,0,0,0,36.43956757,0,5.301766872,0,2.245637417,0,23.01412582,9.7328462600708,0.67358785867691,8.7655782699585,1.32222461700439,9.12221336364746,65.6548538208008,160.320251464844,0,0,11.4581184387207,2.02373933792114,
289,0,98.73165894,0,0,0,36.43956757,0,5.301766872,0,2.245637417,0,23.01412582,9.7328462600708,0.67358785867691,8.7655782699585,1.32222461700439,9.12223815917969,65.6572875976563,160.34846496582,0,0,11.4581251144409,2.02373933792114,
290,0,98.73165894,0,0,0,36.43956757,0,5.301766872,0,2.245637417,0,23.01412582,9.7328462600708,0.67358785867691,8.7655782699585,1.32222461700439,9.1222620010376,65.6596755981445,160.376602172852,0,0,11.4581317901611,2.02373933792114,
291,0,98.73165894,0,0,0,36.43956757,0,5.301766872,0,2.245637417,0,23.01412582,9.7328462600708,0.67358785867691,8.7655782699585,1.32222461700439,9.12228488922119,65.6620178222656,160.404663085938,0,0,11.4581384658813,2.02373933792114,
292,0,98.73165894,0,0,0,36.43956757,0,5.301766872,0,2.245637417,0,23.01412582,9.7328462600708,0.67358785867691,8.7655782699585,1.32222461700439,9.12230682373047,65.664306640625,160.432647705078,0,0,11.4581451416016,2.02373933792114,
293,0,98.73165894,0,0,0,36.43956757,0,5.301766872,0,2.245637417,0,23.01412582,9.7328462600708,0.67358785867691,8.7655782699585,1.32222461700439,9.12232875823975,65.6665420532227,160.460556030273,0,0,11.4581508636475,2.02373933792114,
294,0,98.73165894,0,0,0,36.43956757,0,5.301766872,0,2.245637417,0,23.01412582,9.7328462600708,0.67358785867691,8.7655782699585,1.32222461700439,9.12234973907471,65.6687316894531,160.488372802734,0,0,11.4581565856934,2.02373933792114,
295,0,98.73165894,0,0,0,36.43956757,0,5.301766872,0,2.245637417,0,23.01412582,9.7328462600708,0.67358785867691,8.7655782699585,1.32222461700439,9.12236976623535,65.6708755493164,160.51611328125,0,0,11.4581613540649,2.02373933792114,
296,0,98.73165894,0,0,0,36.43956757,0,5.301766872,0,2.245637417,0,23.01412582,9.7328462600708,0.67358785867691,8.7655782699585,1.32222461700439,9.12238883972168,65.6729736328125,160.54377746582,0,0,11.4581661224365,2.02373933792114,
297,0,98.73165894,0,0,0,36.43956757,0,5.301766872,0,2.245637417,0,23.01412582,9.7328462600708,0.67358785867691,8.7655782699585,1.32222461700439,9.12240791320801,65.6750183105469,160.571350097656,0,0,11.4581708908081,2.02373933792114,
298,0,98.73165894,0,0,0,36.43956757,0,5.301766872,0,2.245637417,0,23.01412582,9.7328462600708,0.67358785867691,8.7655782699585,1.32222461700439,9.12242603302002,65.6770248413086,160.598861694336,0,0,11.4581756591797,2.02373933792114,
299,0,98.73165894,0,0,0,36.43956757,0,5.301766872,0,2.245637417,0,23.01412582,9.7328462600708,0.67358785867691,8.7655782699585,1.32222461700439,9.12244415283203,65.6789855957031,160.62629699707,0,0,11.458179473877,2.02373933792114,
300,0,98.73165894,0,0,0,36.43956757,0,5.301766872,0,2.245637417,0,23.01412582,9.7328462600708,0.67358785867691,8.7655782699585,1.32222461700439,9.12246131896973,65.680908203125,160.653656005859,0,0,11.4581832885742,2.02373933792114,
