"Time Step","Softwood Merchantable","Hardwood Merchantable","Softwood Submerchantable","Hardwood Submerchantable","Softwood Other","Hardwood Other","Softwood Foliage","Hardwood Foliage","Softwood Fine Roots","Hardwood Fine Roots","Softwood Coarse Roots","Hardwood Coarse Roots","Aboveground Very Fast DOM","Belowground Very Fast DOM","Aboveground Fast DOM","Belowground Fast DOM","Medium DOM","Aboveground Slow DOM","Belowground Slow DOM","Softwood Stem Snag","Softwood Branch Snag","Hardwood Stem Snag","Hardwood Branch Snag",
0,0,0.06378092617,0,0,0,0.1688199192,0,0.4711456299,0,0.3761846423,0,0.5961609483,10.3312101364136,0.897603392601013,50.0329284667969,10.9298601150513,22.6329441070557,66.9673767089844,161.012573242188,0,0,1.8764619017019e-4,7.815298740752e-4,
1,0,0.2664475441,0,0,0,0.9762373567,0,0.786799252,0,0.6617130637,0,1.203385592,6.97170448303223,0.514347553253174,42.637809753418,9.31715106964111,21.7584476470947,67.6465301513672,161.257461547852,0,0,0.00114967848639935,0.00595213240012527,
2,0,0.6140885353,0,0,0,2.091584444,0,1.050197124,0,0.8905937672,0,1.832776308,5.08535003662109,0.368917465209961,36.3693046569824,7.94879579544067,20.9177684783936,67.9221572875977,161.4365234375,0,0,0.00368196307681501,0.0191619135439396,
3,0,1.108825922,0,0,0,3.40357542,0,1.280002236,0,1.076121092,0,2.478700876,4.08897399902344,0.330715239048004,31.0676860809326,6.78873300552368,20.1096515655518,67.9265975952148,161.573883056641,0,0,0.00856417044997215,0.0414064973592758,
4,0,1.750811458,0,0,0,4.844574451,0,1.484964132,0,1.227324128,0,3.135113716,3.62656235694885,0.33833372592926,26.5946559906006,5.80619812011719,19.3329086303711,67.7471923828125,161.682113647461,0,0,0.0165431294590235,0.0726872161030769,
5,0,2.538738966,0,0,0,6.36656332,0,1.670250297,0,1.351002693,0,3.796612263,3.48015785217285,0.363312363624573,22.8308944702148,4.97493839263916,18.5864238739014,67.4426116943359,161.768157958984,0,0,0.0283244140446186,0.112469792366028,
6,0,3.470076323,0,0,0,7.932844639,0,1.839303732,0,1.452485919,0,4.45857811,3.51659607887268,0.392831772565842,19.6735992431641,4.2725510597229,17.8691444396973,67.0529937744141,161.836196899414,0,0,0.0445665270090103,0.159916833043098,
7,0,4.541204453,0,0,0,9.514268875,0,1.994597316,0,1.536026955,0,5.117133617,3.65493178367615,0.421436876058578,17.0342597961426,3.67991781234741,17.1800804138184,66.6063766479492,161.889022827148,0,0,0.0658764839172363,0.214025691151619,
8,0,5.747519493,0,0,0,11.08722496,0,2.138000488,0,1.605051875,0,5.769059658,3.84637188911438,0.447085380554199,14.8366975784302,3.18072438240051,16.5182952880859,66.1227493286133,161.928665161133,0,0,0.092806339263916,0.273716688156128,
9,0,7.083518505,0,0,0,12.63244247,0,2.270979404,0,1.662332892,0,6.411709309,4.06187582015991,0.469270050525665,13.0153656005859,2.76105046272278,15.882908821106,65.6166229248047,161.956756591797,0,0,0.125850424170494,0.337891578674316,
10,0,8.542881966,0,0,0,14.13422108,0,2.394717216,0,1.710117936,0,7.04292345,4.28449249267578,0.488134741783142,11.5138692855835,2.40901923179626,15.2730894088745,65.098762512207,161.974655151367,0,0,0.1654432117939,0.405473291873932,
11,0,10.11855412,0,0,0,15.57988262,0,2.510189295,0,1.75023067,0,7.660959244,4.50462436676025,0.504064321517944,10.2837057113647,2.11449766159058,14.6880493164063,64.5772171020508,161.98356628418,0,0,0.211957797408104,0.475433051586151,
12,0,11.80282021,0,0,0,16.95936966,0,2.618214607,0,1.784149647,0,8.264431,4.71710872650146,0.517500698566437,9.28317260742188,1.86884152889252,14.1270456314087,64.0580978393555,161.984497070313,0,0,0.265704959630966,0.546808242797852,
13,0,13.58739567,0,0,0,18.26493073,0,2.719489813,0,1.813073039,0,8.852245331,4.91942405700684,0.528864979743958,8.47642803192139,1.66467761993408,13.5893726348877,63.5460624694824,161.978363037109,0,0,0.326932519674301,0.618714272975922,
14,0,15.46350479,0,0,0,19.49084473,0,2.81461525,0,1.837969065,0,9.423570633,5.11059045791626,0.538528382778168,7.832688331604,1.49571788311005,13.0743579864502,63.0446548461914,161.96598815918,0,0,0.395825684070587,0.690351784229279,
15,0,17.42197037,0,0,0,20.63321114,0,2.904113054,0,1.859619379,0,9.97778511,5.29050397872925,0.546806156635284,7.32553672790527,1.35660016536713,12.5813617706299,62.5565567016602,161.948120117188,0,0,0.472507357597351,0.761009991168976,
16,0,19.45330238,0,0,0,21.689731599999998,0,2.988441467,0,1.878653407,0,10.51444721,5.45953321456909,0.553959786891937,6.93232870101929,1.24275279045105,12.1097736358643,62.0837593078613,161.925384521484,0,0,0.557039380073547,0.830068051815033,
17,0,22.12327576,0,0,0,21.49679184,0,2.819510698,0,1.891241431,0,10.89656258,5.54367733001709,0.559867978096008,6.61824321746826,1.14969623088837,11.6590070724487,61.6192092895508,161.898239135742,0,0,0.651116967201233,0.891611039638519,
18,0,24.3078289,0,0,0,21.70450592,0,2.862233162,0,1.903574586,0,11.2925272,5.56139087677002,0.564655005931854,6.35946559906006,1.07374918460846,11.228551864624,61.1572494506836,161.86701965332,0,0,0.754706919193268,0.942962408065796,
19,0,26.51077843,0,0,0,21.96736908,0,2.912019968,0,1.915461779,0,11.6943121,5.60257148742676,0.568845629692078,6.15283536911011,1.01245880126953,10.8179149627686,60.7019157409668,161.832107543945,0,0,0.865952968597412,0.987931251525879,
20,0,28.72351074,0,0,0,22.2735672,0,2.967074156,0,1.926880121,0,12.09817123,5.66208648681641,0.572677075862885,5.991370677948,0.963685870170593,10.4265670776367,60.2564277648926,161.793884277344,0,0,0.984549880027771,1.02803754806519,
21,0,30.93517303,0,0,0,22.61303139,0,3.025938034,0,1.937825561,0,12.50059795,5.73573637008667,0.576261937618256,5.86894226074219,0.925577342510223,10.0539884567261,59.8233070373535,161.752685546875,0,0,1.11015057563782,1.06444668769836,
22,0,33.1417923,0,0,0,22.97830772,0,3.087621689,0,1.948343873,0,12.89980698,5.82015657424927,0.579657852649689,5.7801833152771,0.896532475948334,9.69966983795166,59.4045295715332,161.708862304688,0,0,1.24238193035126,1.09804844856262,
23,0,35.33256531,0,0,0,23.36212921,0,3.151157379,0,1.958452582,0,13.29315758,5.91265439987183,0.58289760351181,5.72039079666138,0.875168859958649,9.36310863494873,59.0015907287598,161.662704467773,0,0,1.38084638118744,1.12951612472534,
24,0,37.50352478,0,0,0,23.75935936,0,3.215920448,0,1.968200326,0,13.67952156,6.01106929779053,0.586002111434937,5.68544244766235,0.860293090343475,9.04381275177002,58.6156196594238,161.614501953125,0,0,1.52512288093567,1.15935349464417,
25,0,39.64618301,0,0,0,24.16484833,0,3.281268835,0,1.977611542,0,14.05718231,6.11367321014404,0.588987290859222,5.67172622680664,0.85087639093399,8.74129199981689,58.2474250793457,161.564483642578,0,0,1.67477524280548,1.18793272972107,
26,0,41.75655365,0,0,0,24.57491875,0,3.346782684,0,1.986723304,0,14.42539024,6.21906995773315,0.591865479946136,5.67607402801514,0.846032202243805,8.45506381988525,57.8975524902344,161.512908935547,0,0,1.82935273647308,1.21552288532257,
27,0,43.83288574,0,0,0,24.98685646,0,3.412174702,0,1.995574832,0,14.78388977,6.32617712020874,0.594648540019989,5.69572401046753,0.845001041889191,8.18465042114258,57.566349029541,161.459976196289,0,0,1.98841035366058,1.2423187494278,
28,0,45.86667252,0,0,0,25.3970623,0,3.476994991,0,2.004168749,0,15.13135815,6.43410062789917,0.597345471382141,5.72825336456299,0.847129285335541,7.92957878112793,57.2539749145508,161.405883789063,0,0,2.15149569511414,1.26845335960388,
29,0,47.85836792,0,0,0,25.80404854,0,3.541112661,0,2.012538671,0,15.46806908,6.54210805892944,0.599963545799255,5.77154064178467,0.85185569524765,7.68937921524048,56.9604454040527,161.350814819336,0,0,2.31815576553345,1.29401409626007,
30,0,49.80615616,0,0,0,26.20619011,0,3.60435462,0,2.0207026,0,15.79394531,6.64965391159058,0.602510094642639,5.82374715805054,0.858703196048737,7.46358823776245,56.6856651306152,161.294937133789,0,0,2.48795604705811,1.31905925273895,
31,0,51.70372391,0,0,0,26.60116196,0,3.66642642,0,2.028652906,0,16.10819244,6.75625658035278,0.604989647865295,5.8832573890686,0.867261707782745,7.25174522399902,56.4294319152832,161.238403320313,0,0,2.66046047210693,1.34361922740936,
32,0,53.55368042,0,0,0,26.98866653,0,3.727335215,0,2.036416054,0,16.41151047,6.86153030395508,0.607405722141266,5.94866418838501,0.877181470394135,7.05339384078979,56.1914672851563,161.181350708008,0,0,2.83524417877197,1.36770701408386,
33,0,55.35413742,0,0,0,27.36764526,0,3.786959171,0,2.043994427,0,16.70385933,6.96520042419434,0.609762251377106,6.01875591278076,0.888167440891266,6.86808347702026,55.9714279174805,161.123901367188,0,0,3.01190590858459,1.39132750034332,
34,0,57.10095978,0,0,0,27.73670006,0,3.845110655,0,2.051378012,0,16.98484612,7.0670018196106,0.612060606479645,6.09246635437012,0.899966359138489,6.69536828994751,55.768913269043,161.066177368164,0,0,3.19004678726196,1.41447305679321,
35,0,58.79667664,0,0,0,28.09593582,0,3.901829958,0,2.058582067,0,17.25514603,7.16672515869141,0.614301860332489,6.16887331008911,0.912363827228546,6.53480625152588,55.5834770202637,161.008285522461,0,0,3.36928391456604,1.43713140487671,
36,0,60.43932724,0,0,0,28.44458771,0,3.957012653,0,2.065600872,0,17.51470375,7.26421880722046,0.616487205028534,6.24718332290649,0.925179958343506,6.38596248626709,55.4146423339844,160.950347900391,0,0,3.54925513267517,1.45928943157196,
37,0,62.02917862,0,0,0,28.78245544,0,4.01063776,0,2.072435856,0,17.76381302,7.35935115814209,0.618617057800293,6.32670831680298,0.938262283802032,6.24840593338013,55.2619018554688,160.892456054688,0,0,3.72961163520813,1.48093152046204,
38,0,63.56645966,0,0,0,29.10938644,0,4.062685966,0,2.079087973,0,18.00274467,7.45202732086182,0.620691537857056,6.40685892105103,0.951483488082886,6.12171316146851,55.1247291564941,160.834701538086,0,0,3.91002416610718,1.5020432472229,
39,0,65.05358124,0,0,0,29.4257164,0,4.113211155,0,2.085565805,0,18.23209572,7.5421986579895,0.622711718082428,6.48713827133179,0.964738965034485,6.00546550750732,55.0025863647461,160.777145385742,0,0,4.09018754959106,1.52261328697205,
40,0,66.48632813,0,0,0,29.73044968,0,4.162051201,0,2.091848612,0,18.45142174,7.62980222702026,0.624676942825317,6.56711387634277,0.977940142154694,5.89925241470337,54.8949203491211,160.719879150391,0,0,4.26980686187744,1.54262900352478,
41,0,67.87150574,0,0,0,30.02494049,0,4.209419727,0,2.09796381,0,18.66196632,7.7148118019104,0.626587510108948,6.64642429351807,0.991014957427979,5.80266857147217,54.8011779785156,160.662963867188,0,0,4.44860935211182,1.56208193302155,
42,0,69.20265198,0,0,0,30.30774879,0,4.255074501,0,2.103879452,0,18.86292267,7.79720544815063,0.628443121910095,6.72476196289063,1.00390386581421,5.7153172492981,54.7207984924316,160.606475830078,0,0,4.62633848190308,1.58096432685852,
43,0,70.48652649,0,0,0,30.58028221,0,4.299232006,0,2.109622002,0,19.05548859,7.8769588470459,0.630243420600891,6.80186462402344,1.01655781269073,5.63680839538574,54.6532211303711,160.55046081543,0,0,4.80274963378906,1.59926962852478,
44,0,71.72328949,0,0,0,30.8425312,0,4.341883183,0,2.115189075,0,19.23984337,7.95412111282349,0.631989896297455,6.87753438949585,1.02894103527069,5.56676054000854,54.5978965759277,160.494979858398,0,0,4.97763252258301,1.61699879169464,
45,0,72.91082764,0,0,0,31.09405518,0,4.382944584,0,2.12056756,0,19.41581154,8.02869510650635,0.633682250976563,6.95159387588501,1.04102301597595,5.50479888916016,54.5542793273926,160.440063476563,0,0,5.15078115463257,1.6341507434845,
46,0,74.05367279,0,0,0,31.33580399,0,4.422555923,0,2.125774622,0,19.58420372,8.10069847106934,0.635320484638214,7.02390384674072,1.05278027057648,5.45055818557739,54.5218200683594,160.385787963867,0,0,5.32200717926025,1.65072691440582,
47,0,75.15192413,0,0,0,31.56781006,0,4.460712433,0,2.130807161,0,19.74515533,8.17018508911133,0.63690572977066,7.09436130523682,1.06419706344604,5.4036808013916,54.4999961853027,160.33219909668,0,0,5.49114465713501,1.66673278808594,
48,0,76.20569611,0,0,0,31.79011154,0,4.497403145,0,2.135662556,0,19.89879608,8.23718357086182,0.638438105583191,7.16288042068481,1.07526111602783,5.36381769180298,54.4882850646973,160.279296875,0,0,5.65803813934326,1.682173371315,
49,0,77.21722412,0,0,0,32.00319672,0,4.5327034,0,2.140347958,0,20.04555511,8.30173110961914,0.639918088912964,7.22939872741699,1.08596420288086,5.33062982559204,54.4861755371094,160.227142333984,0,0,5.82254600524902,1.69705545902252,
50,0,78.18663025,0,0,0,32.20711517,0,4.566603661,0,2.144860983,0,20.18555069,8.36387062072754,0.641346156597137,7.29387187957764,1.09630179405212,5.30378437042236,54.4931755065918,160.17578125,0,0,5.98454141616821,1.7113870382309,
51,0,79.11615753,0,0,0,32.40233994,0,4.599172592,0,2.149209499,0,20.31919098,8.4236478805542,0.642723083496094,7.35627222061157,1.10627210140228,5.28295993804932,54.5088005065918,160.125213623047,0,0,6.14391040802002,1.72517693042755,
52,0,80.00806427,0,0,0,32.58940506,0,4.63048172,0,2.153401375,0,20.44688416,8.48113536834717,0.644050478935242,7.41659355163574,1.11587727069855,5.26784324645996,54.5325736999512,160.075485229492,0,0,6.30055809020996,1.73843777179718,
53,0,80.8624115,0,0,0,32.76832199,0,4.660529613,0,2.157434225,0,20.56869888,8.53640079498291,0.645329356193542,7.47483968734741,1.12512099742889,5.25812911987305,54.5640449523926,160.026611328125,0,0,6.45440149307251,1.75118207931519,
54,0,81.67923737,0,0,0,32.93914032,0,4.689307213,0,2.161306143,0,20.68472481,8.58948040008545,0.64656001329422,7.53101778030396,1.13400721549988,5.25352382659912,54.6027717590332,159.978622436523,0,0,6.60536098480225,1.76342070102692,
55,0,82.46297455,0,0,0,33.10279465,0,4.716964722,0,2.165036201,0,20.79564285,8.64044284820557,0.647743880748749,7.58514928817749,1.14254260063171,5.25373983383179,54.6483268737793,159.931533813477,0,0,6.75337600708008,1.77516734600067,
56,0,83.21148682,0,0,0,33.25887299,0,4.743425846,0,2.168612242,0,20.90120697,8.68935489654541,0.648882210254669,7.63726377487183,1.15073454380035,5.25850105285645,54.7003021240234,159.885360717773,0,0,6.89839458465576,1.78643596172333,
57,0,83.92917633,0,0,0,33.40832901,0,4.76883173,0,2.172053337,0,21.00209045,8.73627662658691,0.649976193904877,7.68739414215088,1.15859127044678,5.26753950119019,54.7582969665527,159.840118408203,0,0,7.04037380218506,1.79724037647247,
58,0,84.61608124,0,0,0,33.55117035,0,4.793188095,0,2.175358057,0,21.09834099,8.78129291534424,0.651027679443359,7.73558712005615,1.16612267494202,5.28059673309326,54.8219337463379,159.795822143555,0,0,7.17928647994995,1.8075966835022,
59,0,85.27005768,0,0,0,33.6869812,0,4.816408634,0,2.178514719,0,21.18970299,8.82442951202393,0.652036607265472,7.78187656402588,1.17333650588989,5.29742288589478,54.8908424377441,159.752471923828,0,0,7.315101146698,1.81751644611359,
60,0,85.89766693,0,0,0,33.81714249,0,4.838721275,0,2.181553125,0,21.27713013,8.86575031280518,0.653004288673401,7.82630777359009,1.18024230003357,5.31777715682983,54.9646682739258,159.710083007813,0,0,7.4478006362915,1.82701373100281,
61,0,86.49676514,0,0,0,33.94125748,0,4.860048771,0,2.184462547,0,21.36035919,8.90533828735352,0.653932869434357,7.86893701553345,1.18685114383698,5.34142684936523,55.0430717468262,159.668670654297,0,0,7.57738161087036,1.83610486984253,
62,0,87.06956482,0,0,0,34.05976868,0,4.880466938,0,2.187252045,0,21.43973541,8.94324779510498,0.654823303222656,7.90981197357178,1.19317269325256,5.36814975738525,55.125732421875,159.62825012207,0,0,7.7038402557373,1.84480369091034,
63,0,87.61608124,0,0,0,34.17270279,0,4.899970055,0,2.189920187,0,21.51527786,8.97953319549561,0.655676603317261,7.94898462295532,1.19921684265137,5.39773035049438,55.2123374938965,159.588821411133,0,0,7.8271803855896,1.85312354564667,
64,0,88.1384964,0,0,0,34.28053665,0,4.918637753,0,2.192477465,0,21.58732224,9.01425266265869,0.656493961811066,7.9865083694458,1.20499336719513,5.42996215820313,55.3025894165039,159.550384521484,0,0,7.94741153717041,1.86107850074768,
65,0,88.63684845,0,0,0,34.38329697,0,4.936463356,0,2.194922447,0,21.65589142,9.04746437072754,0.657276630401611,8.02243614196777,1.21051239967346,5.46464729309082,55.3962020874023,159.512954711914,0,0,8.06454944610596,1.86868214607239,
66,0,89.111160279999993,0,0,0,34.48100662,0,4.953444481,0,2.197255135,0,21.72102356,9.07920360565186,0.658025145530701,8.0568151473999,1.2157826423645,5.50159597396851,55.4929084777832,159.476516723633,0,0,8.17860984802246,1.87594616413116,
67,0,89.56578064,0,0,0,34.574543,0,4.969738483,0,2.199495316,0,21.78331947,9.10953998565674,0.658741235733032,8.08970260620117,1.22081422805786,5.54062557220459,55.5924415588379,159.44108581543,0,0,8.28962135314941,1.88288450241089,
68,0,90.00074005,0,0,0,34.66396713,0,4.98534584,0,2.201643467,0,21.84280968,9.13856506347656,0.659427404403687,8.12116146087646,1.22561848163605,5.58156251907349,55.6945533752441,159.406646728516,0,0,8.39762020111084,1.88951325416565,
69,0,90.41386414,0,0,0,34.74880981,0,5.000179768,0,2.203687429,0,21.89920807,9.16631126403809,0.660083889961243,8.15124225616455,1.2302041053772,5.62424039840698,55.7990188598633,159.37321472168,0,0,8.50263977050781,1.89584350585938,
70,0,90.80734253,0,0,0,34.82952499,0,5.014320374,0,2.205637693,0,21.95283127,9.19279670715332,0.660710752010345,8.17998600006104,1.23457849025726,5.66849994659424,55.9056015014648,159.340774536133,0,0,8.60470867156982,1.90188491344452,
71,0,91.1833725,0,0,0,34.90662384,0,5.027848721,0,2.207504988,0,22.0039959,9.2180814743042,0.661309540271759,8.20744514465332,1.23875057697296,5.71418905258179,56.0140914916992,159.309341430664,0,0,8.70386505126953,1.90764963626862,
72,0,91.54411316,0,0,0,34.9805069,0,5.040836334,0,2.209299088,0,22.0529995,9.24225234985352,0.661882698535919,8.23368072509766,1.24273073673248,5.76116371154785,56.1242828369141,159.278869628906,0,0,8.80016231536865,1.91315221786499,
73,0,91.88524628,0,0,0,35.05033875,0,5.053125858,0,2.210998535,0,22.09927177,9.26533699035645,0.662430465221405,8.25873756408691,1.24652659893036,5.80928564071655,56.2359924316406,159.249389648438,0,0,8.89364242553711,1.91840291023254,
74,0,92.21112061,0,0,0,35.11696625,0,5.064875126,0,2.212624311,0,22.14341164,9.28735256195068,0.662952780723572,8.28265380859375,1.25014472007751,5.85842370986938,56.3490295410156,159.220886230469,0,0,8.98434543609619,1.92341005802155,
75,0,92.52391052,0,0,0,35.18088531,0,5.076159477,0,2.214186907,0,22.18572044,9.30838203430176,0.663452327251434,8.30548763275146,1.25359451770782,5.90845346450806,56.4632225036621,159.193359375,0,0,9.07232761383057,1.92818677425385,
76,0,92.81929016,0,0,0,35.24122238,0,5.086825848,0,2.215664625,0,22.2256279,9.32845401763916,0.663929402828217,8.32728099822998,1.2568831443786601,5.95925712585449,56.5784072875977,159.166809082031,0,0,9.15763854980469,1.93274223804474,
77,0,93.1037674,0,0,0,35.29928207,0,5.097102165,0,2.217089653,0,22.26401138,9.3476095199585,0.66438490152359,8.34807777404785,1.26001763343811,6.01072216033936,56.6944274902344,159.141220092773,0,0,9.24033069610596,1.93708634376526,
78,0,93.37300873,0,0,0,35.35416794,0,5.106836796,0,2.218439817,0,22.30029678,9.36589813232422,0.66482013463974,8.36792182922363,1.26300537586212,6.06274271011353,56.8111343383789,159.116592407227,0,0,9.32045841217041,1.94122910499573,
79,0,93.62919617,0,0,0,35.40640259,0,5.116103649,0,2.219726324,0,22.33478737,9.38332653045654,0.665234744548798,8.3868465423584,1.26585161685944,6.11521816253662,56.928394317627,159.092910766602,0,0,9.39806938171387,1.94517707824707,
80,0,93.87449646,0,0,0,35.45634842,0,5.124978542,0,2.220959187,0,22.36777496,9.39994621276855,0.665630400180817,8.40489482879639,1.26856327056885,6.16805362701416,57.0460739135742,159.070175170898,0,0,9.47322177886963,1.94893991947174,
81,0,94.10674286,0,0,0,35.50363922,0,5.133388996,0,2.222127676,0,22.39897728,9.41579055786133,0.666007697582245,8.42210388183594,1.27114629745483,6.2211594581604,57.1640434265137,159.048355102539,0,0,9.5459680557251,1.95252573490143,
82,0,94.33029175,0,0,0,35.54912567,0,5.141489506,0,2.223253489,0,22.42898178,9.43090534210205,0.666367888450623,8.43851280212402,1.27360701560974,6.27445125579834,57.2821884155273,159.027450561523,0,0,9.61636734008789,1.95594310760498,
83,0,94.540802,0,0,0,35.59192657,0,5.149118423,0,2.22431469,0,22.45720673,9.4453182220459,0.666711390018463,8.45415592193604,1.27595090866089,6.32784986495972,57.4004020690918,159.007476806641,0,0,9.68447399139404,1.95919954776764,
84,0,94.74259949,0,0,0,35.63294601,0,5.156436443,0,2.225332975,0,22.48424911,9.45904541015625,0.66703861951828,8.4690637588501,1.27818274497986,6.38128042221069,57.5185775756836,158.988403320313,0,0,9.75034141540527,1.96230101585388,
85,0,94.935714720000007,0,0,0,35.67216492,0,5.163440704,0,2.226308107,0,22.5100975,9.47214698791504,0.667351186275482,8.48327732086182,1.28030896186829,6.43467235565186,57.6366157531738,158.97021484375,0,0,9.81403064727783,1.96525704860687,
86,0,95.11795044,0,0,0,35.70918274,0,5.170054913,0,2.227229118,0,22.53447723,9.48463439941406,0.667649209499359,8.49682235717773,1.2823338508606,6.48796081542969,57.7544288635254,158.952926635742,0,0,9.87559509277344,1.96807301044464,
87,0,95.29150391,0,0,0,35.7444191,0,5.176357269,0,2.228106976,0,22.55767822,9.4965181350708,0.667932689189911,8.50972461700439,1.28426122665405,6.54108428955078,57.8719291687012,158.9365234375,0,0,9.93508434295654,1.97075426578522,
88,0,95.45854187,0,0,0,35.77830124,0,5.182422161,0,2.228952408,0,22.57999039,9.50784969329834,0.668203234672546,8.52202033996582,1.28609669208527,6.59398508071899,57.9890327453613,158.920974731445,0,0,9.99256038665771,1.97330820560455,
89,0,95.61471558,0,0,0,35.80997849,0,5.188096523,0,2.229743242,0,22.60083771,9.51863861083984,0.668460786342621,8.53373146057129,1.28784382343292,6.64661026000977,58.1056671142578,158.906280517578,0,0,10.0480718612671,1.9757399559021,
90,0,95.76654053,0,0,0,35.84074783,0,5.193615437,0,2.230512857,0,22.62108994,9.52891540527344,0.668706178665161,8.54488658905029,1.28950691223145,6.69891023635864,58.2217559814453,158.892425537109,0,0,10.1016759872437,1.97805535793304,
91,0,95.90968323,0,0,0,35.86976624,0,5.198821545,0,2.2312388420000002,0,22.64017487,9.53872585296631,0.668940722942352,8.55551624298096,1.291090965271,6.75083827972412,58.3372459411621,158.879409790039,0,0,10.1534299850464,1.98026156425476,
92,0,96.04631042,0,0,0,35.89744186,0,5.203788757,0,2.231931686,0,22.6583786,9.54806900024414,0.669164001941681,8.56564140319824,1.2925990819931,6.80235195159912,58.4520683288574,158.867202758789,0,0,10.2033824920654,1.98236238956451,
93,0,96.17642212,0,0,0,35.92379761,0,5.20852375,0,2.232592583,0,22.67570877,9.55697250366211,0.669376790523529,8.57528686523438,1.29403483867645,6.85341167449951,58.5661659240723,158.855804443359,0,0,10.2515869140625,1.98436319828033,
94,0,96.30002594,0,0,0,35.94882965,0,5.213023663,0,2.233220339,0,22.69215965,9.56545257568359,0.66957950592041,8.58447265625,1.29540157318115,6.90398168563843,58.6794891357422,158.84521484375,0,0,10.298095703125,1.98626828193665,
95,0,96.41711426,0,0,0,35.97252274,0,5.217282295,0,2.233815432,0,22.70773506,9.57351779937744,0.669772267341614,8.59321784973145,1.29670226573944,6.95402860641479,58.7919845581055,158.835403442383,0,0,10.3429536819458,1.98808145523071,
96,0,96.52986145,0,0,0,35.99533081,0,5.221389771,0,2.234388828,0,22.72272682,9.58120155334473,0.669955968856812,8.60154438018799,1.29794025421143,7.00352191925049,58.9036064147949,158.826370239258,0,0,10.3862133026123,1.98980748653412,
97,0,96.63609314,0,0,0,36.016819,0,5.225256443,0,2.234929085,0,22.73684692,9.58852195739746,0.670131087303162,8.60947418212891,1.29911863803864,7.05243349075317,59.0143203735352,158.818099975586,0,0,10.427924156189,1.99145090579987,
98,0,96.73799133,0,0,0,36.03742218,0,5.22896862,0,2.235447645,0,22.75038338,9.59549045562744,0.670297741889954,8.61702346801758,1.30024015903473,7.10073852539063,59.124080657959,158.810592651367,0,0,10.468132019043,1.99301505088806,
99,0,96.83338165,0,0,0,36.05670166,0,5.232444286,0,2.235933065,0,22.76305008,9.60211563110352,0.670456111431122,8.62420845031738,1.30130696296692,7.14841365814209,59.2328491210938,158.803833007813,0,0,10.5068826675415,1.99450314044952,
100,0,96.9265976,0,0,0,36.07556534,0,5.235841274,0,2.236408234,0,22.77542877,9.60842609405518,0.670607089996338,8.63104915618896,1.30232226848602,7.19543886184692,59.3405990600586,158.797805786133,0,0,10.5442218780518,1.99591970443726,
101,0,97.01329803,0,0,0,36.09307861,0,5.239003181,0,2.236849785,0,22.78693008,9.61444187164307,0.670751094818115,8.63756275177002,1.3032888174057,7.24179601669312,59.4472999572754,158.79248046875,0,0,10.5801982879639,1.99726843833923,
102,0,97.09784698,0,0,0,36.11016846,0,5.242084026,0,2.237280846,0,22.79814911,9.62017250061035,0.670888304710388,8.64376449584961,1.30420875549316,7.28746843338013,59.5529251098633,158.787872314453,0,0,10.6148538589478,1.99855268001556,
103,0,97.1758728,0,0,0,36.12591934,0,5.244930744,0,2.237678528,0,22.80849457,9.62562656402588,0.671018838882446,8.64966678619385,1.30508410930634,7.33244276046753,59.6574478149414,158.783950805664,0,0,10.6482315063477,1.99977481365204,
104,0,97.2517395,0,0,0,36.14125443,0,5.247695923,0,2.238065481,0,22.81855392,9.63080787658691,0.67114269733429,8.65528297424316,1.30591666698456,7.37670612335205,59.7608451843262,158.780715942383,0,0,10.6803693771362,2.00093722343445,
105,0,97.32327271,0,0,0,36.15568542,0,5.250305176,0,2.2384305,0,22.82803345,9.63574314117432,0.671260893344879,8.66062927246094,1.3067090511322,7.42024803161621,59.8630981445313,158.77815246582,0,0,10.711311340332,2.00204348564148,
106,0,97.3926239,0,0,0,36.16968155,0,5.252836227,0,2.238784313,0,22.83721924,9.64045143127441,0.671373724937439,8.6657190322876,1.30746340751648,7.46305894851685,59.9641876220703,158.776245117188,0,0,10.741099357605,2.00309705734253,
107,0,97.4576416,0,0,0,36.18282318,0,5.255209446,0,2.23911643,0,22.84583473,9.64494228363037,0.671481370925903,8.67056655883789,1.30818164348602,7.50513219833374,60.0641059875488,158.774993896484,0,0,10.7697725296021,2.00410056114197,
108,0,97.51832581,0,0,0,36.19506454,0,5.257423401,0,2.239426136,0,22.85386848,9.64919757843018,0.671583116054535,8.6751766204834,1.30886435508728,7.546462059021,60.1628303527832,158.774383544922,0,0,10.7973604202271,2.00505423545837,
109,0,97.57684326,0,0,0,36.20689011,0,5.259560585,0,2.239724874,0,22.86161804,9.65323162078857,0.671679437160492,8.67955875396729,1.30951309204102,7.58704376220703,60.2603530883789,158.774383544922,0,0,10.8239011764526,2.00596046447754,
110,0,97.63318634,0,0,0,36.21825027,0,5.261618137,0,2.240012884,0,22.86907387,9.65707778930664,0.671771466732025,8.68373012542725,1.31013035774231,7.62687397003174,60.3566627502441,158.775009155273,0,0,10.8494348526001,2.00682282447815,
111,0,97.68736267,0,0,0,36.22916031,0,5.263595104,0,2.24028945,0,22.87624168,9.66075611114502,0.671859681606293,8.68770313262939,1.31071853637695,7.66595029830933,60.4517555236816,158.776245117188,0,0,10.8739976882935,2.00764465332031,
112,0,97.73719788,0,0,0,36.23923492,0,5.265414715,0,2.240544558,0,22.8828373,9.6642541885376,0.671943545341492,8.69148349761963,1.3112781047821,7.70427227020264,60.5456161499023,158.778076171875,0,0,10.8976211547852,2.00842666625977,
113,0,97.78704071,0,0,0,36.24928284,0,5.267232895,0,2.24079895,0,22.88942909,9.66758918762207,0.67202353477478,8.69508361816406,1.31181085109711,7.74184036254883,60.6382484436035,158.780487060547,0,0,10.9203405380249,2.0091712474823,
114,0,97.83255005,0,0,0,36.25844955,0,5.26889658,0,2.241031885,0,22.89544678,9.67077255249023,0.672099947929382,8.69851303100586,1.31231832504272,7.77865600585938,60.7296447753906,158.783477783203,0,0,10.9421892166138,2.00988078117371,
115,0,97.87589264,0,0,0,36.26718903,0,5.270479679,0,2.241253376,0,22.90117836,9.67378711700439,0.672172129154205,8.70177268981934,1.31280052661896,7.81472158432007,60.8198013305664,158.787017822266,0,0,10.963191986084,2.01055479049683,
116,0,97.91706085,0,0,0,36.27549744,0,5.271981716,0,2.2414639,0,22.90662003,9.67664623260498,0.672240555286407,8.70487117767334,1.31325876712799,7.8500394821167,60.9087181091309,158.791122436523,0,0,10.983377456665,2.01119518280029,
117,0,97.95823669,0,0,0,36.28379822,0,5.273488045,0,2.241674662,0,22.91206551,9.67938327789307,0.67230623960495,8.70782375335693,1.3136955499649,7.88461399078369,60.9963912963867,158.795776367188,0,0,11.002781867981,2.01180577278137,
118,0,97.99506378,0,0,0,36.29123306,0,5.274832249,0,2.241863012,0,22.91693115,9.68199443817139,0.672368884086609,8.7106351852417,1.31411147117615,7.91844940185547,61.0828285217285,158.80094909668,0,0,11.0214328765869,2.01238751411438,
119,0,98.02973175,0,0,0,36.29820633,0,5.276098251,0,2.242040157,0,22.9215107,9.68445014953613,0.672427475452423,8.71330451965332,1.31450593471527,7.95155143737793,61.1680221557617,158.806625366211,0,0,11.0393486022949,2.01293897628784,
120,0,98.06439972,0,0,0,36.30520248,0,5.277365685,0,2.242217779,0,22.92609215,9.6867847442627,0.672483265399933,8.71584224700928,1.3148809671402,7.98392534255981,61.2519798278809,158.81282043457,0,0,11.0565595626831,2.01346325874329,
121,0,98.09689331,0,0,0,36.31174469,0,5.278554916,0,2.242384195,0,22.93038559,9.68902015686035,0.672536909580231,8.71825981140137,1.31523811817169,8.01557731628418,61.3347091674805,158.819519042969,0,0,11.0730953216553,2.0139627456665,
122,0,98.12723541,0,0,0,36.31785965,0,5.27966404,0,2.242539406,0,22.93439484,9.69114398956299,0.672587752342224,8.72055816650391,1.31557774543762,8.04651546478271,61.4162101745605,158.826705932617,0,0,11.088978767395,2.0144376754760702,
123,0,98.15756989,0,0,0,36.32397079,0,5.280772209,0,2.242694855,0,22.93839836,9.69317054748535,0.672636389732361,8.72274684906006,1.31590104103088,8.07674694061279,61.4964866638184,158.834365844727,0,0,11.1042346954346,2.01488995552063,
124,0,98.18572998,0,0,0,36.32965088,0,5.281800747,0,2.24283886,0,22.94211578,9.69511222839355,0.672683119773865,8.72483253479004,1.3162093162536601,8.10627937316895,61.5755462646484,158.842498779297,0,0,11.1188898086548,2.0153214931488,
125,0,98.21173096,0,0,0,36.33488083,0,5.28275156,0,2.242972136,0,22.94555092,9.69695091247559,0.672727227210999,8.72681617736816,1.31650233268738,8.13512134552002,61.6533966064453,158.85107421875,0,0,11.132960319519,2.01573157310486,
126,0,98.23773193,0,0,0,36.34012222,0,5.283702374,0,2.243105173,0,22.94898415,9.69870090484619,0.67276918888092,8.72870349884033,1.31678116321564,8.16328239440918,61.7300453186035,158.860122680664,0,0,11.1464710235596,2.01612162590027,
127,0,98.26156616,0,0,0,36.34494019,0,5.284574032,0,2.243227243,0,22.95213127,9.7003698348999,0.672809183597565,8.73050022125244,1.31704676151276,8.19077110290527,61.8055000305176,158.869613647461,0,0,11.159441947937,2.01649332046509,
128,0,98.28539276,0,0,0,36.34972382,0,5.285442829,0,2.243349314,0,22.95527458,9.70196342468262,0.672847449779511,8.73221206665039,1.31729972362518,8.21759700775146,61.879768371582,158.879531860352,0,0,11.171895980835,2.01684737205505,
129,0,98.30706024,0,0,0,36.3540802,0,5.286235809,0,2.243460178,0,22.9581337,9.70348358154297,0.672884047031403,8.73384284973145,1.31754076480865,8.24376964569092,61.9528579711914,158.889862060547,0,0,11.1838521957397,2.01718473434448,
130,0,98.32656097,0,0,0,36.35800552,0,5.286949158,0,2.243560076,0,22.96070671,9.70491027832031,0.672918021678925,8.73538875579834,1.31776928901672,8.2692985534668,62.0247802734375,158.900604248047,0,0,11.1953239440918,2.01750421524048,
131,0,98.34605408,0,0,0,36.36194611,0,5.28766346,0,2.243660212,0,22.96328163,9.7062520980835,0.672949910163879,8.73685646057129,1.31798589229584,8.29419422149658,62.0955429077148,158.911758422852,0,0,11.2063293457031,2.01780700683594,
132,0,98.36555481,0,0,0,36.36587143,0,5.288375378,0,2.243760347,0,22.96585655,9.70754146575928,0.672980904579163,8.73825359344482,1.31819224357605,8.31846618652344,62.165153503418,158.923309326172,0,0,11.216890335083,2.01809549331665,
133,0,98.38288879,0,0,0,36.36936188,0,5.289007664,0,2.243848801,0,22.96814156,9.70877170562744,0.673010408878326,8.73958396911621,1.31838870048523,8.34212493896484,62.2336273193359,158.935241699219,0,0,11.2270250320435,2.01837038993835,
134,0,98.400222779999993,0,0,0,36.37284851,0,5.289643288,0,2.243937731,0,22.97042656,9.70994186401367,0.673038423061371,8.74084949493408,1.31857550144196,8.36518096923828,62.3009719848633,158.947555541992,0,0,11.2367477416992,2.01863169670105,
135,0,98.41538239,0,0,0,36.37590408,0,5.290194988,0,2.244015455,0,22.97242928,9.7110481262207,0.673064947128296,8.74205112457275,1.31875288486481,8.38764572143555,62.3671989440918,158.960250854492,0,0,11.246072769165,2.01887965202332,
136,0,98.43271637,0,0,0,36.37939835,0,5.290832043,0,2.244104385,0,22.97471619,9.71211433410645,0.673090696334839,8.74319744110107,1.31892216205597,8.40952968597412,62.4323196411133,158.973297119141,0,0,11.2550210952759,2.01911664009094,
137,0,98.44571686,0,0,0,36.38201141,0,5.291306496,0,2.244170904,0,22.97642899,9.71313190460205,0.673115193843842,8.74428939819336,1.31908345222473,8.43084335327148,62.4963455200195,158.986694335938,0,0,11.2636041641235,2.01934242248535,
138,0,98.46087646,0,0,0,36.38505936,0,5.291861534,0,2.244248629,0,22.97842789,9.71409320831299,0.673138201236725,8.74532699584961,1.31923651695251,8.45159721374512,62.5592918395996,159.000427246094,0,0,11.2718353271484,2.01955676078796,
139,0,98.47387695,0,0,0,36.38767624,0,5.292335987,0,2.244315147,0,22.98014069,9.71501922607422,0.673160493373871,8.74631690979004,1.31938278675079,8.4718017578125,62.6211700439453,159.014495849609,0,0,11.2797317504883,2.01976156234741,
140,0,98.48687744,0,0,0,36.39030838,0,5.292811871,0,2.244381905,0,22.98186111,9.71589756011963,0.673181593418121,8.74725914001465,1.31952202320099,8.49146938323975,62.6819915771484,159.028900146484,0,0,11.2873048782349,2.01995635032654,
141,0,98.49770355,0,0,0,36.39247131,0,5.293206215,0,2.244437218,0,22.983284,9.716721534729,0.673201262950897,8.74815368652344,1.31965398788452,8.51060962677002,62.7417678833008,159.04362487793,0,0,11.2945642471313,2.02014088630676,
142,0,98.50853729,0,0,0,36.39464569,0,5.293604374,0,2.244492769,0,22.9847126,9.71748733520508,0.673219263553619,8.74899768829346,1.31977844238281,8.52923393249512,62.8005065917969,159.058654785156,0,0,11.3015184402466,2.02031493186951,
143,0,98.5193634,0,0,0,36.39683914,0,5.294001579,0,2.244548559,0,22.98614311,9.71821689605713,0.673236668109894,8.74979972839355,1.31989669799805,8.5473518371582,62.8582229614258,159.074005126953,0,0,11.3081846237183,2.0204801559448202,
144,0,98.53019714,0,0,0,36.39901352,0,5.294395447,0,2.244603872,0,22.98756981,9.71892261505127,0.6732537150383,8.75056457519531,1.32000958919525,8.56497573852539,62.9149284362793,159.089630126953,0,0,11.3145751953125,2.02063798904419,
145,0,98.54103851,0,0,0,36.40120316,0,5.294791222,0,2.244659424,0,22.98900032,9.71961307525635,0.673270583152771,8.75129795074463,1.32011795043945,8.58211421966553,62.970645904541,159.105575561523,0,0,11.3207063674927,2.0207896232605,
146,0,98.54969788,0,0,0,36.40293884,0,5.295107841,0,2.24470377,0,22.99014282,9.72026920318604,0.673286437988281,8.75199604034424,1.3202211856842,8.59877967834473,63.0253753662109,159.121795654297,0,0,11.3265838623047,2.02093434333801,
147,0,98.55835724,0,0,0,36.40468597,0,5.295425892,0,2.244748354,0,22.99128342,9.72088050842285,0.673300981521606,8.75265789031982,1.32031881809235,8.61498165130615,63.0791320800781,159.138275146484,0,0,11.3322143554688,2.02107095718384,
148,0,98.56702423,0,0,0,36.40642548,0,5.295743465,0,2.2447927,0,22.99242592,9.72146320343018,0.673314869403839,8.75328731536865,1.3204118013382,8.6307315826416,63.1319389343262,159.155029296875,0,0,11.3376111984253,2.02120089530945,
149,0,98.57569122,0,0,0,36.40818405,0,5.296061993,0,2.244837284,0,22.99357033,9.72202777862549,0.673328459262848,8.7538890838623,1.32050061225891,8.64603805541992,63.1838035583496,159.172058105469,0,0,11.3427848815918,2.02132558822632,
150,0,98.58219147,0,0,0,36.40948868,0,5.296298504,0,2.244870663,0,22.99442673,9.72255611419678,0.67334109544754,8.75446033477783,1.32058477401733,8.66091346740723,63.2347412109375,159.189331054688,0,0,11.3477401733398,2.02144360542297,
151,0,98.59085083,0,0,0,36.41122055,0,5.296615601,0,2.24491477,0,22.99556732,9.72306156158447,0.67335319519043,8.75500297546387,1.3206650018692,8.67536640167236,63.2847595214844,159.20686340332,0,0,11.3524894714355,2.02155590057373,
152,0,98.59735107,0,0,0,36.41252899,0,5.296854019,0,2.244948387,0,22.99642563,9.72355270385742,0.673365116119385,8.75552272796631,1.32074189186096,8.6894063949585,63.3338775634766,159.224639892578,0,0,11.3570423126221,2.02166366577148,
153,0,98.60384369,0,0,0,36.41383743,0,5.29709053,0,2.244981527,0,22.99728012,9.72400951385498,0.673376023769379,8.75601577758789,1.3208146095275899,8.70304393768311,63.3820991516113,159.242645263672,0,0,11.3614025115967,2.02176570892334,
154,0,98.61034393,0,0,0,36.41514206,0,5.297327518,0,2.245014906,0,22.99813843,9.72444438934326,0.67338639497757,8.75648498535156,1.32088387012482,8.71628856658936,63.4294471740723,159.260894775391,0,0,11.3655805587769,2.02186250686646,
155,0,98.61468506,0,0,0,36.41601563,0,5.297485352,0,2.245037079,0,22.99870872,9.72484111785889,0.673395752906799,8.75692653656006,1.32094895839691,8.72915077209473,63.4759254455566,159.279357910156,0,0,11.3695774078369,2.02195358276367,
156,0,98.6211853,0,0,0,36.4173317,0,5.297726154,0,2.245070696,0,22.99956703,9.72521495819092,0.673404633998871,8.75734424591064,1.32101035118103,8.74163913726807,63.5215492248535,159.298034667969,0,0,11.3734035491943,2.02203941345215,
157,0,98.62768555,0,0,0,36.41864014,0,5.297963619,0,2.245104074,0,23.00042534,9.72560024261475,0.673414051532745,8.7577486038208,1.3210700750351,8.75376224517822,63.5663299560547,159.316925048828,0,0,11.3770742416382,2.02212309837341,
158,0,98.63200378,0,0,0,36.41949844,0,5.298119068,0,2.245126009,0,23.00099182,9.72596454620361,0.673422932624817,8.75813388824463,1.32112693786621,8.76552963256836,63.6102905273438,159.336044311523,0,0,11.3805913925171,2.02220273017883,
159,0,98.63635254,0,0,0,36.4203949,0,5.29828167,0,2.24514842,0,23.00156784,9.72629261016846,0.673430681228638,8.75849628448486,1.32118022441864,8.77694988250732,63.6534309387207,159.355361938477,0,0,11.3839559555054,2.02227735519409,
160,0,98.64067841,0,0,0,36.4212532,0,5.298438072,0,2.245170593,0,23.00213623,9.72659873962402,0.673437893390656,8.75883865356445,1.32123053073883,8.78803253173828,63.6957626342773,159.374847412109,0,0,11.3871755599976,2.02234768867493,
161,0,98.6450119,0,0,0,36.42213058,0,5.298595428,0,2.245192766,0,23.00270653,9.72688961029053,0.673444747924805,8.75916290283203,1.32127821445465,8.79878616333008,63.7373085021973,159.39453125,0,0,11.3902568817139,2.02241444587708,
162,0,98.6493454,0,0,0,36.42299271,0,5.298755646,0,2.245214939,0,23.00327873,9.72717094421387,0.673451542854309,8.75947189331055,1.32132375240326,8.80921936035156,63.778076171875,159.414398193359,0,0,11.3932065963745,2.0224781036377,
163,0,98.65367126,0,0,0,36.42386627,0,5.298912525,0,2.245237112,0,23.00384712,9.72744655609131,0.673458218574524,8.75976753234863,1.32136738300323,8.81934070587158,63.8180809020996,159.434448242188,0,0,11.3960332870483,2.02253890037537,
164,0,98.65800476,0,0,0,36.42474365,0,5.299073219,0,2.245259285,0,23.00442123,9.72772026062012,0.673464894294739,8.76005172729492,1.32140946388245,8.82915687561035,63.8573265075684,159.454666137695,0,0,11.3987426757813,2.02259755134583,
165,0,98.66017914,0,0,0,36.42517853,0,5.299150467,0,2.245270491,0,23.00470734,9.72796535491943,0.673470795154572,8.76031875610352,1.32144892215729,8.83867740631104,63.8958358764648,159.475067138672,0,0,11.4013328552246,2.02265286445618,
166,0,98.664505,0,0,0,36.42604828,0,5.299309731,0,2.245292664,0,23.00527573,9.72819328308105,0.673476219177246,8.76057147979736,1.32148623466492,8.84790992736816,63.9336166381836,159.495620727539,0,0,11.4038114547729,2.02270483970642,
167,0,98.6688385,0,0,0,36.42691422,0,5.299467564,0,2.245315075,0,23.00584602,9.72843647003174,0.673482239246368,8.76081848144531,1.32152271270752,8.85686206817627,63.9706840515137,159.516326904297,0,0,11.4061899185181,2.02275609970093,
168,0,98.67100525,0,0,0,36.42736435,0,5.299547672,0,2.245326281,0,23.00613403,9.72866344451904,0.673487782478333,8.76105308532715,1.32155752182007,8.86554145812988,64.0070419311523,159.537200927734,0,0,11.4084663391113,2.02280497550964,
169,0,98.673172,0,0,0,36.42778778,0,5.299627781,0,2.245337248,0,23.00641823,9.72885608673096,0.673492193222046,8.76127147674561,1.32158958911896,8.87395572662354,64.0427093505859,159.558212280273,0,0,11.4106397628784,2.02284979820251,
170,0,98.67750549,0,0,0,36.42866898,0,5.29978466,0,2.245359421,0,23.00699043,9.72905158996582,0.673496901988983,8.76148128509521,1.32162058353424,8.88211154937744,64.0776977539063,159.579360961914,0,0,11.4127225875854,2.02289319038391,
171,0,98.67966461,0,0,0,36.42910004,0,5.299864769,0,2.245370626,0,23.00727463,9.729248046875,0.67350172996521,8.76168441772461,1.32165062427521,8.89001560211182,64.1120071411133,159.600646972656,0,0,11.414719581604,2.02293539047241,
172,0,98.68183899,0,0,0,36.4295311,0,5.299945354,0,2.245381832,0,23.00755882,9.72942161560059,0.673505783081055,8.76187419891357,1.32167863845825,8.89767646789551,64.1456604003906,159.6220703125,0,0,11.4166278839111,2.02297472953796,
173,0,98.68400574,0,0,0,36.4299736,0,5.300022602,0,2.245392799,0,23.00784683,9.72957992553711,0.673509538173676,8.76205253601074,1.32170486450195,8.90509986877441,64.1786651611328,159.643630981445,0,0,11.4184522628784,2.02301120758057,
174,0,98.68616486,0,0,0,36.43040466,0,5.300101757,0,2.245403767,0,23.00813103,9.72972869873047,0.673512995243073,8.76222133636475,1.32172966003418,8.91229343414307,64.2110366821289,159.665313720703,0,0,11.4201965332031,2.02304577827454,
175,0,98.68833923,0,0,0,36.43083954,0,5.300182343,0,2.245415211,0,23.00841904,9.72987270355225,0.673516452312469,8.7623815536499,1.32175326347351,8.91926193237305,64.2427749633789,159.687118530273,0,0,11.4218654632568,2.02307868003845,
176,0,98.69049835,0,0,0,36.43126678,0,5.300259113,0,2.245426178,0,23.00870132,9.73001194000244,0.673519790172577,8.76253414154053,1.32177579402924,8.92601203918457,64.2739028930664,159.709045410156,0,0,11.4234619140625,2.02311015129089,
177,0,98.6926651,0,0,0,36.43172455,0,5.300339222,0,2.245437384,0,23.00898743,9.73014831542969,0.673523128032684,8.76268005371094,1.32179737091064,8.93255138397217,64.3044281005859,159.731079101563,0,0,11.4249906539917,2.02314043045044,
178,0,98.69483185,0,0,0,36.43214798,0,5.300419331,0,2.245448351,0,23.00927162,9.73028469085693,0.673526465892792,8.76282215118408,1.32181823253632,8.93888473510742,64.334358215332,159.753219604492,0,0,11.4264535903931,2.02316975593567,
179,0,98.6969986,0,0,0,36.43258667,0,5.300500393,0,2.245459557,0,23.00955963,9.73042011260986,0.673529803752899,8.76295852661133,1.32183837890625,8.94501781463623,64.3637084960938,159.775466918945,0,0,11.4278554916382,2.02319812774658,
180,0,98.69915771,0,0,0,36.43301773,0,5.30057621,0,2.245470524,0,23.00984383,9.73055362701416,0.673533141613007,8.76309013366699,1.32185804843903,8.95095729827881,64.3924789428711,159.797821044922,0,0,11.4292001724243,2.02322578430176,
181,0,98.69915771,0,0,0,36.43301773,0,5.30057621,0,2.245470524,0,23.00984383,9.73066139221191,0.673535585403442,8.76321125030518,1.32187592983246,8.95670890808105,64.4206924438477,159.820266723633,0,0,11.4304819107056,2.02325081825256,
182,0,98.70133209,0,0,0,36.43345261,0,5.300656319,0,2.24548173,0,23.01012802,9.73075485229492,0.673537611961365,8.76332378387451,1.32189238071442,8.96227741241455,64.4483489990234,159.842803955078,0,0,11.4317054748535,2.02327370643616,
183,0,98.70349121,0,0,0,36.43389511,0,5.300736904,0,2.245492935,0,23.01041412,9.73086357116699,0.673540353775024,8.76343536376953,1.32190883159637,8.9676685333252,64.475456237793,159.865432739258,0,0,11.4328804016113,2.02329707145691,
184,0,98.70349121,0,0,0,36.43389511,0,5.300736904,0,2.245492935,0,23.01041412,9.73095703125,0.673542559146881,8.76353931427002,1.32192397117615,8.97288799285889,64.5020294189453,159.888137817383,0,0,11.4340019226074,2.02331829071045,
185,0,98.70565796,0,0,0,36.43432236,0,5.300816536,0,2.245503902,0,23.01069832,9.73104095458984,0.673544406890869,8.76363563537598,1.3219381570816,8.97793960571289,64.5280838012695,159.910949707031,0,0,11.4350719451904,2.02333807945251,
186,0,98.70783234,0,0,0,36.43475723,0,5.300893784,0,2.245515108,0,23.01098442,9.73114204406738,0.673547089099884,8.76373291015625,1.32195270061493,8.98282909393311,64.5536270141602,159.933837890625,0,0,11.4361009597778,2.02335858345032,
187,0,98.70783234,0,0,0,36.43475723,0,5.300893784,0,2.245515108,0,23.01098442,9.73123073577881,0.673549294471741,8.76382446289063,1.32196629047394,8.98756122589111,64.5786666870117,159.956802368164,0,0,11.437084197998,2.02337765693665,
188,0,98.70999908,0,0,0,36.43520737,0,5.300974846,0,2.245526075,0,23.011272430000002,9.7313117980957,0.673551142215729,8.76391124725342,1.32197904586792,8.9921407699585,64.6032028198242,159.979827880859,0,0,11.4380235671997,2.02339553833008,
189,0,98.70999908,0,0,0,36.43520737,0,5.300974846,0,2.245526075,0,23.011272430000002,9.7313871383667,0.673552930355072,8.76399421691895,1.32199108600616,8.99657249450684,64.6272506713867,160.0029296875,0,0,11.4389228820801,2.02341270446777,
190,0,98.7121582,0,0,0,36.43564224,0,5.301054001,0,2.245537281,0,23.01155663,9.73145961761475,0.673554599285126,8.76407241821289,1.32200264930725,9.00086116790771,64.6508255004883,160.026092529297,0,0,11.4397811889648,2.02342891693115,
191,0,98.7121582,0,0,0,36.43564224,0,5.301054001,0,2.245537281,0,23.01155663,9.73153018951416,0.673556327819824,8.76414775848389,1.32201373577118,9.00500965118408,64.6739273071289,160.04931640625,0,0,11.4406032562256,2.02344441413879,
192,0,98.71432495,0,0,0,36.43607712,0,5.301135063,0,2.245548487,0,23.01184273,9.73159980773926,0.673558056354523,8.76421928405762,1.32202434539795,9.00902366638184,64.6965713500977,160.072601318359,0,0,11.4413900375366,2.02345943450928,
193,0,98.71432495,0,0,0,36.43607712,0,5.301135063,0,2.245548487,0,23.01184273,9.73166942596436,0.673559725284576,8.76428890228271,1.32203459739685,9.01290607452393,64.7187652587891,160.095947265625,0,0,11.4421434402466,2.02347373962402,
194,0,98.71432495,0,0,0,36.43607712,0,5.301135063,0,2.245548487,0,23.01184273,9.73171234130859,0.673560500144959,8.76434898376465,1.32204329967499,9.01666259765625,64.7405166625977,160.119354248047,0,0,11.4428586959839,2.02348566055298,
195,0,98.71649933,0,0,0,36.43651581,0,5.301212311,0,2.245559692,0,23.01212883,9.73176383972168,0.673561751842499,8.76440811157227,1.32205200195313,9.02029609680176,64.7618255615234,160.142807006836,0,0,11.4435434341431,2.02349758148193,
196,0,98.71649933,0,0,0,36.43651581,0,5.301212311,0,2.245559692,0,23.01212883,9.73182010650635,0.673563241958618,8.76446533203125,1.32206058502197,9.02381038665771,64.7827072143555,160.166305541992,0,0,11.4442005157471,2.02350974082947,
197,0,98.71649933,0,0,0,36.43651581,0,5.301212311,0,2.245559692,0,23.01212883,9.73185443878174,0.673563897609711,8.76451587677002,1.32206785678864,9.02720928192139,64.8031692504883,160.189849853516,0,0,11.4448232650757,2.02351999282837,
198,0,98.71865082,0,0,0,36.43693542,0,5.301290989,0,2.24557066,0,23.01241112,9.73190212249756,0.673565149307251,8.76456642150879,1.32207536697388,9.03049564361572,64.8232192993164,160.213439941406,0,0,11.4454212188721,2.02353024482727,
199,0,98.71865082,0,0,0,36.43693542,0,5.301290989,0,2.24557066,0,23.01241112,9.73195648193359,0.673566579818726,8.76461696624756,1.32208287715912,9.03367328643799,64.8428726196289,160.237075805664,0,0,11.4459953308105,2.02354097366333,
200,0,98.71865082,0,0,0,36.43693542,0,5.301290989,0,2.24557066,0,23.01241112,9.73198986053467,0.673567235469818,8.76466083526611,1.32208931446075,9.03674602508545,64.8621215820313,160.260757446289,0,0,11.4465408325195,2.02354979515076,
201,0,98.7208252,0,0,0,36.4373703,0,5.301371098,0,2.245581627,0,23.01269531,9.73203563690186,0.673568427562714,8.76470565795898,1.32209599018097,9.03971576690674,64.880989074707,160.284469604492,0,0,11.4470653533936,2.02355909347534,
202,0,98.7208252,0,0,0,36.4373703,0,5.301371098,0,2.245581627,0,23.01269531,9.73208999633789,0.673569858074188,8.76475143432617,1.32210290431976,9.04258728027344,64.8994750976563,160.308227539063,0,0,11.4475688934326,2.02356886863709,
203,0,98.7208252,0,0,0,36.4373703,0,5.301371098,0,2.245581627,0,23.01269531,9.73212432861328,0.673570513725281,8.76479148864746,1.32210886478424,9.0453634262085,64.917594909668,160.332000732422,0,0,11.4480466842651,2.02357697486877,
204,0,98.7208252,0,0,0,36.4373703,0,5.301371098,0,2.245581627,0,23.01269531,9.73214626312256,0.673570811748505,8.76482677459717,1.3221138715744,9.04804706573486,64.9353408813477,160.355804443359,0,0,11.4485006332397,2.02358388900757,
205,0,98.72299194,0,0,0,36.43780518,0,5.301448345,0,2.245592833,0,23.01298332,9.7321834564209,0.673571884632111,8.76486396789551,1.32211935520172,9.05064105987549,64.9527282714844,160.379638671875,0,0,11.448938369751,2.02359175682068,
206,0,98.72299194,0,0,0,36.43780518,0,5.301448345,0,2.245592833,0,23.01298332,9.73223114013672,0.67357325553894,8.76490306854248,1.3221253156662,9.05314826965332,64.9697570800781,160.40348815918,0,0,11.4493589401245,2.02360010147095,
207,0,98.72299194,0,0,0,36.43780518,0,5.301448345,0,2.245592833,0,23.01298332,9.73226165771484,0.673573970794678,8.76493644714355,1.32213032245636,9.05557155609131,64.986442565918,160.427368164063,0,0,11.4497585296631,2.02360701560974,
208,0,98.72299194,0,0,0,36.43780518,0,5.301448345,0,2.245592833,0,23.01298332,9.73228073120117,0.67357426881790206,8.76496601104736,1.32213461399078,9.0579137802124,65.0027847290039,160.451263427734,0,0,11.450138092041,2.02361273765564,
209,0,98.72299194,0,0,0,36.43780518,0,5.301448345,0,2.245592833,0,23.01298332,9.73229217529297,0.673574388027191,8.76499176025391,1.32213830947876,9.06017684936523,65.0187911987305,160.475173950195,0,0,11.4504985809326,2.0236177444458,
210,0,98.72515869,0,0,0,36.43824768,0,5.301528931,0,2.245604038,0,23.01326942,9.73232460021973,0.673575341701508,8.7650203704834,1.32214260101318,9.06236362457275,65.0344772338867,160.499099731445,0,0,11.4508476257324,2.02362394332886,
211,0,98.72515869,0,0,0,36.43824768,0,5.301528931,0,2.245604038,0,23.01326942,9.73237037658691,0.673576712608337,8.76505184173584,1.32214748859406,9.06447696685791,65.0498428344727,160.523040771484,0,0,11.4511852264404,2.02363085746765,
212,0,98.72515869,0,0,0,36.43824768,0,5.301528931,0,2.245604038,0,23.01326942,9.73239898681641,0.67357736825943,8.76507949829102,1.32215166091919,9.06651878356934,65.0648956298828,160.546997070313,0,0,11.4515056610107,2.02363657951355,
213,0,98.72515869,0,0,0,36.43824768,0,5.301528931,0,2.245604038,0,23.01326942,9.73241710662842,0.673577606678009,8.76510334014893,1.32215523719788,9.06849193572998,65.0796356201172,160.57096862793,0,0,11.4518098831177,2.02364158630371,
214,0,98.72515869,0,0,0,36.43824768,0,5.301528931,0,2.245604038,0,23.01326942,9.73242855072021,0.673577725887299,8.76512432098389,1.32215821743011,9.07039737701416,65.0940704345703,160.594955444336,0,0,11.4520988464355,2.02364563941956,
215,0,98.72515869,0,0,0,36.43824768,0,5.301528931,0,2.245604038,0,23.01326942,9.73243522644043,0.673577845096588,8.7651424407959,1.32216084003448,9.07223892211914,65.1082153320313,160.618927001953,0,0,11.4523725509644,2.02364897727966,
216,0,98.72515869,0,0,0,36.43824768,0,5.301528931,0,2.245604038,0,23.01326942,9.73243999481201,0.673577845096588,8.76515865325928,1.3221629858017,9.07401752471924,65.1220703125,160.642913818359,0,0,11.4526329040527,2.02365183830261,
217,0,98.72731781,0,0,0,36.43869019,0,5.301608562,0,2.245615244,0,23.01355362,9.73246765136719,0.673578798770905,8.76517868041992,1.32216608524323,9.07573509216309,65.1356353759766,160.666900634766,0,0,11.4528856277466,2.02365636825562,
218,0,98.72731781,0,0,0,36.43869019,0,5.301608562,0,2.245615244,0,23.01355362,9.73250961303711,0.673580050468445,8.76520347595215,1.32216989994049,9.07739448547363,65.1489334106445,160.690887451172,0,0,11.4531326293945,2.02366209030151,
219,0,98.72731781,0,0,0,36.43869019,0,5.301608562,0,2.245615244,0,23.01355362,9.73253631591797,0.673580706119537,8.76522541046143,1.3221732378006,9.0789966583252,65.1619567871094,160.714874267578,0,0,11.4533672332764,2.0236668586731,
220,0,98.72731781,0,0,0,36.43869019,0,5.301608562,0,2.245615244,0,23.01355362,9.73255348205566,0.673580944538116,8.76524353027344,1.32217597961426,9.08054447174072,65.1747131347656,160.738845825195,0,0,11.4535903930664,2.02367091178894,
221,0,98.72731781,0,0,0,36.43869019,0,5.301608562,0,2.245615244,0,23.01355362,9.73256397247314,0.673581063747406,8.76525974273682,1.32217836380005,9.08203983306885,65.1872024536133,160.762817382813,0,0,11.4538021087646,2.02367424964905,
222,0,98.72731781,0,0,0,36.43869019,0,5.301608562,0,2.245615244,0,23.01355362,9.73257064819336,0.673581182956696,8.76527404785156,1.32218039035797,9.08348369598389,65.1994400024414,160.78678894043,0,0,11.4540023803711,2.023677110672,
223,0,98.72731781,0,0,0,36.43869019,0,5.301608562,0,2.245615244,0,23.01355362,9.73257446289063,0.673581182956696,8.76528644561768,1.32218217849731,9.08487796783447,65.2114181518555,160.810760498047,0,0,11.4541921615601,2.02367949485779,
224,0,98.72731781,0,0,0,36.43869019,0,5.301608562,0,2.245615244,0,23.01355362,9.73257732391357,0.673581182956696,8.76529788970947,1.32218360900879,9.08622360229492,65.2231521606445,160.834732055664,0,0,11.4543733596802,2.02368140220642,
225,0,98.72731781,0,0,0,36.43869019,0,5.301608562,0,2.245615244,0,23.01355362,9.73257923126221,0.673581182956696,8.76530742645264,1.32218492031097,9.08752346038818,65.2346420288086,160.858688354492,0,0,11.4545450210571,2.02368307113647,
226,0,98.72731781,0,0,0,36.43869019,0,5.301608562,0,2.245615244,0,23.01355362,9.73258018493652,0.673581182956696,8.76531505584717,1.32218599319458,9.08877849578857,65.2458877563477,160.882629394531,0,0,11.4547080993652,2.02368426322937,
227,0,98.72949219,0,0,0,36.43912506,0,5.301689625,0,2.245626211,0,23.01383972,9.73260593414307,0.673582136631012,8.76532936096191,1.32218813896179,9.08998966217041,65.2569046020508,160.906555175781,0,0,11.4548683166504,2.0236873626709,
228,0,98.72949219,0,0,0,36.43912506,0,5.301689625,0,2.245626211,0,23.01383972,9.73264694213867,0.673583388328552,8.76534748077393,1.32219111919403,9.09115886688232,65.267692565918,160.930465698242,0,0,11.4550266265869,2.02369213104248,
229,0,98.72949219,0,0,0,36.43912506,0,5.301689625,0,2.245626211,0,23.01383972,9.73267364501953,0.673583984375,8.7653636932373,1.3221937417984,9.09228801727295,65.2782592773438,160.954360961914,0,0,11.4551773071289,2.02369618415833,
230,0,98.72949219,0,0,0,36.43912506,0,5.301689625,0,2.245626211,0,23.01383972,9.73268985748291,0.673584342002869,8.76537799835205,1.32219588756561,9.0933780670166,65.2886047363281,160.978240966797,0,0,11.4553203582764,2.02369928359985,
231,0,98.72949219,0,0,0,36.43912506,0,5.301689625,0,2.245626211,0,23.01383972,9.73269939422607,0.673584401607513,8.76539134979248,1.32219779491425,9.09443092346191,65.2987442016602,161.002136230469,0,0,11.4554557800293,2.0237021446228,
232,0,98.72949219,0,0,0,36.43912506,0,5.301689625,0,2.245626211,0,23.01383972,9.73270606994629,0.673584461212158,8.76540279388428,1.32219934463501,9.09544658660889,65.3086700439453,161.025985717773,0,0,11.4555854797363,2.02370452880859,
233,0,98.72949219,0,0,0,36.43912506,0,5.301689625,0,2.245626211,0,23.01383972,9.73271083831787,0.673584520816803,8.76541233062744,1.32220065593719,9.09642696380615,65.3183898925781,161.049819946289,0,0,11.4557075500488,2.02370643615723,
234,0,98.72949219,0,0,0,36.43912506,0,5.301689625,0,2.245626211,0,23.01383972,9.7327127456665,0.673584520816803,8.76541996002197,1.32220184803009,9.09737396240234,65.3279113769531,161.073638916016,0,0,11.4558238983154,2.02370810508728,
235,0,98.72949219,0,0,0,36.43912506,0,5.301689625,0,2.245626211,0,23.01383972,9.73271465301514,0.673584520816803,8.7654275894165,1.32220280170441,9.09828758239746,65.3372344970703,161.097442626953,0,0,11.4559335708618,2.0237092971801798,
236,0,98.72949219,0,0,0,36.43912506,0,5.301689625,0,2.245626211,0,23.01383972,9.73271560668945,0.673584520816803,8.76543426513672,1.32220363616943,9.09916877746582,65.3463516235352,161.121215820313,0,0,11.4560384750366,2.02371048927307,
237,0,98.72949219,0,0,0,36.43912506,0,5.301689625,0,2.245626211,0,23.01383972,9.73271656036377,0.673584520816803,8.76543998718262,1.32220435142517,9.10001945495605,65.3552780151367,161.144973754883,0,0,11.4561376571655,2.02371120452881,
238,0,98.72949219,0,0,0,36.43912506,0,5.301689625,0,2.245626211,0,23.01383972,9.73271656036377,0.673584520816803,8.7654447555542,1.32220494747162,9.10083961486816,65.3640213012695,161.168685913086,0,0,11.4562320709229,2.02371191978455,
239,0,98.72949219,0,0,0,36.43912506,0,5.301689625,0,2.245626211,0,23.01383972,9.73271656036377,0.673584520816803,8.76544857025146,1.32220542430878,9.10163116455078,65.3725891113281,161.1923828125,0,0,11.4563217163086,2.0237123966217,
240,0,98.72949219,0,0,0,36.43912506,0,5.301689625,0,2.245626211,0,23.01383972,9.73271656036377,0.673584520816803,8.76545143127441,1.32220590114594,9.10239505767822,65.380973815918,161.216049194336,0,0,11.4564075469971,2.02371287345886,
241,0,98.72949219,0,0,0,36.43912506,0,5.301689625,0,2.245626211,0,23.01383972,9.73271656036377,0.673584520816803,8.76545429229736,1.3222062587738,9.1031322479248,65.3891754150391,161.239685058594,0,0,11.456488609314,2.02371335029602,
242,0,98.72949219,0,0,0,36.43912506,0,5.301689625,0,2.245626211,0,23.01383972,9.73271656036377,0.673584520816803,8.76545715332031,1.32220661640167,9.10384368896484,65.3972091674805,161.263290405273,0,0,11.4565649032593,2.02371382713318,
243,0,98.72949219,0,0,0,36.43912506,0,5.301689625,0,2.245626211,0,23.01383972,9.73271656036377,0.673584520816803,8.76545906066895,1.32220685482025,9.10453033447266,65.4050750732422,161.286880493164,0,0,11.4566373825073,2.02371406555176,
244,0,98.72949219,0,0,0,36.43912506,0,5.301689625,0,2.245626211,0,23.01383972,9.73271656036377,0.673584520816803,8.76546096801758,1.32220709323883,9.10519218444824,65.4127731323242,161.310440063477,0,0,11.4567070007324,2.02371430397034,
245,0,98.72949219,0,0,0,36.43912506,0,5.301689625,0,2.245626211,0,23.01383972,9.73271656036377,0.673584520816803,8.76546287536621,1.32220733165741,9.10583019256592,65.4203109741211,161.333969116211,0,0,11.4567728042603,2.02371430397034,
246,0,98.72949219,0,0,0,36.43912506,0,5.301689625,0,2.245626211,0,23.01383972,9.73271656036377,0.673584520816803,8.76546382904053,1.32220757007599,9.10644626617432,65.4276885986328,161.357467651367,0,0,11.4568347930908,2.02371430397034,
247,0,98.72949219,0,0,0,36.43912506,0,5.301689625,0,2.245626211,0,23.01383972,9.73271656036377,0.673584520816803,8.76546478271484,1.32220768928528,9.10704040527344,65.4349060058594,161.380905151367,0,0,11.4568939208984,2.02371430397034,
248,0,98.72949219,0,0,0,36.43912506,0,5.301689625,0,2.245626211,0,23.01383972,9.73271656036377,0.673584520816803,8.76546573638916,1.32220780849457,9.1076135635376,65.4419860839844,161.404312133789,0,0,11.4569492340088,2.02371430397034,
249,0,98.73165894,0,0,0,36.43956757,0,5.301766872,0,2.245637417,0,23.01412582,9.732741355896,0.673585414886475,8.76547336578369,1.32220911979675,9.1081657409668,65.4489059448242,161.427688598633,0,0,11.4570093154907,2.02371644973755,
250,0,98.73165894,0,0,0,36.43956757,0,5.301766872,0,2.245637417,0,23.01412582,9.73278045654297,0.67358672618866,8.76548671722412,1.32221150398254,9.10869789123535,65.455696105957,161.451034545898,0,0,11.4570732116699,2.02372026443481,
251,0,98.73165894,0,0,0,36.43956757,0,5.301766872,0,2.245637417,0,23.01412582,9.7328052520752,0.673587322235107,8.76549911499023,1.32221353054047,9.10921287536621,65.4623413085938,161.474334716797,0,0,11.4571332931519,2.02372336387634,
252,0,98.73165894,0,0,0,36.43956757,0,5.301766872,0,2.245637417,0,23.01412582,9.73282051086426,0.673587679862976,8.76550960540771,1.32221519947052,9.10970973968506,65.4688415527344,161.497604370117,0,0,11.4571905136108,2.02372598648071,
253,0,98.73165894,0,0,0,36.43956757,0,5.301766872,0,2.245637417,0,23.01412582,9.73283004760742,0.673587799072266,8.76551818847656,1.32221662998199,9.11018848419189,65.475212097168,161.52082824707,0,0,11.4572439193726,2.0237283706665,
254,0,98.73165894,0,0,0,36.43956757,0,5.301766872,0,2.245637417,0,23.01412582,9.73283672332764,0.67358785867691,8.76552677154541,1.32221782207489,9.11065006256104,65.4814453125,161.544021606445,0,0,11.4572954177856,2.02373027801514,
255,0,98.73165894,0,0,0,36.43956757,0,5.301766872,0,2.245637417,0,23.01412582,9.7328405380249,0.67358785867691,8.76553440093994,1.3222188949585,9.1110954284668,65.4875564575195,161.567169189453,0,0,11.4573440551758,2.02373194694519,
256,0,98.73165894,0,0,0,36.43956757,0,5.301766872,0,2.245637417,0,23.01412582,9.73284339904785,0.67358785867691,8.76554012298584,1.32221984863281,9.1115255355835,65.4935302734375,161.590286254883,0,0,11.457389831543,2.02373337745667,
257,0,98.73165894,0,0,0,36.43956757,0,5.301766872,0,2.245637417,0,23.01412582,9.73284530639648,0.67358785867691,8.76554489135742,1.32222056388855,9.11194038391113,65.499382019043,161.613357543945,0,0,11.4574337005615,2.02373456954956,
258,0,98.73165894,0,0,0,36.43956757,0,5.301766872,0,2.245637417,0,23.01412582,9.7328462600708,0.67358785867691,8.765549659729,1.32222127914429,9.11234092712402,65.5051116943359,161.636383056641,0,0,11.4574756622314,2.0237352848053,
259,0,98.73165894,0,0,0,36.43956757,0,5.301766872,0,2.245637417,0,23.01412582,9.7328462600708,0.67358785867691,8.76555347442627,1.32222187519073,9.11272621154785,65.5107192993164,161.659362792969,0,0,11.4575157165527,2.02373600006104,
260,0,98.73165894,0,0,0,36.43956757,0,5.301766872,0,2.245637417,0,23.01412582,9.7328462600708,0.67358785867691,8.76555728912354,1.32222235202789,9.11309814453125,65.5162048339844,161.682312011719,0,0,11.4575538635254,2.02373671531677,
261,0,98.73165894,0,0,0,36.43956757,0,5.301766872,0,2.245637417,0,23.01412582,9.7328462600708,0.67358785867691,8.7655611038208,1.32222270965576,9.11345767974854,65.5215759277344,161.705215454102,0,0,11.4575891494751,2.02373743057251,
262,0,98.73165894,0,0,0,36.43956757,0,5.301766872,0,2.245637417,0,23.01412582,9.7328462600708,0.67358785867691,8.76556396484375,1.32222306728363,9.11380386352539,65.5268402099609,161.728073120117,0,0,11.4576234817505,2.02373790740967,
263,0,98.73165894,0,0,0,36.43956757,0,5.301766872,0,2.245637417,0,23.01412582,9.7328462600708,0.67358785867691,8.7655668258667,1.32222330570221,9.11413764953613,65.531982421875,161.750885009766,0,0,11.4576559066772,2.02373814582825,
264,0,98.73165894,0,0,0,36.43956757,0,5.301766872,0,2.245637417,0,23.01412582,9.7328462600708,0.67358785867691,8.76556873321533,1.32222354412079,9.11445903778076,65.5370178222656,161.773651123047,0,0,11.4576864242554,2.02373838424683,
265,0,98.73165894,0,0,0,36.43956757,0,5.301766872,0,2.245637417,0,23.01412582,9.7328462600708,0.67358785867691,8.76557064056396,1.32222378253937,9.11476898193359,65.5419540405273,161.796371459961,0,0,11.4577159881592,2.02373862266541,
266,0,98.73165894,0,0,0,36.43956757,0,5.301766872,0,2.245637417,0,23.01412582,9.7328462600708,0.67358785867691,8.7655725479126,1.32222402095795,9.11506843566895,65.5467834472656,161.819061279297,0,0,11.4577436447144,2.02373886108398,
267,0,98.73165894,0,0,0,36.43956757,0,5.301766872,0,2.245637417,0,23.01412582,9.7328462600708,0.67358785867691,8.76557350158691,1.32222414016724,9.11535739898682,65.5515060424805,161.841690063477,0,0,11.4577703475952,2.02373909950256,
268,0,98.73165894,0,0,0,36.43956757,0,5.301766872,0,2.245637417,0,23.01412582,9.7328462600708,0.67358785867691,8.76557445526123,1.32222425937653,9.11563587188721,65.5561218261719,161.864273071289,0,0,11.4577951431274,2.02373933792114,
269,0,98.73165894,0,0,0,36.43956757,0,5.301766872,0,2.245637417,0,23.01412582,9.7328462600708,0.67358785867691,8.76557540893555,1.32222437858582,9.11590480804443,65.5606536865234,161.886810302734,0,0,11.4578189849854,2.02373933792114,
270,0,98.73165894,0,0,0,36.43956757,0,5.301766872,0,2.245637417,0,23.01412582,9.7328462600708,0.67358785867691,8.76557636260986,1.3222244977951,9.1161642074585,65.5650863647461,161.909301757813,0,0,11.4578409194946,2.02373933792114,
271,0,98.73165894,0,0,0,36.43956757,0,5.301766872,0,2.245637417,0,23.01412582,9.7328462600708,0.67358785867691,8.76557731628418,1.32222461700439,9.11641311645508,65.5694198608398,161.931747436523,0,0,11.4578628540039,2.02373933792114,
272,0,98.73165894,0,0,0,36.43956757,0,5.301766872,0,2.245637417,0,23.01412582,9.7328462600708,0.67358785867691,8.7655782699585,1.32222461700439,9.11665344238281,65.5736618041992,161.954132080078,0,0,11.4578828811646,2.02373933792114,
273,0,98.73165894,0,0,0,36.43956757,0,5.301766872,0,2.245637417,0,23.01412582,9.7328462600708,0.67358785867691,8.7655782699585,1.32222461700439,9.1168851852417,65.5778198242188,161.976470947266,0,0,11.4579019546509,2.02373933792114,
274,0,98.73165894,0,0,0,36.43956757,0,5.301766872,0,2.245637417,0,23.01412582,9.7328462600708,0.67358785867691,8.7655782699585,1.32222461700439,9.11710834503174,65.5818862915039,161.998779296875,0,0,11.4579200744629,2.02373933792114,
275,0,98.73165894,0,0,0,36.43956757,0,5.301766872,0,2.245637417,0,23.01412582,9.7328462600708,0.67358785867691,8.7655782699585,1.32222461700439,9.11732387542725,65.5858688354492,162.021026611328,0,0,11.4579372406006,2.02373933792114,
276,0,98.73165894,0,0,0,36.43956757,0,5.301766872,0,2.245637417,0,23.01412582,9.7328462600708,0.67358785867691,8.7655782699585,1.32222461700439,9.11753177642822,65.5897674560547,162.043228149414,0,0,11.457953453064,2.02373933792114,
277,0,98.73165894,0,0,0,36.43956757,0,5.301766872,0,2.245637417,0,23.01412582,9.7328462600708,0.67358785867691,8.7655782699585,1.32222461700439,9.11773204803467,65.5935821533203,162.065368652344,0,0,11.457968711853,2.02373933792114,
278,0,98.73165894,0,0,0,36.43956757,0,5.301766872,0,2.245637417,0,23.01412582,9.7328462600708,0.67358785867691,8.7655782699585,1.32222461700439,9.11792469024658,65.5973205566406,162.087463378906,0,0,11.4579830169678,2.02373933792114,
279,0,98.73165894,0,0,0,36.43956757,0,5.301766872,0,2.245637417,0,23.01412582,9.7328462600708,0.67358785867691,8.7655782699585,1.32222461700439,9.11811065673828,65.6009750366211,162.109512329102,0,0,11.4579973220825,2.02373933792114,
280,0,98.73165894,0,0,0,36.43956757,0,5.301766872,0,2.245637417,0,23.01412582,9.7328462600708,0.67358785867691,8.7655782699585,1.32222461700439,9.11828994750977,65.6045532226563,162.131500244141,0,0,11.4580106735229,2.02373933792114,
281,0,98.73165894,0,0,0,36.43956757,0,5.301766872,0,2.245637417,0,23.01412582,9.7328462600708,0.67358785867691,8.7655782699585,1.32222461700439,9.11846256256104,65.6080474853516,162.153442382813,0,0,11.4580230712891,2.02373933792114,
282,0,98.73165894,0,0,0,36.43956757,0,5.301766872,0,2.245637417,0,23.01412582,9.7328462600708,0.67358785867691,8.7655782699585,1.32222461700439,9.11862850189209,65.6114730834961,162.175323486328,0,0,11.4580354690552,2.02373933792114,
283,0,98.73165894,0,0,0,36.43956757,0,5.301766872,0,2.245637417,0,23.01412582,9.7328462600708,0.67358785867691,8.7655782699585,1.32222461700439,9.11878871917725,65.6148223876953,162.197174072266,0,0,11.458046913147,2.02373933792114,
284,0,98.73165894,0,0,0,36.43956757,0,5.301766872,0,2.245637417,0,23.01412582,9.7328462600708,0.67358785867691,8.7655782699585,1.32222461700439,9.1189432144165,65.6181030273438,162.218963623047,0,0,11.4580583572388,2.02373933792114,
285,0,98.73165894,0,0,0,36.43956757,0,5.301766872,0,2.245637417,0,23.01412582,9.7328462600708,0.67358785867691,8.7655782699585,1.32222461700439,9.11909198760986,65.6213150024414,162.240692138672,0,0,11.4580678939819,2.02373933792114,
286,0,98.73165894,0,0,0,36.43956757,0,5.301766872,0,2.245637417,0,23.01412582,9.7328462600708,0.67358785867691,8.7655782699585,1.32222461700439,9.11923503875732,65.6244583129883,162.262359619141,0,0,11.4580774307251,2.02373933792114,
287,0,98.73165894,0,0,0,36.43956757,0,5.301766872,0,2.245637417,0,23.01412582,9.7328462600708,0.67358785867691,8.7655782699585,1.32222461700439,9.11937236785889,65.6275329589844,162.283996582031,0,0,11.4580869674683,2.02373933792114,
288,0,98.73165894,0,0,0,36.43956757,0,5.301766872,0,2.245637417,0,23.01412582,9.7328462600708,0.67358785867691,8.7655782699585,1.32222461700439,9.11950588226318,65.6305389404297,162.305572509766,0,0,11.4580955505371,2.02373933792114,
289,0,98.73165894,0,0,0,36.43956757,0,5.301766872,0,2.245637417,0,23.01412582,9.7328462600708,0.67358785867691,8.7655782699585,1.32222461700439,9.11963367462158,65.6334838867188,162.327087402344,0,0,11.458104133606,2.02373933792114,
290,0,98.73165894,0,0,0,36.43956757,0,5.301766872,0,2.245637417,0,23.01412582,9.7328462600708,0.67358785867691,8.7655782699585,1.32222461700439,9.1197566986084,65.6363677978516,162.348556518555,0,0,11.4581117630005,2.02373933792114,
291,0,98.73165894,0,0,0,36.43956757,0,5.301766872,0,2.245637417,0,23.01412582,9.7328462600708,0.67358785867691,8.7655782699585,1.32222461700439,9.11987495422363,65.6391906738281,162.369964599609,0,0,11.458119392395,2.02373933792114,
292,0,98.73165894,0,0,0,36.43956757,0,5.301766872,0,2.245637417,0,23.01412582,9.7328462600708,0.67358785867691,8.7655782699585,1.32222461700439,9.1199893951416,65.6419448852539,162.391326904297,0,0,11.4581260681152,2.02373933792114,
293,0,98.73165894,0,0,0,36.43956757,0,5.301766872,0,2.245637417,0,23.01412582,9.7328462600708,0.67358785867691,8.7655782699585,1.32222461700439,9.1201000213623,65.644645690918,162.412628173828,0,0,11.4581327438354,2.02373933792114,
294,0,98.73165894,0,0,0,36.43956757,0,5.301766872,0,2.245637417,0,23.01412582,9.7328462600708,0.67358785867691,8.7655782699585,1.32222461700439,9.12020587921143,65.6472930908203,162.433868408203,0,0,11.4581394195557,2.02373933792114,
295,0,98.73165894,0,0,0,36.43956757,0,5.301766872,0,2.245637417,0,23.01412582,9.7328462600708,0.67358785867691,8.7655782699585,1.32222461700439,9.12030792236328,65.6498794555664,162.455062866211,0,0,11.4581460952759,2.02373933792114,
296,0,98.73165894,0,0,0,36.43956757,0,5.301766872,0,2.245637417,0,23.01412582,9.7328462600708,0.67358785867691,8.7655782699585,1.32222461700439,9.12040710449219,65.6524124145508,162.476196289063,0,0,11.4581518173218,2.02373933792114,
297,0,98.73165894,0,0,0,36.43956757,0,5.301766872,0,2.245637417,0,23.01412582,9.7328462600708,0.67358785867691,8.7655782699585,1.32222461700439,9.12050247192383,65.6548919677734,162.497283935547,0,0,11.4581575393677,2.02373933792114,
298,0,98.73165894,0,0,0,36.43956757,0,5.301766872,0,2.245637417,0,23.01412582,9.7328462600708,0.67358785867691,8.7655782699585,1.32222461700439,9.1205940246582,65.6573181152344,162.518310546875,0,0,11.4581623077393,2.02373933792114,
299,0,98.73165894,0,0,0,36.43956757,0,5.301766872,0,2.245637417,0,23.01412582,9.7328462600708,0.67358785867691,8.7655782699585,1.32222461700439,9.12068176269531,65.6596908569336,162.539276123047,0,0,11.4581670761108,2.02373933792114,
