"Time Step","Softwood Merchantable","Hardwood Merchantable","Softwood Submerchantable","Hardwood Submerchantable","Softwood Other","Hardwood Other","Softwood Foliage","Hardwood Foliage","Softwood Fine Roots","Hardwood Fine Roots","Softwood Coarse Roots","Hardwood Coarse Roots","Aboveground Very Fast DOM","Belowground Very Fast DOM","Aboveground Fast DOM","Belowground Fast DOM","Medium DOM","Aboveground Slow DOM","Belowground Slow DOM","Softwood Stem Snag","Softwood Branch Snag","Hardwood Stem Snag","Hardwood Branch Snag",
0,0,0,0,0,0,0,0,0,0,0,0,0,0.951478004455566,2.07321095466614,9.3855447769165,7.0673451423645,12.7447700500488,29.415319442749,95.6777877807617,0,0,36.9082794189453,11.6655597686768,
1,0,0.01485012751,0,0,0,0.01452842169,0,0.07925952226,0,0.1273055971,0,0.1808631718,0.78613269329071,1.34567201137543,9.4711971282959,6.34353923797607,13.5537061691284,29.4195728302002,95.7891540527344,0,0,35.2498970031738,9.96083927154541,
2,0,0.06595888734,0,0,0,0.1272580922,0,0.1741298586,0,0.2602859437,0,0.3916149437,0.754265606403351,0.904854893684387,9.39854431152344,5.69570302963257,14.2893753051758,29.4073524475098,95.8460235595703,0,0,33.6661911010742,8.5058479309082,
3,0,0.1576344669,0,0,0,0.3161668479,0,0.2735943496,0,0.3889679909,0,0.6200368404,0.833985149860382,0.648470520973206,9.20879173278809,5.11626052856445,14.9560613632202,29.3842277526855,95.8672103881836,0,0,32.1540031433105,7.26491832733154,
4,0,0.2921799421,0,0,0,0.5675289631,0,0.3746144474,0,0.511049211,0,0.8626399636,1.00151336193085,0.509507954120636,8.93516540527344,4.5983419418335,15.5578355789185,29.3548221588135,95.8650360107422,0,0,30.710319519043,6.20742464065552,
5,0,0.4710055292,0,0,0,0.8709064126,0,0.4756048024,0,0.6256247759,0,1.117140532,1.23622345924377,0.444565415382385,8.60438537597656,4.13575649261475,16.0985660552979,29.3229084014893,95.8476104736328,0,0,29.3322772979736,5.30710363388062,
6,0,0.6949220896,0,0,0,1.217594385,0,0.5755882859,0,0.7323860526,0,1.381681681,1.52095401287079,0.425621420145035,8.23779964447021,3.72292900085449,16.5819282531738,29.2915267944336,95.8202743530273,0,0,28.0171489715576,4.54143810272217,
7,0,0.9642686844,0,0,0,1.59998548,0,0.6739138961,0,0.8313423395,0,1.65461576,1.84170138835907,0.434634238481522,7.85231113433838,3.35484075546265,17.0114135742188,29.2631053924561,95.7865753173828,0,0,26.7623310089111,3.89112377166748,
8,0,1.278980732,0,0,0,2.011261225,0,0.7701304555,0,0.9226896763,0,1.9344251159999999,2.18717861175537,0.460028678178787,7.46114778518677,3.02697324752808,17.3903408050537,29.2395610809326,95.748893737793,0,0,25.5653381347656,3.33961057662964,
9,0,1.638633013,0,0,0,2.445227861,0,0.863920331,0,1.006737947,0,2.219691277,2.54837512969971,0.494416892528534,7.07450819015503,2.73525762557983,17.7218627929688,29.22239112854,95.7088241577148,0,0,24.4237937927246,2.87270450592041,
10,0,2.042470455,0,0,0,2.896224976,0,0.955060184,0,1.083865166,0,2.509082079,2.91816020011902,0.533121228218079,6.7000994682312,2.47603058815002,18.0089721679688,29.2127513885498,95.6674652099609,0,0,23.3354263305664,2.4782292842865,
11,0,2.489431858,0,0,0,3.359069586,0,1.043395996,0,1.154487848,0,2.801345825,3.29094076156616,0.57321685552597,6.34358835220337,2.2459921836853,18.2545127868652,29.2115097045898,95.6255569458008,0,0,22.298059463501,2.1457371711731,
12,0,2.978172064,0,0,0,3.829025745,0,1.128826261,0,1.219040632,0,3.09531045,3.66237258911133,0.612911581993103,6.00897836685181,2.04217028617859,18.461181640625,29.219295501709,95.5836181640625,0,0,21.3096141815186,1.86626005172729,
13,0,3.507082224,0,0,0,4.301781654,0,1.211290121,0,1.277961254,0,3.389882088,4.0291223526001,0.651143312454224,5.69892549514771,1.8618870973587,18.6315441131592,29.2365493774414,95.5420303344727,0,0,20.3680934906006,1.6320972442627,
14,0,4.074309826,0,0,0,4.773436546,0,1.290758014,0,1.331680775,0,3.684042931,4.38866853713989,0.687318861484528,5.41500282287598,1.70273041725159,18.768030166626,29.2635498046875,95.5010757446289,0,0,19.4715824127197,1.43663465976715,
15,0,4.677779675,0,0,0,5.240490913,0,1.367226243,0,1.380617261,0,3.976854801,4.73914098739624,0.721144378185272,5.15791940689087,1.56252598762512,18.8729476928711,29.3004398345947,95.4609527587891,0,0,18.6182441711426,1.27418959140778,
16,0,5.315214157,0,0,0,5.69983387,0,1.440710545,0,1.425169468,0,4.267452717,5.07919120788574,0.752515137195587,4.92770528793335,1.43931472301483,18.9484844207764,29.3472595214844,95.4218139648438,0,0,17.8063106536865,1.13987851142883,
17,0,5.984156132,0,0,0,6.148736477,0,1.511243105,0,1.465714931,0,4.555047512,5.40788269042969,0.781443893909454,4.7238621711731,1.33133089542389,18.9967136383057,29.4039535522461,95.3837738037109,0,0,17.0340805053711,1.02950406074524,
18,0,6.681991577,0,0,0,6.584837914,0,1.578868628,0,1.502607584,0,4.838923454,5.72460603713989,0.808014094829559,4.54549169540405,1.23698318004608,19.019603729248,29.4703922271729,95.3469390869141,0,0,16.2999229431152,0.939457714557648,
19,0,7.405972958,0,0,0,7.006135464,0,1.643642187,0,1.53617692,0,5.118432045,6.02900886535645,0.832349836826324,4.39139890670776,1.15483701229095,19.0190162658691,29.5463809967041,95.3113784790039,0,0,15.602258682251,0.866637706756592,
20,0,8.153242111,0,0,0,7.410969734,0,1.705626726,0,1.566728115,0,5.392994881,6.32093954086304,0.854596138000488,4.26017761230469,1.08359956741333,18.9967155456543,29.6316795349121,95.2771682739258,0,0,14.9395723342896,0.808378458023071,
21,0,8.920855522,0,0,0,7.798008442,0,1.764891505,0,1.594542146,0,5.662099361,6.60040235519409,0.874906599521637,4.15028142929077,1.02210581302643,18.9543724060059,29.726001739502,95.2443695068359,0,0,14.310399055481,0.762389600276947,
22,0,9.70580864,0,0,0,8.166231155,0,1.821510792,0,1.619876385,0,5.925292015,6.86751985549927,0.893435537815094,4.06008195877075,0.969305574893951,18.8935661315918,29.829029083252,95.213020324707,0,0,13.7133274078369,0.726704120635986,
23,0,10.77998161,0,0,0,8.281610489,0,1.846767545,0,1.643202305,0,6.18489933,7.11188554763794,0.910357117652893,3.98478412628174,0.924265027046204,18.815788269043,29.9397945404053,95.1831665039063,0,0,13.147668838501,0.698527753353119,
24,0,11.55177402,0,0,0,8.530835152,0,1.892574072,0,1.662131786,0,6.409255505,7.33373546600342,0.925585806369781,3.92175793647766,0.88601416349411,18.7224712371826,30.057300567627,95.1548156738281,0,0,12.6119804382324,0.676198601722717,
25,0,12.32666016,0,0,0,8.772086143,0,1.93702805,0,1.679656386,0,6.629126072,7.54442834854126,0.939128875732422,3.87178611755371,0.853678584098816,18.6149654388428,30.1811637878418,95.1279525756836,0,0,12.1041774749756,0.659459233283997,
26,0,13.09894466,0,0,0,9.004431725,0,1.979980111,0,1.695818901,0,6.84335041,7.74503183364868,0.951303482055664,3.83375930786133,0.826606333255768,18.494514465332,30.3110370635986,95.1025848388672,0,0,11.6230087280273,0.647412717342377,
27,0,13.86896038,0,0,0,9.228765488,0,2.021609306,0,1.710783482,0,7.052456379,7.93641424179077,0.962334871292114,3.80659747123718,0.804209470748901,18.3622989654541,30.4465980529785,95.0787200927734,0,0,11.1672658920288,0.639293015003204,
28,0,14.63406277,0,0,0,9.445031166,0,2.06191206,0,1.724636555,0,7.256119251,8.11934852600098,0.97239351272583,3.78927540779114,0.785961151123047,18.2194213867188,30.5875453948975,95.0563888549805,0,0,10.7357864379883,0.634450018405914,
29,0,15.394557,0,0,0,9.653952599,0,2.101025105,0,1.7375056740000001,0,7.454780579,8.29451179504395,0.981611132621765,3.78082394599915,0.771389245986938,18.0669250488281,30.7335968017578,95.0355987548828,0,0,10.3274583816528,0.632331669330597,
30,0,16.15071487,0,0,0,9.856154442,0,2.139065027,0,1.749498725,0,7.648823261,8.46255397796631,0.990096688270569,3.78034591674805,0.760073602199554,17.9057846069336,30.8844890594482,95.0163650512695,0,0,9.94121837615967,0.632473111152649,
31,0,16.89412117,0,0,0,10.04994774,0,2.175709963,0,1.760583162,0,7.836413383,8.62391567230225,0.997927725315094,3.7869725227356,0.751630663871765,17.7369213104248,31.0399684906006,94.9987030029297,0,0,9.5760326385498,0.63447242975235,
32,0,17.6308651,0,0,0,10.23743248,0,2.211348057,0,1.770939946,0,8.019392014,8.7789831161499,1.00516963005066,3.7998948097229,0.745716214179993,17.5611953735352,31.1997871398926,94.9826354980469,0,0,9.23090744018555,0.637988209724426,
33,0,18.35831642,0,0,0,10.41836834,0,2.245926142,0,1.780606151,0,8.197356224,8.92820739746094,1.01188671588898,3.81838726997375,0.742027878761292,17.3794174194336,31.3637084960938,94.9681701660156,0,0,8.90490055084229,0.642737805843353,
34,0,19.07103539,0,0,0,10.59184265,0,2.279259443,0,1.789582372,0,8.369243622,9.07185649871826,1.01812434196472,3.84175109863281,0.740287601947784,17.1923427581787,31.5314998626709,94.955322265625,0,0,8.59709548950195,0.64847457408905,
35,0,19.77497864,0,0,0,10.75969696,0,2.311690569,0,1.798006773,0,8.536728859,9.21021461486816,1.02392590045929,3.86935186386108,0.740248680114746,17.0006809234619,31.7029361724854,94.944091796875,0,0,8.30661487579346,0.65499210357666,
36,0,20.46471214,0,0,0,10.92097664,0,2.343024015,0,1.805869222,0,8.698731422,9.34357452392578,1.02933239936829,3.90061736106873,0.741692245006561,16.8050937652588,31.8777961730957,94.9344940185547,0,0,8.03262424468994,0.662118554115295,
37,0,21.14329147,0,0,0,11.07671928,0,2.37344861,0,1.813254118,0,8.856169701,9.47217082977295,1.03437793254852,3.93501782417297,0.744421243667603,16.6061992645264,32.0558624267578,94.9265289306641,0,0,7.77432060241699,0.669707357883453,
38,0,21.80811501,0,0,0,11.22662735,0,2.402894974,0,1.820177197,0,9.008626938,9.59624004364014,1.03909468650818,3.97207760810852,0.748261094093323,16.4045753479004,32.2369346618652,94.9202041625977,0,0,7.53093671798706,0.677636981010437,
39,0,22.456604,0,0,0,11.3704052,0,2.43129158,0,1.826653004,0,9.155696869,9.71592235565186,1.04350650310516,4.0113468170166,0.753051280975342,16.2007598876953,32.4207992553711,94.9155197143555,0,0,7.30172824859619,0.685800969600677,
40,0,23.09454346,0,0,0,11.50959015,0,2.458930254,0,1.832775116,0,9.298851013,9.83141994476318,1.04763972759247,4.05243396759033,0.758652687072754,15.9952526092529,32.6072616577148,94.912467956543,0,0,7.08599185943604,0.694114208221436,
41,0,23.71376991,0,0,0,11.64263439,0,2.485491037,0,1.838496685,0,9.436410904,9.94288539886475,1.05151629447937,4.09497928619385,0.764939427375793,15.7885160446167,32.7961196899414,94.9110565185547,0,0,6.88304996490479,0.70250391960144,
42,0,24.32279587,0,0,0,11.77158737,0,2.511371613,0,1.843925595,0,9.570411682,10.0504741668701,1.05515646934509,4.1386604309082,0.77180016040802,15.5809841156006,32.9871826171875,94.9112854003906,0,0,6.69225692749023,0.710910379886627,
43,0,24.91347504,0,0,0,11.89491558,0,2.53625226,0,1.849014521,0,9.699186325,10.1543426513672,1.05857956409454,4.18319320678711,0.779136657714844,15.3730554580688,33.1802635192871,94.9131393432617,0,0,6.51299619674683,0.719285070896149,
44,0,25.49149895,0,0,0,12.0140028,0,2.560400248,0,1.85383594,0,9.824104309,10.2545986175537,1.06180059909821,4.22831344604492,0.786859333515167,15.1651000976563,33.375186920166,94.9166107177734,0,0,6.34467267990112,0.727585792541504,
45,0,26.05426216,0,0,0,12.12847328,0,2.583729744,0,1.858388066,0,9.944710732,10.3514003753662,1.06483626365662,4.2737979888916,0.794891953468323,14.9574594497681,33.5717697143555,94.9216995239258,0,0,6.18672657012939,0.735781490802765,
46,0,26.60190201,0,0,0,12.23851681,0,2.60626626,0,1.862691045,0,10.06114292,10.4448518753052,1.06769967079163,4.3194408416748,0.803164660930634,14.7504482269287,33.7698440551758,94.9283981323242,0,0,6.03861665725708,0.743844389915466,
47,0,27.13455772,0,0,0,12.34430504,0,2.628036976,0,1.8667624,0,10.17352772,10.5350580215454,1.0704026222229,4.3650598526001,0.811615943908691,14.5443553924561,33.96923828125,94.9366989135742,0,0,5.89982652664185,0.751752853393555,
48,0,27.6523571,0,0,0,12.44600201,0,2.649065018,0,1.870618224,0,10.28198528,10.6221227645874,1.07295644283295,4.41049528121948,0.820191740989685,14.3394470214844,34.169792175293,94.9465866088867,0,0,5.76986360549927,0.759489893913269,
49,0,28.15541458,0,0,0,12.54375648,0,2.669370174,0,1.874272704,0,10.38662338,10.7061471939087,1.07537150382996,4.45560789108276,0.828844487667084,14.1359672546387,34.3713493347168,94.9580535888672,0,0,5.64825820922852,0.767042338848114,
50,0,28.64384651,0,0,0,12.63769817,0,2.688971996,0,1.877738833,0,10.48754311,10.7872276306152,1.0776572227478,4.5002760887146,0.837532460689545,13.9341373443604,34.5737571716309,94.9710922241211,0,0,5.5345630645752,0.774400353431702,
51,0,29.12045479,0,0,0,12.7284708,0,2.707996607,0,1.881046653,0,10.58539581,10.8654985427856,1.07982409000397,4.54440355300903,0.846221566200256,13.7341594696045,34.7768707275391,94.9856796264648,0,0,5.42835664749146,0.78155934810638406,
52,0,29.57992935,0,0,0,12.81516743,0,2.726243973,0,1.884169102,0,10.67915726,10.9410381317139,1.08187913894653,4.58789777755737,0.85487961769104,13.5362176895142,34.9805450439453,95.0018157958984,0,0,5.32923126220703,0.788514018058777,
53,0,30.02776527,0,0,0,12.89891052,0,2.743943691,0,1.887152433,0,10.77000999,11.0139207839966,1.08382892608643,4.63067960739136,0.863478362560272,13.3404779434204,35.1846466064453,95.0194778442383,0,0,5.23679828643799,0.795260846614838,
54,0,30.46134377,0,0,0,12.97928524,0,2.761001348,0,1.889986873,0,10.857481,11.0842580795288,1.08568143844604,4.67269039154053,0.871995687484741,13.1470909118652,35.3890495300293,95.0386581420898,0,0,5.15069246292114,0.801800310611725,
55,0,30.88075066,0,0,0,13.05639935,0,2.77743125,0,1.89267993,0,10.94164181,11.1521072387695,1.08744144439697,4.71387100219727,0.880409955978394,12.9561901092529,35.5936241149902,95.0593338012695,0,0,5.07055997848511,0.808131039142609,
56,0,31.28874016,0,0,0,13.13081741,0,2.793347597,0,1.895255923,0,11.02309322,11.2175636291504,1.08911538124084,4.75418043136597,0.888704657554626,12.767894744873,35.7982482910156,95.0814971923828,0,0,4.99606847763062,0.814255475997925,
57,0,31.6826992,0,0,0,13.20213223,0,2.808658123,0,1.897703528,0,11.10135937,11.2807130813599,1.09070873260498,4.79358530044556,0.896865606307983,12.5823106765747,36.002815246582,95.1051330566406,0,0,4.92690229415894,0.820176243782043,
58,0,32.06537247,0,0,0,13.27090073,0,2.823475838,0,1.900045156,0,11.17702484,11.3416299819946,1.09222614765167,4.83205795288086,0.904880523681641,12.3995313644409,36.2072067260742,95.1302108764648,0,0,4.86275959014893,0.825896263122559,
59,0,32.43413544,0,0,0,13.33670235,0,2.83770442,0,1.902269363,0,11.24961376,11.4003810882568,1.09367179870605,4.86957597732544,0.912738919258118,12.2196388244629,36.411319732666,95.1567306518555,0,0,4.80335283279419,0.831418752670288,
60,0,32.79173279,0,0,0,13.40009594,0,2.851458073,0,1.904397249,0,11.3197031,11.4570245742798,1.09504926204681,4.90612268447876,0.920431911945343,12.04270362854,36.6150512695313,95.1846771240234,0,0,4.74840688705444,0.836746990680695,
61,0,33.13819504,0,0,0,13.46111393,0,2.864741802,0,1.906432152,0,11.38732815,11.5116539001465,1.09636342525482,4.94169330596924,0.927954018115997,11.86878490448,36.8183059692383,95.2140197753906,0,0,4.69766712188721,0.841886758804321,
62,0,33.47358322,0,0,0,13.51981926,0,2.877562761,0,1.908378005,0,11.45253277,11.5643472671509,1.09761810302734,4.97628545761108,0.935301005840302,11.6979341506958,37.02099609375,95.244758605957,0,0,4.65088891983032,0.846843302249908,
63,0,33.79527283,0,0,0,13.57578754,0,2.889825344,0,1.910222888,0,11.51483631,11.6151313781738,1.09881508350372,5.00989151000977,0.942466914653778,11.5301914215088,37.2230339050293,95.2768630981445,0,0,4.60783338546753,0.851619482040405,
64,0,34.10863495,0,0,0,13.63000584,0,2.901738882,0,1.912000299,0,11.57530785,11.6640720367432,1.09995746612549,5.04251527786255,0.949448943138123,11.36559009552,37.4243316650391,95.3103179931641,0,0,4.56827878952026,0.856220364570618,
65,0,34.41104126,0,0,0,13.68203926,0,2.913206816,0,1.913697839,0,11.63346291,11.7112655639648,1.10104966163635,5.07416963577271,0.956247448921204,11.2041549682617,37.6248168945313,95.3451080322266,0,0,4.5320200920105,0.860652983188629,
66,0,34.70252228,0,0,0,13.73193455,0,2.924233437,0,1.915317655,0,11.68932819,11.7567501068115,1.10209345817566,5.10485982894897,0.962860584259033,11.0459041595459,37.8244132995605,95.381217956543,0,0,4.49885559082031,0.864921271800995,
67,0,34.98313141,0,0,0,13.77972221,0,2.934825182,0,1.916862726,0,11.74293804,11.8005609512329,1.10309028625488,5.13459253311157,0.969286859035492,10.8908500671387,38.0230522155762,95.4186248779297,0,0,4.46859216690063,0.86902916431427,
68,0,35.25553131,0,0,0,13.82588863,0,2.94508481,0,1.918349147,0,11.79481983,11.8427677154541,1.10404324531555,5.16338396072388,0.975527703762054,10.7389965057373,38.2206611633301,95.4573135375977,0,0,4.44105291366577,0.872982442378998,
69,0,35.51711273,0,0,0,13.87001896,0,2.954915762,0,1.919764519,0,11.84449482,11.8834276199341,1.10495460033417,5.19124937057495,0.981584370136261,10.5903434753418,38.417179107666,95.4972610473633,0,0,4.4160680770874,0.876786291599274,
70,0,35.77054214,0,0,0,13.91257668,0,2.964422226,0,1.921124935,0,11.89248466,11.922589302063,1.10582625865936,5.21820449829102,0.987458348274231,10.4448843002319,38.612548828125,95.538444519043,0,0,4.39347696304321,0.880445539951324,
71,0,36.01583862,0,0,0,13.95360088,0,2.973605394,0,1.922431469,0,11.93881035,11.9603309631348,1.10666131973267,5.24427270889282,0.993153214454651,10.3026084899902,38.806713104248,95.5808563232422,0,0,4.37313032150269,0.883966445922852,
72,0,36.25039673,0,0,0,13.99267006,0,2.982372761,0,1.923671961,0,11.98299408,11.9966793060303,1.10746037960052,5.26946830749512,0.998670339584351,10.1635007858276,38.9996223449707,95.6244812011719,0,0,4.35488176345825,0.887352764606476,
73,0,36.47687531,0,0,0,14.03024006,0,2.990822077,0,1.924861431,0,12.02554703,12.0316553115845,1.10822427272797,5.29380559921265,1.00401103496552,10.0275421142578,39.1912231445313,95.6692886352539,0,0,4.33859014511108,0.89060777425766,
74,0,36.69791794,0,0,0,14.06677341,0,2.999055862,0,1.9260149,0,12.06698227,12.065354347229,1.10895657539368,5.31731414794922,1.00918102264404,9.89470958709717,39.3814735412598,95.7152709960938,0,0,4.32413482666016,0.893738627433777,
75,0,36.90828323,0,0,0,14.10141277,0,3.006879091,0,1.927105784,0,12.10632324,12.0978164672852,1.10965847969055,5.34001350402832,1.01418340206146,9.76497650146484,39.5703353881836,95.7624053955078,0,0,4.31139278411865,0.896749556064606,
76,0,37.1132431,0,0,0,14.1350441,0,3.014490843,0,1.928162336,0,12.14457035,12.1290712356567,1.11033070087433,5.36192321777344,1.01902103424072,9.63831233978271,39.7577629089355,95.8106689453125,0,0,4.30024766921997,0.899644374847412,
77,0,37.31019592,0,0,0,14.16725254,0,3.021794796,0,1.929171801,0,12.1812439,12.1591854095459,1.1109756231308,5.38306903839111,1.02369892597198,9.51468563079834,39.9437217712402,95.8600463867188,0,0,4.29059457778931,0.902428448200226,
78,0,37.49914932,0,0,0,14.19805241,0,3.028792381,0,1.930135369,0,12.21635818,12.1881723403931,1.11159336566925,5.40346717834473,1.02821934223175,9.39406204223633,40.1281776428223,95.9105224609375,0,0,4.28232717514038,0.905104517936707,
79,0,37.68273926,0,0,0,14.22788525,0,3.035583496,0,1.931066513,0,12.25040817,12.2160816192627,1.11218559741974,5.42314052581787,1.03258657455444,9.27640438079834,40.3111000061035,95.9620742797852,0,0,4.27535057067871,0.907677233219147,
80,0,37.85836029,0,0,0,14.25634384,0,3.042070627,0,1.931953073,0,12.28291988,12.2429533004761,1.11275339126587,5.44211101531982,1.03680467605591,9.1616735458374,40.4924583435059,96.0146865844727,0,0,4.26957321166992,0.910150349140167,
81,0,38.02864456,0,0,0,14.28384876,0,3.048354387,0,1.932808638,0,12.31438541,12.2688188552856,1.11329782009125,5.46039867401123,1.04087746143341,9.04982852935791,40.672233581543,96.0683441162109,0,0,4.26490879058838,0.912527561187744,
82,0,38.190979,0,0,0,14.31000042,0,3.054337502,0,1.933620811,0,12.3443327,12.2937068939209,1.11381959915161,5.47802257537842,1.04480826854706,8.94082736968994,40.8503913879395,96.1230239868164,0,0,4.26127433776855,0.914811909198761,
83,0,38.34799957,0,0,0,14.3352375,0,3.060118198,0,1.934403062,0,12.37325096,12.3176383972168,1.11431920528412,5.4950008392334,1.04860019683838,8.83462619781494,41.0269165039063,96.1787109375,0,0,4.25859117507935,0.917006194591522,
84,0,38.49971008,0,0,0,14.35954952,0,3.065698862,0,1.935155869,0,12.40114784,12.3406677246094,1.11479842662811,5.51135683059692,1.05225825309753,8.73117923736572,41.2017860412598,96.2353820800781,0,0,4.25678968429565,0.919114887714386,
85,0,38.64611816,0,0,0,14.38295937,0,3.0710783,0,1.935879588,0,12.42802811,12.3628387451172,1.11525857448578,5.52711343765259,1.05578696727753,8.63043975830078,41.3749847412109,96.2930221557617,0,0,4.25580453872681,0.921141743659973,
86,0,38.78723145,0,0,0,14.40547848,0,3.076258421,0,1.936574817,0,12.45389938,12.3841876983643,1.11570036411285,5.54229116439819,1.05919075012207,8.53236198425293,41.5464973449707,96.3516159057617,0,0,4.25557327270508,0.92309033870697,
87,0,38.9204483,0,0,0,14.42667675,0,3.081145763,0,1.93722856,0,12.4782877,12.4047040939331,1.11612331867218,5.5569019317627,1.06247103214264,8.43689727783203,41.7163047790527,96.4111480712891,0,0,4.25602865219116,0.924961507320404,
88,0,39.05099869,0,0,0,14.44741249,0,3.085930109,0,1.937867403,0,12.50215626,12.4244194030762,1.11652827262878,5.57096385955811,1.06563150882721,8.34399890899658,41.8843994140625,96.4715957641602,0,0,4.25711441040039,0.926758110523224,
89,0,39.17627716,0,0,0,14.46726608,0,3.090516567,0,1.938478351,0,12.52503014,12.4433937072754,1.11691737174988,5.58450126647949,1.0686776638031,8.25361633300781,42.0507698059082,96.5329437255859,0,0,4.25878238677979,0.928484737873077,
90,0,39.29889679,0,0,0,14.48666,0,3.095004082,0,1.939074516,0,12.54739189,12.4616756439209,1.11729180812836,5.59753656387329,1.07161450386047,8.16570091247559,42.215404510498,96.5951690673828,0,0,4.26098680496216,0.93014520406723,
91,0,39.4136467,0,0,0,14.50477791,0,3.099198341,0,1.939630985,0,12.56829262,12.4792680740356,1.11765122413635,5.61008358001709,1.07444429397583,8.08020305633545,42.3782958984375,96.6582641601563,0,0,4.2636775970459,0.931740939617157,
92,0,39.52574921,0,0,0,14.52244663,0,3.103294611,0,1.9401729109999999,0,12.5886898,12.4961719512939,1.117995262146,5.622154712677,1.07716929912567,7.99707365036011,42.5394401550293,96.7222061157227,0,0,4.26680707931519,0.933273255825043,
93,0,39.63520432,0,0,0,14.53966141,0,3.107290983,0,1.940700769,0,12.6085825,12.5124607086182,1.11832666397095,5.63377618789673,1.07979571819305,7.91626358032227,42.6988372802734,96.786979675293,0,0,4.2703423500061,0.934747099876404,
94,0,39.73681259,0,0,0,14.55561352,0,3.110998631,0,1.941189647,0,12.62702847,12.5281209945679,1.1186443567276,5.64495658874512,1.08232486248016,7.83772325515747,42.8564834594727,96.8525695800781,0,0,4.2742395401001,0.936162948608398,
95,0,39.83838654,0,0,0,14.57154083,0,3.114701986,0,1.941677213,0,12.64545059,12.5431795120239,1.11894917488098,5.65571260452271,1.0847601890564,7.76140260696411,43.0123748779297,96.9189605712891,0,0,4.2784628868103,0.937523066997528,
96,0,39.93472672,0,0,0,14.58662224,0,3.118213415,0,1.942138553,0,12.66290665,12.5576934814453,1.11924278736115,5.66606664657593,1.08710670471191,7.68725347518921,43.1665115356445,96.9861373901367,0,0,4.28298473358154,0.938831508159637,
97,0,40.02582169,0,0,0,14.60086155,0,3.121531487,0,1.942573667,0,12.67939663,12.5716323852539,1.11952388286591,5.67602300643921,1.08936500549316,7.61522626876831,43.3188934326172,97.054084777832,0,0,4.28776597976685,0.940087854862213,
98,0,40.11429596,0,0,0,14.61466885,0,3.124752045,0,1.942995548,0,12.69539833,12.5850133895874,1.11979281902313,5.68559503555298,1.09153759479523,7.54527282714844,43.4695243835449,97.1227874755859,0,0,4.29277467727661,0.941293597221375,
99,0,40.20014572,0,0,0,14.6280489,0,3.127875805,0,1.943404078,0,12.7109108,12.5978832244873,1.12005114555359,5.69480085372925,1.09362888336182,7.47734451293945,43.6184005737305,97.1922225952148,0,0,4.2979884147644,0.942452132701874,
100,0,40.28337479,0,0,0,14.64100742,0,3.130901814,0,1.943799376,0,12.7259388,12.6102809906006,1.12030005455017,5.70365858078003,1.09564280509949,7.41139364242554,43.7655296325684,97.2623825073242,0,0,4.30338478088379,0.94356632232666,
101,0,40.36138153,0,0,0,14.65313244,0,3.133737803,0,1.944169283,0,12.74001217,12.6221990585327,1.12053883075714,5.71217632293701,1.09758079051971,7.34737348556519,43.9109153747559,97.3332443237305,0,0,4.30893659591675,0.944636642932892,
102,0,40.43936157,0,0,0,14.66523838,0,3.136570454,0,1.944538236,0,12.75406933,12.6336679458618,1.12076842784882,5.72036933898926,1.09944629669189,7.28523683547974,44.0545692443848,97.4048004150391,0,0,4.31462383270264,0.945665538311005,
103,0,40.51213837,0,0,0,14.67651939,0,3.139213324,0,1.944882154,0,12.76717854,12.6447143554688,1.12098944187164,5.72825145721436,1.10124242305756,7.224937915802,44.1964874267578,97.4770278930664,0,0,4.32042694091797,0.946654975414276,
104,0,40.58229065,0,0,0,14.68738556,0,3.141759634,0,1.945213079,0,12.77980614,12.6553192138672,1.12120091915131,5.73582792282104,1.10296988487244,7.16643095016479,44.3366851806641,97.5499114990234,0,0,4.32632207870483,0.947604894638062,
105,0,40.64983368,0,0,0,14.69783592,0,3.144211531,0,1.945531249,0,12.79195786,12.665506362915,1.12140369415283,5.74311113357544,1.1046314239502,7.10967111587524,44.4751663208008,97.6234512329102,0,0,4.33229160308838,0.948517143726349,
106,0,40.71476746,0,0,0,14.7078743,0,3.146565914,0,1.945836544,0,12.80362892,12.6752958297729,1.12159836292267,5.75011157989502,1.10622954368591,7.05461359024048,44.6119384765625,97.697624206543,0,0,4.33832025527954,0.949393153190613,
107,0,40.77708817,0,0,0,14.71749973,0,3.148825407,0,1.946129441,0,12.81482792,12.684700012207,1.1217850446701,5.75684022903442,1.1077663898468,7.00121545791626,44.7470092773438,97.7724151611328,0,0,4.34439182281494,0.950234532356262,
108,0,40.83680725,0,0,0,14.72671127,0,3.150990725,0,1.946409464,0,12.82555103,12.6937313079834,1.12196409702301,5.76330661773682,1.10924398899078,6.94943332672119,44.8803901672363,97.8478088378906,0,0,4.35049152374268,0.951042234897614,
109,0,40.89651108,0,0,0,14.73591137,0,3.153153896,0,1.94668901,0,12.83626461,12.7024354934692,1.12213683128357,5.76952695846558,1.1106663942337,6.89922523498535,45.012092590332,97.9237976074219,0,0,4.35661172866821,0.951819241046906,
110,0,40.95100784,0,0,0,14.74430084,0,3.155127048,0,1.946944118,0,12.84603786,12.7108097076416,1.12230288982391,5.77550792694092,1.11203479766846,6.85054874420166,45.1421279907227,98.000358581543,0,0,4.36273908615112,0.952566146850586,
111,0,41.00550461,0,0,0,14.75268841,0,3.157100201,0,1.947198629,0,12.8558073,12.7188549041748,1.12246203422546,5.78125619888306,1.11335062980652,6.80336380004883,45.2705001831055,98.0774841308594,0,0,4.36885976791382,0.953283548355103,
112,0,41.05739594,0,0,0,14.76066399,0,3.158978939,0,1.947440982,0,12.86510372,12.7266063690186,1.12261557579041,5.78678512573242,1.11461710929871,6.75763034820557,45.3972282409668,98.155158996582,0,0,4.37496757507324,0.953973770141602,
113,0,41.10668564,0,0,0,14.76823425,0,3.160762787,0,1.947670937,0,12.87393093,12.7340564727783,1.12276291847229,5.79209995269775,1.11583507061005,6.7133092880249,45.5223197937012,98.2333679199219,0,0,4.38105010986328,0.954636871814728,
114,0,41.15337372,0,0,0,14.77540398,0,3.162451744,0,1.947888494,0,12.88228893,12.7411985397339,1.12290358543396,5.79720497131348,1.11700522899628,6.67036199569702,45.6457901000977,98.3120956420898,0,0,4.38709688186646,0.955272912979126,
115,0,41.20005798,0,0,0,14.78255939,0,3.164140224,0,1.948105574,0,12.89064026,12.7480630874634,1.1230388879776,5.80211114883423,1.11813044548035,6.62875080108643,45.7676467895508,98.3913345336914,0,0,4.39310169219971,0.955883979797363,
116,0,41.24413681,0,0,0,14.78931236,0,3.165734053,0,1.948310494,0,12.89852238,12.7546758651733,1.12316930294037,5.80682945251465,1.11921310424805,6.58843851089478,45.8879051208496,98.471076965332,0,0,4.39906072616577,0.956471741199493,
117,0,41.28562546,0,0,0,14.79567146,0,3.167234182,0,1.948503256,0,12.90594006,12.7610187530518,1.12329411506653,5.81136178970337,1.12025344371796,6.54938936233521,46.0065803527832,98.5512924194336,0,0,4.40496301651001,0.957035779953003,
118,0,41.32710648,0,0,0,14.80202198,0,3.168732643,0,1.948695779,0,12.91335201,12.7671165466309,1.12341403961182,5.81571769714355,1.12125372886658,6.51156759262085,46.1236839294434,98.6319885253906,0,0,4.41080474853516,0.957577645778656,
119,0,41.36598587,0,0,0,14.80796623,0,3.170138359,0,1.948876143,0,12.92029762,12.7729845046997,1.1235294342041,5.81990575790405,1.12221586704254,6.47493839263916,46.2392311096191,98.7131500244141,0,0,4.41658210754395,0.958098649978638,
120,0,41.40227127,0,0,0,14.81351471,0,3.171448946,0,1.949044466,0,12.92677689,12.7786016464233,1.12363958358765,5.82392597198486,1.12313950061798,6.4394679069519,46.3532333374023,98.7947540283203,0,0,4.42228507995605,0.958598017692566,
121,0,41.43855286,0,0,0,14.81904984,0,3.172758341,0,1.949212313,0,12.93325138,12.7839870452881,1.12374496459961,5.82778596878052,1.12402653694153,6.40512323379517,46.4657020568848,98.8768005371094,0,0,4.42791080474854,0.959076941013336,
122,0,41.47482681,0,0,0,14.82459545,0,3.174068689,0,1.949380279,0,12.93972492,12.789192199707,1.12384736537933,5.83150053024292,1.12488079071045,6.37187099456787,46.5766563415527,98.9592666625977,0,0,4.43346309661865,0.959538519382477,
123,0,41.50851059,0,0,0,14.82973289,0,3.175285101,0,1.949535847,0,12.94573212,12.7942199707031,1.12394642829895,5.83507537841797,1.12570345401764,6.33968067169189,46.686107635498,99.0421447753906,0,0,4.43893814086914,0.959983348846436,
124,0,41.53959656,0,0,0,14.83448029,0,3.176407099,0,1.949679613,0,12.95127678,12.7990379333496,1.12404096126556,5.83850860595703,1.12649357318878,6.30852079391479,46.794075012207,99.1254272460938,0,0,4.44432687759399,0.960410058498383,
125,0,41.57068253,0,0,0,14.83922005,0,3.177529573,0,1.949823022,0,12.95681763,12.8036556243896,1.12413132190704,5.84180545806885,1.12725245952606,6.27836132049561,46.9005699157715,99.2091064453125,0,0,4.44962692260742,0.960819363594055,
126,0,41.5991745,0,0,0,14.84356213,0,3.178557634,0,1.949954629,0,12.96189499,12.8080816268921,1.12421774864197,5.844970703125,1.12798118591309,6.24917268753052,47.0056037902832,99.2931671142578,0,0,4.45483636856079,0.961212038993835,
127,0,41.62766647,0,0,0,14.84790134,0,3.179586172,0,1.950085878,0,12.96697235,12.8123216629028,1.12430024147034,5.84800910949707,1.12868082523346,6.22092628479004,47.1091957092285,99.3775939941406,0,0,4.45995187759399,0.961588442325592,
128,0,41.65615463,0,0,0,14.85223866,0,3.180613279,0,1.950217366,0,12.9720459,12.8164167404175,1.1243804693222,5.85093259811401,1.12935423851013,6.19359397888184,47.2113647460938,99.4623794555664,0,0,4.46497821807861,0.961951017379761,
129,0,41.68205261,0,0,0,14.85617638,0,3.181546926,0,1.950336695,0,12.97665691,12.8203620910645,1.12445783615112,5.85374355316162,1.13000214099884,6.16714906692505,47.3121185302734,99.5475082397461,0,0,4.4699125289917,0.962299823760986,
130,0,41.70794678,0,0,0,14.86011505,0,3.182480335,0,1.950455785,0,12.98126698,12.8241539001465,1.12453210353851,5.85644483566284,1.13062489032745,6.14156436920166,47.4114761352539,99.6329803466797,0,0,4.47475290298462,0.962635040283203,
131,0,41.73125076,0,0,0,14.86365891,0,3.183320761,0,1.950563073,0,12.98541451,12.8277912139893,1.12460315227509,5.85903978347778,1.13122308254242,6.11681413650513,47.5094528198242,99.7187805175781,0,0,4.47949743270874,0.962956666946411,
132,0,41.75455093,0,0,0,14.86720276,0,3.184160948,0,1.950670242,0,12.98956108,12.8312730789185,1.12467086315155,5.86152982711792,1.13179707527161,6.09287309646606,47.6060638427734,99.8048934936523,0,0,4.48414373397827,0.963265001773834,
133,0,41.7778511,0,0,0,14.87074089,0,3.185000896,0,1.950777411,0,12.9937067,12.8346328735352,1.12473654747009,5.86392498016357,1.13234949111938,6.06971645355225,47.7013168334961,99.8913116455078,0,0,4.48869562149048,0.96356189250946,
134,0,41.79855728,0,0,0,14.87388611,0,3.185747862,0,1.95087254,0,12.99738979,12.8378601074219,1.12479960918427,5.86622619628906,1.13288044929504,6.04732036590576,47.795238494873,99.9780349731445,0,0,4.49315214157104,0.963846981525421,
135,0,41.81926727,0,0,0,14.87703323,0,3.186493635,0,1.950967669,0,13.00107193,12.8409490585327,1.1248596906662,5.86843490600586,1.13338994979858,6.02566146850586,47.8878364562988,100.065040588379,0,0,4.49751043319702,0.964120328426361,
136,0,41.83997345,0,0,0,14.88017559,0,3.187240362,0,1.951062799,0,13.00475311,12.8439302444458,1.1249178647995,5.87055921554565,1.13388025760651,6.0047173500061,47.979133605957,100.152328491211,0,0,4.50177478790283,0.964383542537689,
137,0,41.86068344,0,0,0,14.88332272,0,3.187986851,0,1.951157928,0,13.0084362,12.8468284606934,1.1249748468399,5.87260723114014,1.13435339927673,5.98446559906006,48.0691375732422,100.239883422852,0,0,4.5059494972229,0.964638233184814,
138,0,41.87879562,0,0,0,14.88606739,0,3.188639164,0,1.951241016,0,13.0116539,12.8496246337891,1.12502992153168,5.87457847595215,1.1348090171814,5.96488475799561,48.1578712463379,100.327705383301,0,0,4.51003265380859,0.964883625507355,
139,0,41.89691162,0,0,0,14.88881302,0,3.189291477,0,1.951323986,0,13.0148716,12.8523054122925,1.12508237361908,5.87647199630737,1.13524675369263,5.94595432281494,48.2453460693359,100.41577911377,0,0,4.51402187347412,0.965119123458862,
140,0,41.91243744,0,0,0,14.89116573,0,3.189851284,0,1.951395154,0,13.01763153,12.8548603057861,1.12513196468353,5.87828826904297,1.13566637039185,5.92765426635742,48.3315773010254,100.504089355469,0,0,4.51791477203369,0.965344429016113,
141,0,41.92796326,0,0,0,14.89352703,0,3.190410137,0,1.951466322,0,13.02039051,12.8572816848755,1.12517857551575,5.88002681732178,1.13606786727905,5.90996408462524,48.4165802001953,100.592636108398,0,0,4.52170944213867,0.965559184551239,
142,0,41.94607925,0,0,0,14.89626789,0,3.191062927,0,1.951549411,0,13.02360725,12.8596343994141,1.12522435188293,5.88170194625854,1.13645493984222,5.89286518096924,48.5003662109375,100.68140411377,0,0,4.52541637420654,0.965766727924347,
143,0,41.95901108,0,0,0,14.89822388,0,3.191527128,0,1.951608658,0,13.0259037,12.8618974685669,1.12526845932007,5.88331174850464,1.1368271112442,5.87633895874023,48.582950592041,100.770393371582,0,0,4.52903318405151,0.96596622467041,
144,0,41.9745369,0,0,0,14.90058136,0,3.192087173,0,1.951679707,0,13.02866173,12.8640546798706,1.12531018257141,5.88485527038574,1.13718378543854,5.8603663444519,48.6643524169922,100.859580993652,0,0,4.53255796432495,0.966157138347626,
145,0,41.98747253,0,0,0,14.90253925,0,3.192552805,0,1.951738954,0,13.03095722,12.8661308288574,1.12535047531128,5.88633823394775,1.13752663135529,5.84493064880371,48.7445869445801,100.94898223877,0,0,4.53599452972412,0.966340482234955,
146,0,42.00299835,0,0,0,14.90489388,0,3.193112135,0,1.951810122,0,13.03371429,12.8681421279907,1.12538981437683,5.88776636123657,1.13785684108734,5.8300142288208,48.8236618041992,101.038566589355,0,0,4.53934717178345,0.966517567634583,
147,0,42.01593018,0,0,0,14.90684605,0,3.193577051,0,1.951869249,0,13.03600883,12.8701038360596,1.12542843818665,5.88914489746094,1.13817584514618,5.81560087203979,48.9015998840332,101.12833404541,0,0,4.54261922836304,0.966689169406891,
148,0,42.02627945,0,0,0,14.90841293,0,3.193949699,0,1.951916575,0,13.03784561,12.8719549179077,1.1254643201828,5.89046287536621,1.13848078250885,5.80167484283447,48.9784126281738,101.218292236328,0,0,4.54580163955688,0.966852486133575,
149,0,42.03921509,0,0,0,14.91037273,0,3.194415092,0,1.951975822,0,13.04014111,12.8737192153931,1.12549841403961,5.89172649383545,1.13877296447754,5.78821992874146,49.0541114807129,101.308418273926,0,0,4.54889822006226,0.967008531093597,
150,0,42.04956055,0,0,0,14.91193581,0,3.194788456,0,1.952023029,0,13.04197693,12.8754167556763,1.12553119659424,5.89294052124023,1.13905370235443,5.77522087097168,49.1287117004395,101.398704528809,0,0,4.55191326141357,0.967158496379852,
151,0,42.06249237,0,0,0,14.91389179,0,3.195253611,0,1.952082276,0,13.04427052,12.8770627975464,1.1255631446838399,5.89410924911499,1.13932430744171,5.7626633644104,49.2022247314453,101.489143371582,0,0,4.55485010147095,0.967303276062012,
152,0,42.07283783,0,0,0,14.91545963,0,3.195625305,0,1.952129483,0,13.04610634,12.8786668777466,1.12559473514557,5.8952374458313,1.13958561420441,5.75053262710571,49.2746734619141,101.579727172852,0,0,4.55771207809448,0.967443645000458,
153,0,42.0831871,0,0,0,14.91702557,0,3.195998907,0,1.952176809,0,13.04794216,12.8802042007446,1.12562477588654,5.89632129669189,1.1398366689682,5.73881530761719,49.3460655212402,101.670448303223,0,0,4.56049680709839,0.967578291893005,
154,0,42.0909462,0,0,0,14.918191909999999,0,3.196276903,0,1.952212214,0,13.04931736,12.8816518783569,1.125652551651,5.89735698699951,1.1400762796402,5.72749805450439,49.4164199829102,101.761299133301,0,0,4.56320095062256,0.967706263065338,
155,0,42.10128784,0,0,0,14.9197588,0,3.19664979,0,1.952259302,0,13.05115318,12.8830299377441,1.12567901611328,5.89834976196289,1.14030575752258,5.71656703948975,49.4857444763184,101.852279663086,0,0,4.56582880020142,0.967828512191772,
156,0,42.10904694,0,0,0,14.92093754,0,3.196929932,0,1.952294946,0,13.05252838,12.8843555450439,1.12570452690125,5.89930248260498,1.14052617549896,5.70601034164429,49.5540542602539,101.943374633789,0,0,4.56838274002075,0.967945873737335,
157,0,42.1193924,0,0,0,14.92249584,0,3.197300911,0,1.952342033,0,13.0543623,12.8856382369995,1.12572944164276,5.90021991729736,1.14073836803436,5.69581508636475,49.6213607788086,102.03458404541,0,0,4.57086706161499,0.968059122562408,
158,0,42.12715149,0,0,0,14.92366695,0,3.197580576,0,1.952377558,0,13.05573845,12.8868894577026,1.12575399875641,5.90110445022583,1.14094316959381,5.68596982955933,49.6876792907715,102.125907897949,0,0,4.57328414916992,0.968168675899506,
159,0,42.13491058,0,0,0,14.92483997,0,3.197859049,0,1.952412844,0,13.0571146,12.8880786895752,1.12577700614929,5.90195226669312,1.14113938808441,5.67646265029907,49.7530250549316,102.217323303223,0,0,4.57563066482544,0.968273401260376,
160,0,42.14266968,0,0,0,14.92600822,0,3.198138475,0,1.952448368,0,13.05848885,12.8892192840576,1.12579905986786,5.90276575088501,1.14132785797119,5.66728258132935,49.8174095153809,102.30883026123,0,0,4.57791042327881,0.968373954296112,
161,0,42.15042496,0,0,0,14.92718506,0,3.198416948,0,1.952483654,0,13.05986404,12.8903226852417,1.12582051753998,5.90354919433594,1.14150929450989,5.65841865539551,49.8808479309082,102.400428771973,0,0,4.58012628555298,0.968470871448517,
162,0,42.15818405,0,0,0,14.92835712,0,3.198696375,0,1.952519178,0,13.06123924,12.891396522522,1.12584161758423,5.90430498123169,1.14168441295624,5.64986085891724,49.9433555603027,102.49210357666,0,0,4.58228063583374,0.968564748764038,
163,0,42.16335297,0,0,0,14.92913723,0,3.19888258,0,1.952542782,0,13.06215668,12.8924131393433,1.125861287117,5.90502834320068,1.14185190200806,5.64159917831421,50.0049362182617,102.583854675293,0,0,4.58436965942383,0.968654215335846,
164,0,42.17111206,0,0,0,14.9303093,0,3.199162006,0,1.952578068,0,13.06352997,12.8933839797974,1.12588000297546,5.90572166442871,1.14201247692108,5.63362312316895,50.0656089782715,102.675674438477,0,0,4.58639669418335,0.968739807605743,
165,0,42.17628479,0,0,0,14.93109322,0,3.19934845,0,1.95260179,0,13.06444836,12.8943195343018,1.12589812278748,5.90638875961304,1.14216697216034,5.62592315673828,50.1253890991211,102.767547607422,0,0,4.58836460113525,0.968822181224823,
166,0,42.18404007,0,0,0,14.93225861,0,3.199626207,0,1.952637196,0,13.06582069,12.895227432251,1.12591588497162,5.90703105926514,1.14231586456299,5.61849021911621,50.1842803955078,102.859489440918,0,0,4.59027624130249,0.968901813030243,
167,0,42.1892128,0,0,0,14.93304348,0,3.199812651,0,1.95266068,0,13.06673908,12.8961143493652,1.12593328952789,5.9076509475708,1.14245975017548,5.61131525039673,50.2423057556152,102.951484680176,0,0,4.59213399887085,0.968979060649872,
168,0,42.19438171,0,0,0,14.9338274,0,3.199998856,0,1.952684283,0,13.06765461,12.8969478607178,1.12594938278198,5.90824365615845,1.14259707927704,5.60439014434814,50.2994651794434,103.043518066406,0,0,4.59393358230591,0.96905243396759,
169,0,42.19955444,0,0,0,14.93460751,0,3.200185299,0,1.952707767,0,13.06857109,12.8977403640747,1.12596452236176,5.90881156921387,1.14272856712341,5.59770631790161,50.3557777404785,103.135589599609,0,0,4.59567737579346,0.969122588634491,
170,0,42.20472717,0,0,0,14.9353838,0,3.200371027,0,1.95273149,0,13.06948757,12.8985013961792,1.12597918510437,5.90935659408569,1.14285480976105,5.59125518798828,50.4112548828125,103.227691650391,0,0,4.59736824035645,0.969189882278442,
171,0,42.20989227,0,0,0,14.93616867,0,3.200556993,0,1.952755094,0,13.0704031,12.8992376327515,1.12599349021912,5.90988111495972,1.14297640323639,5.58502912521362,50.4659080505371,103.319839477539,0,0,4.59900951385498,0.969254672527313,
172,0,42.21506882,0,0,0,14.93694592,0,3.200742245,0,1.952778697,0,13.07131863,12.8999538421631,1.12600755691528,5.91038703918457,1.14309358596802,5.57902050018311,50.5197486877441,103.412002563477,0,0,4.60060214996338,0.969317436218262,
173,0,42.22024155,0,0,0,14.93772602,0,3.200928211,0,1.952802181,0,13.07223511,12.9006547927856,1.12602138519287,5.91087579727173,1.14320707321167,5.57322216033936,50.5727882385254,103.504188537598,0,0,4.60214853286743,0.969378411769867,
174,0,42.22282028,0,0,0,14.93811512,0,3.201021194,0,1.952813983,0,13.07269192,12.9013080596924,1.12603390216827,5.91134214401245,1.143315076828,5.567626953125,50.6250381469727,103.596382141113,0,0,4.60364484786987,0.969436049461365,
175,0,42.22799301,0,0,0,14.93889523,0,3.201207161,0,1.952837586,0,13.07360935,12.9019241333008,1.12604558467865,5.91178750991821,1.14341807365417,5.56222772598267,50.6765098571777,103.688583374023,0,0,4.60509300231934,0.969490826129913,
176,0,42.23316574,0,0,0,14.93967628,0,3.201393366,0,1.952861071,0,13.07452583,12.902548789978,1.12605798244476,5.91222143173218,1.14351880550385,5.5570182800293,50.7272109985352,103.780792236328,0,0,4.60650157928467,0.969544887542725,
177,0,42.23574829,0,0,0,14.94006443,0,3.201486349,0,1.952872634,0,13.07498264,12.9031429290771,1.12606954574585,5.91263723373413,1.14361536502838,5.55199146270752,50.7771530151367,103.873001098633,0,0,4.60786581039429,0.969596683979034,
178,0,42.23833466,0,0,0,14.94045258,0,3.201579332,0,1.952884555,0,13.07544041,12.9036769866943,1.12607944011688,5.91302967071533,1.14370608329773,5.54714155197144,50.8263549804688,103.965209960938,0,0,4.60918140411377,0.969644606113434,
179,0,42.24350739,0,0,0,14.94123363,0,3.201765299,0,1.952908039,0,13.07635689,12.9041996002197,1.1260894536972,5.91340827941895,1.14379370212555,5.54246234893799,50.8748168945313,104.057411193848,0,0,4.61045694351196,0.969690978527069,
180,0,42.24608994,0,0,0,14.94162464,0,3.201858282,0,1.95291996,0,13.0768137,12.9047136306763,1.12609958648682,5.91377401351929,1.14387845993042,5.53794813156128,50.922550201416,104.149597167969,0,0,4.6116943359375,0.969736099243164,
181,0,42.25125885,0,0,0,14.94240665,0,3.202043295,0,1.952943325,0,13.07772827,12.9052219390869,1.12610960006714,5.91412830352783,1.14396071434021,5.53359317779541,50.9695739746094,104.241767883301,0,0,4.61289501190186,0.969780325889587,
182,0,42.25384521,0,0,0,14.94280148,0,3.202137947,0,1.952955246,0,13.07818794,12.905725479126,1.12611973285675,5.91447257995605,1.14404082298279,5.52939128875732,51.0158958435059,104.333915710449,0,0,4.61406135559082,0.969823658466339,
183,0,42.25643158,0,0,0,14.94318771,0,3.202229261,0,1.952966928,0,13.07864571,12.9061889648438,1.12612867355347,5.91479969024658,1.14411675930023,5.5253381729126,51.0615196228027,104.42603302002,0,0,4.61518812179565,0.969864368438721,
184,0,42.25901794,0,0,0,14.94357586,0,3.202322245,0,1.95297873,0,13.07910347,12.9066228866577,1.12613689899445,5.91511201858521,1.1441890001297,5.52142858505249,51.1064605712891,104.518119812012,0,0,4.61627674102783,0.969902813434601,
185,0,42.26160431,0,0,0,14.94396782,0,3.202415228,0,1.952990532,0,13.07956219,12.9070310592651,1.12614452838898,5.91541004180908,1.14425802230835,5.51765727996826,51.1507263183594,104.610168457031,0,0,4.61732912063599,0.969939231872559,
186,0,42.26418686,0,0,0,14.94435596,0,3.20250845,0,1.953002334,0,13.080019,12.9074211120605,1.12615191936493,5.91569566726685,1.14432394504547,5.51401996612549,51.1943283081055,104.702186584473,0,0,4.61834716796875,0.969974100589752,
187,0,42.26676941,0,0,0,14.94474888,0,3.202601433,0,1.953014016,0,13.08047581,12.9077959060669,1.12615895271301,5.91596937179565,1.14438736438751,5.51051139831543,51.2372741699219,104.794158935547,0,0,4.6193323135376,0.970007538795471,
188,0,42.26935959,0,0,0,14.94513321,0,3.202694178,0,1.953025818,0,13.08093452,12.9081602096558,1.1261659860611,5.91623258590698,1.14444828033447,5.5071268081665,51.2795753479004,104.886085510254,0,0,4.620285987854,0.970039784908295,
189,0,42.27194214,0,0,0,14.94552231,0,3.202786922,0,1.95303762,0,13.08139133,12.9085149765015,1.12617290019989,5.91648626327515,1.14450716972351,5.50386238098145,51.3212356567383,104.977958679199,0,0,4.62120962142944,0.970071017742157,
190,0,42.2745285,0,0,0,14.94591427,0,3.202880144,0,1.953049421,0,13.0818491,12.9088640213013,1.12617981433868,5.91673135757446,1.14456403255463,5.50071430206299,51.3622703552246,105.069778442383,0,0,4.62210464477539,0.970101416110992,
191,0,42.27711105,0,0,0,14.94630241,0,3.202973127,0,1.953061104,0,13.08230591,12.9092073440552,1.12618672847748,5.91696882247925,1.1446191072464,5.49767780303955,51.4026908874512,105.161544799805,0,0,4.62297201156616,0.970131039619446,
192,0,42.27969742,0,0,0,14.94669437,0,3.203066349,0,1.953073025,0,13.08276558,12.9095458984375,1.12619352340698,5.91719913482666,1.1446727514267,5.49474954605103,51.4425048828125,105.253242492676,0,0,4.62381315231323,0.970160007476807,
193,0,42.28227997,0,0,0,14.94708347,0,3.203158855,0,1.953084588,0,13.08322144,12.9098815917969,1.12620031833649,5.91742277145386,1.14472496509552,5.4919261932373,51.4817161560059,105.344879150391,0,0,4.62462902069092,0.97018849849700906,
194,0,42.28227997,0,0,0,14.94708347,0,3.203158855,0,1.953084588,0,13.08322144,12.9101781845093,1.1262059211731,5.91763305664063,1.14477384090424,5.48920345306396,51.520336151123,105.436454772949,0,0,4.62541484832764,0.970214605331421,
195,0,42.28487015,0,0,0,14.94746876,0,3.203251839,0,1.953096509,0,13.0836792,12.9104452133179,1.12621068954468,5.9178318977356,1.14481973648071,5.4865779876709,51.5583763122559,105.527954101563,0,0,4.62617158889771,0.970238745212555,
196,0,42.28744888,0,0,0,14.94786072,0,3.203344822,0,1.953108072,0,13.08413696,12.9107246398926,1.126216173172,5.9180269241333,1.14486515522003,5.48404598236084,51.5958404541016,105.619384765625,0,0,4.62690687179565,0.970263063907623,
197,0,42.28744888,0,0,0,14.94786072,0,3.203344822,0,1.953108072,0,13.08413696,12.9109792709351,1.12622094154358,5.91821146011353,1.14490795135498,5.48160457611084,51.6327438354492,105.710731506348,0,0,4.6276159286499,0.970285654067993,
198,0,42.29003525,0,0,0,14.94824886,0,3.203437567,0,1.953119993,0,13.08459377,12.9112119674683,1.126225233078,5.91838645935059,1.14494836330414,5.47925043106079,51.6690864562988,105.802001953125,0,0,4.62829971313477,0.970306813716888,
199,0,42.29262161,0,0,0,14.94864082,0,3.203531027,0,1.953131795,0,13.08505249,12.9114646911621,1.12623035907745,5.91856002807617,1.1449887752533,5.47698068618774,51.7048797607422,105.893188476563,0,0,4.62896537780762,0.970328509807587,
200,0,42.29262161,0,0,0,14.94864082,0,3.203531027,0,1.953131795,0,13.08505249,12.9116973876953,1.12623488903046,5.91872501373291,1.14502704143524,5.47479248046875,51.7401351928711,105.98429107666,0,0,4.62960720062256,0.970349013805389,
201,0,42.29520416,0,0,0,14.94902992,0,3.203623533,0,1.953143597,0,13.08551025,12.9119148254395,1.12623906135559,5.91888189315796,1.14506351947784,5.47268295288086,51.7748565673828,106.075294494629,0,0,4.63022661209106,0.970368325710297,
202,0,42.29520416,0,0,0,14.94902992,0,3.203623533,0,1.953143597,0,13.08551025,12.9121198654175,1.12624299526215,5.91903209686279,1.1450982093811,5.47064876556396,51.8090553283691,106.166206359863,0,0,4.63082456588745,0.970386683940887,
203,0,42.29779434,0,0,0,14.94942093,0,3.203716993,0,1.953155398,0,13.08596802,12.9123153686523,1.12624669075012,5.91917562484741,1.14513146877289,5.46868753433228,51.8427314758301,106.257019042969,0,0,4.63140249252319,0.970404207706451,
204,0,42.29779434,0,0,0,14.94942093,0,3.203716993,0,1.953155398,0,13.08596802,12.912504196167,1.1262503862381,5.91931343078613,1.14516341686249,5.466796875,51.8759002685547,106.347732543945,0,0,4.63196086883545,0.970421016216278,
205,0,42.30037308,0,0,0,14.94981098,0,3.203809738,0,1.953167081,0,13.08642483,12.9126873016357,1.1262538433075,5.91944599151611,1.1451940536499,5.46497440338135,51.9085655212402,106.438354492188,0,0,4.63249969482422,0.970437228679657,
206,0,42.30037308,0,0,0,14.94981098,0,3.203809738,0,1.953167081,0,13.08642483,12.9128646850586,1.12625730037689,5.91957378387451,1.14522361755371,5.46321725845337,51.9407348632813,106.528869628906,0,0,4.63302135467529,0.970452845096588,
207,0,42.30295944,0,0,0,14.95019913,0,3.20390296,0,1.953178763,0,13.08688259,12.9130392074585,1.12626075744629,5.91969728469849,1.1452522277832,5.46152305603027,51.9724197387695,106.619277954102,0,0,4.63352537155151,0.970468103885651,
208,0,42.30295944,0,0,0,14.95019913,0,3.20390296,0,1.953178763,0,13.08688259,12.9132108688354,1.1262640953064,5.91981649398804,1.14527988433838,5.45988988876343,52.0036239624023,106.709579467773,0,0,4.63401317596436,0.970483005046844,
209,0,42.30554581,0,0,0,14.95059109,0,3.203995705,0,1.953190446,0,13.08734035,12.9133806228638,1.1262674331665,5.91993236541748,1.14530670642853,5.45831537246704,52.0343551635742,106.799758911133,0,0,4.63448572158813,0.970497608184814,
210,0,42.30554581,0,0,0,14.95059109,0,3.203995705,0,1.953190446,0,13.08734035,12.9135484695435,1.1262708902359,5.92004489898682,1.14533293247223,5.45679759979248,52.064624786377,106.889823913574,0,0,4.63494348526001,0.970511853694916,
211,0,42.30812836,0,0,0,14.95098019,0,3.204088449,0,1.953202367,0,13.08779812,12.9137144088745,1.1262743473053,5.92015409469604,1.14535856246948,5.45533514022827,52.0944328308105,106.979774475098,0,0,4.63538646697998,0.970525860786438,
212,0,42.30812836,0,0,0,14.95098019,0,3.204088449,0,1.953202367,0,13.08779812,12.9138793945313,1.12627780437469,5.92026090621948,1.14538359642029,5.45392560958862,52.1237869262695,107.069610595703,0,0,4.63581609725952,0.970539689064026,
213,0,42.30812836,0,0,0,14.95098019,0,3.204088449,0,1.953202367,0,13.08779812,12.9140090942383,1.12627995014191,5.92035818099976,1.14540600776672,5.45256662368774,52.1526985168457,107.159324645996,0,0,4.63622713088989,0.970551550388336,
214,0,42.31071091,0,0,0,14.95136929,0,3.204181433,0,1.953214049,0,13.08825493,12.9141454696655,1.12628245353699,5.92045402526855,1.14542818069458,5.45125675201416,52.1811714172363,107.248924255371,0,0,4.63662528991699,0.970563411712646,
215,0,42.31071091,0,0,0,14.95136929,0,3.204181433,0,1.953214049,0,13.08825493,12.9142866134644,1.12628531455994,5.92054796218872,1.14545011520386,5.4499945640564,52.2092132568359,107.338394165039,0,0,4.63701200485229,0.970575392246246,
216,0,42.31071091,0,0,0,14.95136929,0,3.204181433,0,1.953214049,0,13.08825493,12.9143962860107,1.12628722190857,5.9206337928772,1.14546978473663,5.44877815246582,52.2368316650391,107.427734375,0,0,4.6373815536499,0.970585703849792,
217,0,42.31329727,0,0,0,14.95176125,0,3.2042746540000002,0,1.953225851,0,13.08871174,12.9145183563232,1.12628960609436,5.92071866989136,1.1454895734787,5.4476056098938,52.264030456543,107.516944885254,0,0,4.63774108886719,0.970596313476563,
218,0,42.31329727,0,0,0,14.95176125,0,3.2042746540000002,0,1.953225851,0,13.08871174,12.9146490097046,1.12629234790802,5.92080354690552,1.14550936222076,5.44647598266602,52.2908172607422,107.606018066406,0,0,4.63809061050415,0.970607280731201,
219,0,42.31329727,0,0,0,14.95176125,0,3.2042746540000002,0,1.953225851,0,13.08871174,12.9147510528564,1.12629413604736,5.92088031768799,1.14552712440491,5.44538688659668,52.317195892334,107.694961547852,0,0,4.63842439651489,0.970616579055786,
220,0,42.31329727,0,0,0,14.95176125,0,3.2042746540000002,0,1.953225851,0,13.08871174,12.9148302078247,1.12629532814026,5.92095041275024,1.14554309844971,5.44433736801147,52.3431701660156,107.783767700195,0,0,4.63874340057373,0.970624625682831,
221,0,42.31588364,0,0,0,14.95214558,0,3.204367161,0,1.953237534,0,13.0891695,12.9149284362793,1.12629723548889,5.92102098464966,1.14555943012238,5.44332599639893,52.3687553405762,107.872436523438,0,0,4.63905429840088,0.970633208751678,
222,0,42.31588364,0,0,0,14.95214558,0,3.204367161,0,1.953237534,0,13.0891695,12.9150409698486,1.12629961967468,5.92109251022339,1.14557611942291,5.44235134124756,52.3939514160156,107.960960388184,0,0,4.6393575668335,0.970642387866974,
223,0,42.31588364,0,0,0,14.95214558,0,3.204367161,0,1.953237534,0,13.0891695,12.9151268005371,1.12630116939545,5.9211573600769,1.1455911397934,5.4414119720459,52.4187622070313,108.049346923828,0,0,4.63964700698853,0.970650196075439,
224,0,42.31588364,0,0,0,14.95214558,0,3.204367161,0,1.953237534,0,13.0891695,12.9151954650879,1.12630224227905,5.92121601104736,1.14560461044312,5.44050645828247,52.4431953430176,108.137588500977,0,0,4.63992404937744,0.970656871795654,
225,0,42.31846619,0,0,0,14.95254135,0,3.204460382,0,1.953249454,0,13.08962822,12.9152851104736,1.12630414962769,5.92127704620361,1.14561879634857,5.43963432312012,52.4672546386719,108.225685119629,0,0,4.6401948928833,0.970664441585541,
226,0,42.31846619,0,0,0,14.95254135,0,3.204460382,0,1.953249454,0,13.08962822,12.9153900146484,1.12630653381348,5.92133951187134,1.14563357830048,5.43879365921021,52.4909515380859,108.313636779785,0,0,4.6404595375061,0.970672786235809,
227,0,42.31846619,0,0,0,14.95254135,0,3.204460382,0,1.953249454,0,13.08962822,12.9154720306396,1.12630808353424,5.92139673233032,1.14564692974091,5.43798398971558,52.514289855957,108.401435852051,0,0,4.64071226119995,0.970679938793182,
228,0,42.31846619,0,0,0,14.95254135,0,3.204460382,0,1.953249454,0,13.08962822,12.9155359268188,1.12630915641785,5.92144823074341,1.14565885066986,5.4372034072876,52.5372695922852,108.489082336426,0,0,4.640953540802,0.970686018466949,
229,0,42.31846619,0,0,0,14.95254135,0,3.204460382,0,1.953249454,0,13.08962822,12.915584564209,1.12630975246429,5.92149496078491,1.14566957950592,5.43645143508911,52.5598983764648,108.57657623291,0,0,4.64118432998657,0.970691204071045,
230,0,42.32105637,0,0,0,14.95292282,0,3.204553127,0,1.953261137,0,13.09008408,12.9156589508057,1.12631142139435,5.92154455184937,1.1456812620163,5.4357271194458,52.5821838378906,108.663925170898,0,0,4.64141082763672,0.970697462558746,
231,0,42.32105637,0,0,0,14.95292282,0,3.204553127,0,1.953261137,0,13.09008408,12.9157524108887,1.12631368637085,5.92159700393677,1.1456937789917,5.43502902984619,52.604133605957,108.751113891602,0,0,4.6416335105896,0.970704555511475,
232,0,42.32105637,0,0,0,14.95292282,0,3.204553127,0,1.953261137,0,13.09008408,12.9158248901367,1.12631511688232,5.92164468765259,1.14570498466492,5.43435621261597,52.6257476806641,108.83814239502,0,0,4.64184617996216,0.970710694789886,
233,0,42.32105637,0,0,0,14.95292282,0,3.204553127,0,1.953261137,0,13.09008408,12.9158821105957,1.12631607055664,5.92168807983398,1.14571499824524,5.43370819091797,52.6470375061035,108.925018310547,0,0,4.64204931259155,0.970715880393982,
234,0,42.32105637,0,0,0,14.95292282,0,3.204553127,0,1.953261137,0,13.09008408,12.9159259796143,1.12631666660309,5.92172765731812,1.14572405815125,5.43308401107788,52.6679992675781,109.011734008789,0,0,4.64224338531494,0.970720410346985,
235,0,42.32105637,0,0,0,14.95292282,0,3.204553127,0,1.953261137,0,13.09008408,12.9159603118896,1.12631702423096,5.92176342010498,1.14573216438293,5.43248224258423,52.6886405944824,109.098289489746,0,0,4.64242839813232,0.97072422504425,
236,0,42.32363892,0,0,0,14.95331097,0,3.204645634,0,1.95327282,0,13.09054184,12.9160232543945,1.12631857395172,5.92180299758911,1.14574146270752,5.43190240859985,52.7089691162109,109.184677124023,0,0,4.64261198043823,0.970729351043701,
237,0,42.32363892,0,0,0,14.95331097,0,3.204645634,0,1.95327282,0,13.09054184,12.9161071777344,1.12632071971893,5.92184638977051,1.14575183391571,5.43134355545044,52.7289886474609,109.270904541016,0,0,4.64279365539551,0.970735549926758,
238,0,42.32363892,0,0,0,14.95331097,0,3.204645634,0,1.95327282,0,13.09054184,12.9161729812622,1.12632203102112,5.9218864440918,1.1457611322403,5.43080568313599,52.748706817627,109.356971740723,0,0,4.64296674728394,0.970740854740143,
239,0,42.32363892,0,0,0,14.95331097,0,3.204645634,0,1.95327282,0,13.09054184,12.9162244796753,1.12632286548615,5.92192268371582,1.14576947689056,5.43028736114502,52.7681198120117,109.442863464355,0,0,4.64313220977783,0.970745384693146,
240,0,42.32363892,0,0,0,14.95331097,0,3.204645634,0,1.95327282,0,13.09054184,12.9162645339966,1.12632346153259,5.92195558547974,1.14577698707581,5.42978763580322,52.787239074707,109.528587341309,0,0,4.64329051971436,0.970749258995056,
241,0,42.32363892,0,0,0,14.95331097,0,3.204645634,0,1.95327282,0,13.09054184,12.916296005249,1.12632381916046,5.9219856262207,1.14578366279602,5.4293065071106,52.8060646057129,109.614143371582,0,0,4.64344215393066,0.970752537250519,
242,0,42.32363892,0,0,0,14.95331097,0,3.204645634,0,1.95327282,0,13.09054184,12.9163198471069,1.12632405757904,5.92201232910156,1.14578974246979,5.42884302139282,52.8246040344238,109.699531555176,0,0,4.64358711242676,0.970755338668823,
243,0,42.32363892,0,0,0,14.95331097,0,3.204645634,0,1.95327282,0,13.09054184,12.9163389205933,1.12632417678833,5.92203664779663,1.14579510688782,5.42839670181274,52.8428573608398,109.784744262695,0,0,4.64372539520264,0.970757722854614,
244,0,42.32363892,0,0,0,14.95331097,0,3.204645634,0,1.95327282,0,13.09054184,12.9163541793823,1.12632429599762,5.92205858230591,1.14579999446869,5.42796611785889,52.8608322143555,109.869781494141,0,0,4.6438570022583,0.970759749412537,
245,0,42.32622147,0,0,0,14.95370007,0,3.204738617,0,1.953284621,0,13.0909996,12.9164018630981,1.1263256072998,5.92208576202393,1.14580643177032,5.42755126953125,52.8785362243652,109.954650878906,0,0,4.64398908615112,0.970763266086578,
246,0,42.32622147,0,0,0,14.95370007,0,3.204738617,0,1.953284621,0,13.0909996,12.9164743423462,1.12632763385773,5.92211771011353,1.14581429958344,5.42715167999268,52.8959693908691,110.039344787598,0,0,4.6441216468811,0.97076815366745,
247,0,42.32622147,0,0,0,14.95370007,0,3.204738617,0,1.953284621,0,13.0909996,12.9165306091309,1.1263289451599101,5.92214727401733,1.14582133293152,5.42676687240601,52.9131355285645,110.123863220215,0,0,4.64424848556519,0.970772325992584,
248,0,42.32622147,0,0,0,14.95370007,0,3.204738617,0,1.953284621,0,13.0909996,12.9165735244751,1.12632977962494,5.92217397689819,1.14582765102386,5.42639636993408,52.9300422668457,110.208206176758,0,0,4.64436960220337,0.970775961875916,
249,0,42.32622147,0,0,0,14.95370007,0,3.204738617,0,1.953284621,0,13.0909996,12.9166078567505,1.12633037567139,5.92219829559326,1.14583337306976,5.42603921890259,52.9466934204102,110.292366027832,0,0,4.64448547363281,0.970779001712799,
250,0,42.32622147,0,0,0,14.95370007,0,3.204738617,0,1.953284621,0,13.0909996,12.9166345596313,1.12633073329926,5.92222023010254,1.14583849906921,5.42569541931152,52.9630889892578,110.376350402832,0,0,4.64459609985352,0.970781624317169,
251,0,42.32622147,0,0,0,14.95370007,0,3.204738617,0,1.953284621,0,13.0909996,12.9166555404663,1.12633097171783,5.92224025726318,1.14584302902222,5.42536449432373,52.9792366027832,110.460151672363,0,0,4.64470148086548,0.970783829689026,
252,0,42.32622147,0,0,0,14.95370007,0,3.204738617,0,1.953284621,0,13.0909996,12.9166717529297,1.12633109092712,5.9222583770752,1.14584720134735,5.42504596710205,52.9951362609863,110.54377746582,0,0,4.64480209350586,0.970785796642303,
253,0,42.32622147,0,0,0,14.95370007,0,3.204738617,0,1.953284621,0,13.0909996,12.9166841506958,1.12633121013641,5.92227458953857,1.14585089683533,5.42473840713501,53.0107917785645,110.627220153809,0,0,4.64489841461182,0.970787465572357,
254,0,42.32622147,0,0,0,14.95370007,0,3.204738617,0,1.953284621,0,13.0909996,12.9166946411133,1.12633121013641,5.92228937149048,1.14585423469543,5.42444229125977,53.0262107849121,110.710479736328,0,0,4.64499044418335,0.970788836479187,
255,0,42.32622147,0,0,0,14.95370007,0,3.204738617,0,1.953284621,0,13.0909996,12.9167013168335,1.12633121013641,5.92230319976807,1.14585721492767,5.42415714263916,53.041389465332,110.793556213379,0,0,4.64507818222046,0.970790088176727,
256,0,42.32622147,0,0,0,14.95370007,0,3.204738617,0,1.953284621,0,13.0909996,12.9167079925537,1.12633121013641,5.92231559753418,1.14585983753204,5.42388248443604,53.0563354492188,110.876449584961,0,0,4.6451621055603,0.970791101455688,
257,0,42.32622147,0,0,0,14.95370007,0,3.204738617,0,1.953284621,0,13.0909996,12.9167137145996,1.12633121013641,5.92232656478882,1.14586222171783,5.42361783981323,53.0710525512695,110.959159851074,0,0,4.64524221420288,0.97079199552536,
258,0,42.32880783,0,0,0,14.95409203,0,3.204831839,0,1.953296423,0,13.09145641,12.9167537689209,1.1263325214386,5.92234420776367,1.14586639404297,5.42336225509644,53.0855484008789,111.041679382324,0,0,4.64532470703125,0.97079461812973,
259,0,42.32880783,0,0,0,14.95409203,0,3.204831839,0,1.953296423,0,13.09145641,12.916820526123,1.12633442878723,5.92236709594727,1.14587223529816,5.4231162071228,53.0998229980469,111.124015808105,0,0,4.64541053771973,0.970798671245575,
260,0,42.32880783,0,0,0,14.95409203,0,3.204831839,0,1.953296423,0,13.09145641,12.9168720245361,1.12633574008942,5.92238807678223,1.1458774805069,5.42287921905518,53.113883972168,111.206169128418,0,0,4.64549207687378,0.970802187919617,
261,0,42.32880783,0,0,0,14.95409203,0,3.204831839,0,1.953296423,0,13.09145641,12.9169120788574,1.12633657455444,5.92240762710571,1.14588212966919,5.42265129089355,53.1277275085449,111.288131713867,0,0,4.64556980133057,0.970805108547211,
262,0,42.32880783,0,0,0,14.95409203,0,3.204831839,0,1.953296423,0,13.09145641,12.9169435501099,1.1263370513916,5.92242527008057,1.14588630199432,5.42243194580078,53.1413612365723,111.369903564453,0,0,4.64564418792725,0.970807611942291,
263,0,42.32880783,0,0,0,14.95409203,0,3.204831839,0,1.953296423,0,13.09145641,12.9169673919678,1.12633740901947,5.92244148254395,1.1458899974823,5.4222207069397,53.1547889709473,111.45149230957,0,0,4.64571523666382,0.970809757709503,
264,0,42.32880783,0,0,0,14.95409203,0,3.204831839,0,1.953296423,0,13.09145641,12.9169864654541,1.12633764743805,5.92245578765869,1.14589333534241,5.4220175743103,53.1680107116699,111.53288269043,0,0,4.64578294754028,0.970811545848846,
265,0,42.32880783,0,0,0,14.95409203,0,3.204831839,0,1.953296423,0,13.09145641,12.9170017242432,1.12633788585663,5.92246913909912,1.14589631557465,5.42182159423828,53.1810340881348,111.61408996582,0,0,4.6458477973938,0.970813155174255,
266,0,42.32880783,0,0,0,14.95409203,0,3.204831839,0,1.953296423,0,13.09145641,12.917013168335,1.12633800506592,5.92248106002808,1.14589905738831,5.42163324356079,53.1938552856445,111.695106506348,0,0,4.64590978622437,0.970814526081085,
267,0,42.32880783,0,0,0,14.95409203,0,3.204831839,0,1.953296423,0,13.09145641,12.9170227050781,1.12633800506592,5.92249155044556,1.14590156078339,5.42145156860352,53.2064781188965,111.775932312012,0,0,4.64596891403198,0.970815658569336,
268,0,42.32880783,0,0,0,14.95409203,0,3.204831839,0,1.953296423,0,13.09145641,12.9170293807983,1.12633800506592,5.92250156402588,1.1459037065506,5.42127704620361,53.2189102172852,111.856567382813,0,0,4.64602518081665,0.970816671848297,
269,0,42.32880783,0,0,0,14.95409203,0,3.204831839,0,1.953296423,0,13.09145641,12.9170341491699,1.12633800506592,5.92251062393188,1.14590573310852,5.42110872268677,53.2311515808105,111.937004089355,0,0,4.64607954025269,0.970817565917969,
270,0,42.32880783,0,0,0,14.95409203,0,3.204831839,0,1.953296423,0,13.09145641,12.9170389175415,1.12633800506592,5.92251873016357,1.14590752124786,5.42094659805298,53.2432060241699,112.017250061035,0,0,4.64613103866577,0.970818221569061,
271,0,42.32880783,0,0,0,14.95409203,0,3.204831839,0,1.953296423,0,13.09145641,12.9170417785645,1.12633800506592,5.92252588272095,1.14590907096863,5.42079067230225,53.2550735473633,112.097305297852,0,0,4.64618015289307,0.970818817615509,
272,0,42.32880783,0,0,0,14.95409203,0,3.204831839,0,1.953296423,0,13.09145641,12.9170446395874,1.12633800506592,5.92253255844116,1.1459105014801,5.42063999176025,53.2667617797852,112.177169799805,0,0,4.64622735977173,0.970819354057312,
273,0,42.32880783,0,0,0,14.95409203,0,3.204831839,0,1.953296423,0,13.09145641,12.917046546936,1.12633800506592,5.92253828048706,1.14591181278229,5.42049503326416,53.2782745361328,112.2568359375,0,0,4.6462721824646,0.97081983089447,
274,0,42.32880783,0,0,0,14.95409203,0,3.204831839,0,1.953296423,0,13.09145641,12.9170475006104,1.12633800506592,5.9225435256958,1.14591300487518,5.42035531997681,53.289608001709,112.336311340332,0,0,4.64631509780884,0.970820248126984,
275,0,42.32880783,0,0,0,14.95409203,0,3.204831839,0,1.953296423,0,13.09145641,12.917049407959,1.12633800506592,5.92254877090454,1.14591407775879,5.42022037506104,53.3007698059082,112.415588378906,0,0,4.64635610580444,0.970820605754852,
276,0,42.32880783,0,0,0,14.95409203,0,3.204831839,0,1.953296423,0,13.09145641,12.9170503616333,1.12633800506592,5.92255353927612,1.14591503143311,5.420090675354,53.3117561340332,112.494667053223,0,0,4.64639520645142,0.970820844173431,
277,0,42.32880783,0,0,0,14.95409203,0,3.204831839,0,1.953296423,0,13.09145641,12.9170503616333,1.12633800506592,5.92255783081055,1.14591586589813,5.4199652671814,53.3225746154785,112.573554992676,0,0,4.64643287658691,0.970821082592011,
278,0,42.32880783,0,0,0,14.95409203,0,3.204831839,0,1.953296423,0,13.09145641,12.9170503616333,1.12633800506592,5.92256164550781,1.14591658115387,5.41984462738037,53.3332290649414,112.652244567871,0,0,4.64646863937378,0.97082132101059,
279,0,42.32880783,0,0,0,14.95409203,0,3.204831839,0,1.953296423,0,13.09145641,12.9170503616333,1.12633800506592,5.92256498336792,1.14591717720032,5.41972827911377,53.3437194824219,112.730735778809,0,0,4.64650297164917,0.970821499824524,
280,0,42.32880783,0,0,0,14.95409203,0,3.204831839,0,1.953296423,0,13.09145641,12.9170503616333,1.12633800506592,5.92256784439087,1.14591777324677,5.41961622238159,53.3540496826172,112.809036254883,0,0,4.64653539657593,0.970821619033813,
281,0,42.32880783,0,0,0,14.95409203,0,3.204831839,0,1.953296423,0,13.09145641,12.9170503616333,1.12633800506592,5.92257070541382,1.14591825008392,5.41950798034668,53.3642234802246,112.887138366699,0,0,4.64656639099121,0.970821738243103,
282,0,42.32880783,0,0,0,14.95409203,0,3.204831839,0,1.953296423,0,13.09145641,12.9170503616333,1.12633800506592,5.92257308959961,1.14591872692108,5.41940355300903,53.3742408752441,112.965042114258,0,0,4.64659595489502,0.970821857452393,
283,0,42.32880783,0,0,0,14.95409203,0,3.204831839,0,1.953296423,0,13.09145641,12.9170503616333,1.12633800506592,5.92257499694824,1.14591920375824,5.41930294036865,53.3841018676758,113.042747497559,0,0,4.64662408828735,0.970821976661682,
284,0,42.32880783,0,0,0,14.95409203,0,3.204831839,0,1.953296423,0,13.09145641,12.9170503616333,1.12633800506592,5.92257690429688,1.14591956138611,5.41920614242554,53.3938140869141,113.120254516602,0,0,4.64665126800537,0.970822095870972,
285,0,42.33139038,0,0,0,14.95448875,0,3.204924822,0,1.953308105,0,13.09191513,12.9170875549316,1.12633919715881,5.92258596420288,1.1459219455719,5.41911220550537,53.403377532959,113.197570800781,0,0,4.64668321609497,0.970824003219604,
286,0,42.33139038,0,0,0,14.95448875,0,3.204924822,0,1.953308105,0,13.09191513,12.9171514511108,1.12634122371674,5.9226016998291,1.14592611789703,5.41902208328247,53.4127998352051,113.274688720703,0,0,4.64672040939331,0.970827519893646,
287,0,42.33139038,0,0,0,14.95448875,0,3.204924822,0,1.953308105,0,13.09191513,12.9172019958496,1.12634253501892,5.92261648178101,1.14592981338501,5.41893529891968,53.4220809936523,113.351608276367,0,0,4.64675617218018,0.97083055973053,
288,0,42.33139038,0,0,0,14.95448875,0,3.204924822,0,1.953308105,0,13.09191513,12.9172410964966,1.12634336948395,5.92262935638428,1.14593315124512,5.41885232925415,53.4312210083008,113.428337097168,0,0,4.64679002761841,0.9708331823349,
289,0,42.33139038,0,0,0,14.95448875,0,3.204924822,0,1.953308105,0,13.09191513,12.9172716140747,1.12634384632111,5.92264175415039,1.14593613147736,5.41877269744873,53.4402198791504,113.504859924316,0,0,4.64682245254517,0.970835328102112,
290,0,42.33139038,0,0,0,14.95448875,0,3.204924822,0,1.953308105,0,13.09191513,12.9172954559326,1.12634420394897,5.92265272140503,1.14593887329102,5.41869592666626,53.4490814208984,113.581184387207,0,0,4.64685344696045,0.970837235450745,
291,0,42.33139038,0,0,0,14.95448875,0,3.204924822,0,1.953308105,0,13.09191513,12.9173135757446,1.12634444236755,5.92266273498535,1.14594125747681,5.41862201690674,53.4578132629395,113.65731048584,0,0,4.64688301086426,0.970838844776154,
292,0,42.33139038,0,0,0,14.95448875,0,3.204924822,0,1.953308105,0,13.09191513,12.9173288345337,1.12634456157684,5.92267179489136,1.14594340324402,5.41855144500732,53.4664077758789,113.733238220215,0,0,4.64691114425659,0.970840156078339,
293,0,42.33139038,0,0,0,14.95448875,0,3.204924822,0,1.953308105,0,13.09191513,12.9173402786255,1.12634468078613,5.92267990112305,1.14594531059265,5.4184832572937,53.4748725891113,113.808959960938,0,0,4.64693784713745,0.970841288566589,
294,0,42.33139038,0,0,0,14.95448875,0,3.204924822,0,1.953308105,0,13.09191513,12.9173488616943,1.12634468078613,5.92268753051758,1.14594709873199,5.41841793060303,53.4832077026367,113.884490966797,0,0,4.64696359634399,0.970842301845551,
295,0,42.33139038,0,0,0,14.95448875,0,3.204924822,0,1.953308105,0,13.09191513,12.9173555374146,1.12634468078613,5.92269468307495,1.14594864845276,5.41835498809814,53.4914169311523,113.959815979004,0,0,4.64698839187622,0.970843136310577,
296,0,42.33139038,0,0,0,14.95448875,0,3.204924822,0,1.953308105,0,13.09191513,12.9173612594604,1.12634468078613,5.92270088195801,1.14595007896423,5.41829442977905,53.4995040893555,114.034942626953,0,0,4.64701175689697,0.97084379196167,
297,0,42.33139038,0,0,0,14.95448875,0,3.204924822,0,1.953308105,0,13.09191513,12.9173650741577,1.12634468078613,5.92270660400391,1.14595139026642,5.41823673248291,53.5074653625488,114.109870910645,0,0,4.64703416824341,0.970844388008118,
298,0,42.33139038,0,0,0,14.95448875,0,3.204924822,0,1.953308105,0,13.09191513,12.917368888855,1.12634468078613,5.92271184921265,1.14595258235931,5.4181809425354,53.515308380127,114.184600830078,0,0,4.64705562591553,0.970844924449921,
299,0,42.33139038,0,0,0,14.95448875,0,3.204924822,0,1.953308105,0,13.09191513,12.9173717498779,1.12634468078613,5.92271661758423,1.14595365524292,5.41812753677368,53.5230255126953,114.259124755859,0,0,4.64707565307617,0.970845401287079,
300,0,42.33139038,0,0,0,14.95448875,0,3.204924822,0,1.953308105,0,13.09191513,12.9173727035522,1.12634468078613,5.92272090911865,1.14595460891724,5.4180760383606,53.5306243896484,114.333450317383,0,0,4.64709520339966,0.970845818519592,
