"Time Step","Softwood Merchantable","Hardwood Merchantable","Softwood Submerchantable","Hardwood Submerchantable","Softwood Other","Hardwood Other","Softwood Foliage","Hardwood Foliage","Softwood Fine Roots","Hardwood Fine Roots","Softwood Coarse Roots","Hardwood Coarse Roots","Aboveground Very Fast DOM","Belowground Very Fast DOM","Aboveground Fast DOM","Belowground Fast DOM","Medium DOM","Aboveground Slow DOM","Belowground Slow DOM","Softwood Stem Snag","Softwood Branch Snag","Hardwood Stem Snag","Hardwood Branch Snag",
0,0,0.01485012751,0,0,0,0.01452842169,0,0.07925952226,0,0.1273055971,0,0.1808631718,13.3603944778442,1.36481809616089,25.483772277832,6.90406942367554,11.0322141647339,53.9416236877441,114.543930053711,0,0,3.66292842954863e-5,6.89180960762315e-5,
1,0,0.06595888734,0,0,0,0.1272580922,0,0.1741298586,0,0.2602859437,0,0.3916149437,10.5460186004639,0.917161047458649,22.8753967285156,6.19876194000244,10.7374105453491,54.1494102478027,114.699157714844,0,0,2.3430667351931e-4,7.3143548797816e-4,
2,0,0.1576344669,0,0,0,0.3161668479,0,0.2735943496,0,0.3889679909,0,0.6200368404,8.45895957946777,0.656380355358124,20.5405502319336,5.56774044036865,10.4504909515381,54.2000274658203,114.817405700684,0,0,7.7529321424663e-4,0.00272800773382187,
3,0,0.2921799421,0,0,0,0.5675289631,0,0.3746144474,0,0.511049211,0,0.8626399636,6.93918704986572,0.514591991901398,18.4533138275146,5.00353145599365,10.1712551116943,54.1300315856934,114.910568237305,0,0,0.001849967520684,0.00652130553498864,
4,0,0.4710055292,0,0,0,0.8709064126,0,0.4756048024,0,0.6256247759,0,1.117140532,5.85997295379639,0.447833210229874,16.5901222229004,4.49940204620361,9.89951419830322,53.9684181213379,114.986404418945,0,0,0.00364931323565543,0.012391759082675,
5,0,0.6949220896,0,0,0,1.217594385,0,0.5755882859,0,0.7323860526,0,1.381681681,5.12153196334839,0.427721828222275,14.9295721054077,4.04928970336914,9.63509082794189,53.7381553649902,115.049995422363,0,0,0.00636121071875095,0.0204880107194185,
6,0,0.9642686844,0,0,0,1.59998548,0,0.6739138961,0,0.8313423395,0,1.65461576,4.64552164077759,0.435984313488007,13.4522323608398,3.64773964881897,9.37781810760498,53.4574394226074,115.104675292969,0,0,0.0101679340004921,0.0308596007525921,
7,0,1.278980732,0,0,0,2.011261225,0,0.7701304555,0,0.9226896763,0,1.9344251159999999,4.37055253982544,0.460896462202072,12.1404600143433,3.28984093666077,9.12753868103027,53.1406669616699,115.152687072754,0,0,0.0152442445978522,0.043480396270752,
8,0,1.638633013,0,0,0,2.445227861,0,0.863920331,0,1.006737947,0,2.219691277,4.2485990524292,0.494974702596664,10.9782314300537,2.97117328643799,8.88410568237305,52.7992324829102,115.195526123047,0,0,0.0217558443546295,0.0582663603127003,
9,0,2.042470455,0,0,0,2.896224976,0,0.955060184,0,1.083865166,0,2.509082079,4.24214839935303,0.533479750156403,9.9509859085083,2.68775773048401,8.64738082885742,52.4421234130859,115.234199523926,0,0,0.0298580750823021,0.0750894993543625,
10,0,2.489431858,0,0,0,3.359069586,0,1.043395996,0,1.154487848,0,2.801345825,4.32194900512695,0.573447287082672,9.045485496521,2.43601083755493,8.41723346710205,52.0764198303223,115.269432067871,0,0,0.0396948233246803,0.0937891006469727,
11,0,2.978172064,0,0,0,3.829025745,0,1.128826261,0,1.219040632,0,3.09531045,4.46523332595825,0.61305969953537,8.24969291687012,2.21270632743835,8.19354248046875,51.7076950073242,115.301727294922,0,0,0.0513975732028484,0.114180870354176,
12,0,3.507082224,0,0,0,4.301781654,0,1.211290121,0,1.277961254,0,3.389882088,4.65432119369507,0.65123850107193,7.55265474319458,2.01493811607361,7.97619438171387,51.3402976989746,115.331466674805,0,0,0.0650846064090729,0.136064529418945,
13,0,4.074309826,0,0,0,4.773436546,0,1.290758014,0,1.331680775,0,3.684042931,4.87551927566528,0.687380075454712,6.94440412521362,1.84008896350861,7.76507997512817,50.9776077270508,115.358932495117,0,0,0.0808603689074516,0.15923011302948,
14,0,4.677779675,0,0,0,5.240490913,0,1.367226243,0,1.380617261,0,3.976854801,5.11825847625732,0.721183657646179,6.4158673286438,1.68580114841461,7.56009817123413,50.622241973877,115.38436126709,0,0,0.0988149046897888,0.183463260531425,
15,0,5.315214157,0,0,0,5.69983387,0,1.440710545,0,1.425169468,0,4.267452717,5.37441539764404,0.752540409564972,5.95878601074219,1.54995048046112,7.36115312576294,50.2761878967285,115.407943725586,0,0,0.119023494422436,0.208549529314041,
16,0,5.984156132,0,0,0,6.148736477,0,1.511243105,0,1.465714931,0,4.555047512,5.63777780532837,0.781460165977478,5.5656418800354,1.43062317371368,7.16815423965454,49.9409446716309,115.429840087891,0,0,0.141546338796616,0.23427814245224,
17,0,6.681991577,0,0,0,6.584837914,0,1.578868628,0,1.502607584,0,4.838923454,5.9036283493042,0.80802458524704,5.22959423065186,1.32609498500824,6.98101377487183,49.6175918579102,115.450187683105,0,0,0.166428446769714,0.260444968938828,
18,0,7.405972958,0,0,0,7.006135464,0,1.643642187,0,1.53617692,0,5.118432045,6.16841602325439,0.832356572151184,4.94442081451416,1.23481214046478,6.79964923858643,49.3069076538086,115.469123840332,0,0,0.19369956851005601,0.286855012178421,
19,0,8.153242111,0,0,0,7.410969734,0,1.705626726,0,1.566728115,0,5.392994881,6.42949771881104,0.854600489139557,4.70446443557739,1.15537488460541,6.62398052215576,49.0093994140625,115.486755371094,0,0,0.223374277353287,0.313324451446533,
20,0,8.920855522,0,0,0,7.798008442,0,1.764891505,0,1.594542146,0,5.662099361,6.68493747711182,0.874909460544586,4.5045862197876,1.08652198314667,6.45392990112305,48.7253684997559,115.503189086914,0,0,0.255452215671539,0.339682072401047,
21,0,9.70580864,0,0,0,8.166231155,0,1.821510792,0,1.619876385,0,5.925292015,6.93334913253784,0.893437385559082,4.34012317657471,1.02711713314056,6.28942251205444,48.4549598693848,115.518539428711,0,0,0.289918333292007,0.365770548582077,
22,0,10.77998161,0,0,0,8.281610489,0,1.846767545,0,1.643202305,0,6.18489933,7.16314744949341,0.910358250141144,4.20371961593628,0.976149082183838,6.13038492202759,48.1975440979004,115.53288269043,0,0,0.327421486377716,0.390340536832809,
23,0,11.55177402,0,0,0,8.530835152,0,1.892574072,0,1.662131786,0,6.409255505,7.37365388870239,0.925586521625519,4.09058666229248,0.932578563690186,5.97676515579224,47.952392578125,115.546295166016,0,0,0.367792755365372,0.413049459457397,
24,0,12.32666016,0,0,0,8.772086143,0,1.93702805,0,1.679656386,0,6.629126072,7.57551288604736,0.93912935256958,3.99968791007996,0.895468771457672,5.82850790023804,47.7193145751953,115.558815002441,0,0,0.410165011882782,0.434766381978989,
25,0,13.09894466,0,0,0,9.004431725,0,1.979980111,0,1.695818901,0,6.84335041,7.76923799514771,0.951303839683533,3.92838168144226,0.864111721515656,5.6855320930481,47.4980964660645,115.570495605469,0,0,0.454449564218521,0.455556213855743,
26,0,13.86896038,0,0,0,9.228765488,0,2.021609306,0,1.710783482,0,7.052456379,7.9552640914917,0.962335169315338,3.8742995262146,0.83786940574646,5.54775619506836,47.2885093688965,115.581405639648,0,0,0.500548481941223,0.475474208593369,
27,0,14.63406277,0,0,0,9.445031166,0,2.06191206,0,1.724636555,0,7.256119251,8.1340274810791,0.972393751144409,3.83533358573914,0.816169917583466,5.4150972366333,47.0903053283691,115.591606140137,0,0,0.548362493515015,0.494571477174759,
28,0,15.394557,0,0,0,9.653952599,0,2.101025105,0,1.7375056740000001,0,7.454780579,8.30594253540039,0.981611311435699,3.80960631370544,0.798500716686249,5.28747272491455,46.9032325744629,115.601173400879,0,0,0.597791135311127,0.512894809246063,
29,0,16.15071487,0,0,0,9.856154442,0,2.139065027,0,1.749498725,0,7.648823261,8.47145557403564,0.990096747875214,3.79545783996582,0.784405291080475,5.16479778289795,46.7270317077637,115.610168457031,0,0,0.648739755153656,0.530490636825562,
30,0,16.89412117,0,0,0,10.04994774,0,2.175709963,0,1.760583162,0,7.836413383,8.6308479309082,0.997927725315094,3.79138255119324,0.773467600345612,5.04698801040649,46.5614280700684,115.618659973145,0,0,0.701097846031189,0.547393500804901,
31,0,17.6308651,0,0,0,10.23743248,0,2.211348057,0,1.770939946,0,8.019392014,8.78438186645508,1.00516963005066,3.79603791236877,0.765314221382141,4.93395709991455,46.4061431884766,115.62671661377,0,0,0.754754304885864,0.563634872436523,
32,0,18.35831642,0,0,0,10.41836834,0,2.245926142,0,1.780606151,0,8.197356224,8.93241119384766,1.01188671588898,3.80825304985046,0.759616494178772,4.82561779022217,46.2608985900879,115.634391784668,0,0,0.809611320495605,0.579250454902649,
33,0,19.07103539,0,0,0,10.59184265,0,2.279259443,0,1.789582372,0,8.369243622,9.07513046264648,1.01812434196472,3.82695817947388,0.756072878837585,4.72188186645508,46.1254043579102,115.641738891602,0,0,0.865555763244629,0.594265162944794,
34,0,19.77497864,0,0,0,10.75969696,0,2.311690569,0,1.798006773,0,8.536728859,9.21276378631592,1.02392590045929,3.85121083259583,0.754415452480316,4.6226601600647,45.9993782043457,115.648811340332,0,0,0.922480762004852,0.608704805374146,
35,0,20.46471214,0,0,0,10.92097664,0,2.343024015,0,1.805869222,0,8.698731422,9.34555912017822,1.02933239936829,3.88018202781677,0.7544065117836,4.52786350250244,45.8825263977051,115.655662536621,0,0,0.98028552532196,0.622595608234406,
36,0,21.14329147,0,0,0,11.07671928,0,2.37344861,0,1.813254118,0,8.856169701,9.47371482849121,1.03437793254852,3.91313052177429,0.755831956863403,4.43739986419678,45.7745628356934,115.662353515625,0,0,1.03886795043945,0.635960280895233,
37,0,21.80811501,0,0,0,11.22662735,0,2.402894974,0,1.820177197,0,9.008626938,9.59744358062744,1.03909468650818,3.94940590858459,0.758501827716827,4.35117816925049,45.6752052307129,115.668914794922,0,0,1.09813177585602,0.648821711540222,
38,0,22.456604,0,0,0,11.3704052,0,2.43129158,0,1.826653004,0,9.155696869,9.71685981750488,1.04350650310516,3.9884135723114,0.762242019176483,4.26910638809204,45.5841674804688,115.675392150879,0,0,1.15797197818756,0.661196708679199,
39,0,23.09454346,0,0,0,11.50959015,0,2.458930254,0,1.832775116,0,9.298851013,9.83215045928955,1.04763972759247,4.02964401245117,0.766901075839996,4.19109153747559,45.501163482666,115.681831359863,0,0,1.21829652786255,0.673105537891388,
40,0,23.71376991,0,0,0,11.64263439,0,2.485491037,0,1.838496685,0,9.436410904,9.94345378875732,1.05151629447937,4.07264041900635,0.772342145442963,4.11703968048096,45.425910949707,115.688262939453,0,0,1.27901136875153,0.684565365314484,
41,0,24.32279587,0,0,0,11.77158737,0,2.511371613,0,1.843925595,0,9.570411682,10.0509166717529,1.05515646934509,4.11700248718262,0.778443872928619,4.0468578338623,45.3581390380859,115.694717407227,0,0,1.34002768993378,0.695593357086182,
42,0,24.91347504,0,0,0,11.89491558,0,2.53625226,0,1.849014521,0,9.699186325,10.1546869277954,1.05857956409454,4.16238117218018,0.785099148750305,3.98045206069946,45.2975730895996,115.701240539551,0,0,1.40126144886017,0.706206440925598,
43,0,25.49149895,0,0,0,12.0140028,0,2.560400248,0,1.85383594,0,9.824104309,10.2548675537109,1.06180059909821,4.20846128463745,0.792210459709167,3.91772770881653,45.2439422607422,115.707862854004,0,0,1.46262657642365,0.716418445110321,
44,0,26.05426216,0,0,0,12.12847328,0,2.583729744,0,1.858388066,0,9.944710732,10.3516101837158,1.06483626365662,4.25497913360596,0.799694418907166,3.85859060287476,45.1969871520996,115.71460723877,0,0,1.52404820919037,0.726246058940887,
45,0,26.60190201,0,0,0,12.23851681,0,2.60626626,0,1.862691045,0,10.06114292,10.4450159072876,1.06769967079163,4.30169582366943,0.807474732398987,3.80294680595398,45.1564483642578,115.72151184082,0,0,1.58544886112213,0.735702455043793,
46,0,27.13455772,0,0,0,12.34430504,0,2.628036976,0,1.8667624,0,10.17352772,10.5351858139038,1.0704026222229,4.3484034538269,0.81548410654068,3.75070238113403,45.1220741271973,115.728591918945,0,0,1.64675521850586,0.744800746440887,
47,0,27.6523571,0,0,0,12.44600201,0,2.649065018,0,1.870618224,0,10.28198528,10.6222219467163,1.07295644283295,4.39492273330688,0.823663294315338,3.70176339149475,45.0936088562012,115.735870361328,0,0,1.70789790153503,0.753553688526154,
48,0,28.15541458,0,0,0,12.54375648,0,2.669370174,0,1.874272704,0,10.38662338,10.7062244415283,1.07537150382996,4.44109916687012,0.831960082054138,3.65603637695313,45.0708160400391,115.743377685547,0,0,1.7688113451004,0.761973679065704,
49,0,28.64384651,0,0,0,12.63769817,0,2.688971996,0,1.877738833,0,10.48754311,10.7872886657715,1.0776572227478,4.48680019378662,0.840328574180603,3.61342859268188,45.0534553527832,115.751136779785,0,0,1.82943332195282,0.770072460174561,
50,0,29.12045479,0,0,0,12.7284708,0,2.707996607,0,1.881046653,0,10.58539581,10.8655462265015,1.07982409000397,4.53192090988159,0.84873104095459,3.57384729385376,45.0413055419922,115.759162902832,0,0,1.88971161842346,0.7778639793396,
51,0,29.57992935,0,0,0,12.81516743,0,2.726243973,0,1.884169102,0,10.67915726,10.9410753250122,1.08187913894653,4.5763635635376,0.857131838798523,3.53720116615295,45.0341300964355,115.767471313477,0,0,1.94959032535553,0.785358726978302,
52,0,30.02776527,0,0,0,12.89891052,0,2.743943691,0,1.887152433,0,10.77000999,11.0139493942261,1.08382892608643,4.62004470825195,0.865499675273895,3.50339937210083,45.0317192077637,115.776084899902,0,0,2.00901651382446,0.792566657066345,
53,0,30.46134377,0,0,0,12.97928524,0,2.761001348,0,1.889986873,0,10.857481,11.0842800140381,1.08568143844604,4.66290426254272,0.87380975484848,3.47235155105591,45.0338592529297,115.785018920898,0,0,2.06794667243958,0.799499750137329,
54,0,30.88075066,0,0,0,13.05639935,0,2.77743125,0,1.89267993,0,10.94164181,11.1521244049072,1.08744144439697,4.70488166809082,0.882037997245789,3.44396877288818,45.0403442382813,115.794288635254,0,0,2.12633275985718,0.806166768074036,
55,0,31.28874016,0,0,0,13.13081741,0,2.793347597,0,1.895255923,0,11.02309322,11.2175769805908,1.08911538124084,4.74593639373779,0.89016580581665,3.41816282272339,45.0509757995605,115.803901672363,0,0,2.18413591384888,0.812578320503235,
56,0,31.6826992,0,0,0,13.20213223,0,2.808658123,0,1.897703528,0,11.10135937,11.2807235717773,1.09070873260498,4.78603601455688,0.898176968097687,3.39484667778015,45.0655555725098,115.81388092041,0,0,2.24131989479065,0.81874418258667,
57,0,32.06537247,0,0,0,13.27090073,0,2.823475838,0,1.900045156,0,11.17702484,11.3416385650635,1.09222614765167,4.82515430450439,0.906057476997375,3.3739347457885702,45.0839004516602,115.824226379395,0,0,2.29785013198853,0.824673473834991,
58,0,32.43413544,0,0,0,13.33670235,0,2.83770442,0,1.902269363,0,11.24961376,11.4003877639771,1.09367179870605,4.86327075958252,0.913795173168182,3.3553421497345,45.105827331543,115.8349609375,0,0,2.35369396209717,0.830374598503113,
59,0,32.79173279,0,0,0,13.40009594,0,2.851458073,0,1.904397249,0,11.3197031,11.4570293426514,1.09504926204681,4.9003701210022,0.921379804611206,3.33898544311523,45.131160736084,115.846092224121,0,0,2.40882015228271,0.835855424404144,
60,0,33.13819504,0,0,0,13.46111393,0,2.864741802,0,1.906432152,0,11.38732815,11.5116577148438,1.09636342525482,4.93645048141479,0.928804814815521,3.32478284835815,45.1597290039063,115.857627868652,0,0,2.46320581436157,0.84112548828125,
61,0,33.47358322,0,0,0,13.51981926,0,2.877562761,0,1.908378005,0,11.45253277,11.5643510818481,1.09761810302734,4.97151184082031,0.936064600944519,3.31265377998352,45.1913719177246,115.869567871094,0,0,2.5168297290802,0.846193313598633,
62,0,33.79527283,0,0,0,13.57578754,0,2.889825344,0,1.910222888,0,11.51483631,11.6151342391968,1.09881508350372,5.00554943084717,0.943152129650116,3.30251884460449,45.2259254455566,115.881927490234,0,0,2.56966495513916,0.851064443588257,
63,0,34.10863495,0,0,0,13.63000584,0,2.901738882,0,1.912000299,0,11.57530785,11.6640739440918,1.09995746612549,5.0385684967041,0.95006388425827,3.29430031776428,45.2632369995117,115.894714355469,0,0,2.62169218063354,0.855746448040009,
64,0,34.41104126,0,0,0,13.68203926,0,2.913206816,0,1.913697839,0,11.63346291,11.7112674713135,1.10104966163635,5.07058477401733,0.956799387931824,3.28792190551758,45.303165435791,115.907936096191,0,0,2.67290067672729,0.860248327255249,
65,0,34.70252228,0,0,0,13.73193455,0,2.924233437,0,1.915317655,0,11.68932819,11.7567510604858,1.10209345817566,5.10160636901855,0.963355958461761,3.28330874443054,45.3455619812012,115.921585083008,0,0,2.72327303886414,0.864575803279877,
66,0,34.98313141,0,0,0,13.77972221,0,2.934825182,0,1.916862726,0,11.74293804,11.8005609512329,1.10309028625488,5.13164186477661,0.969731509685516,3.28038763999939,45.3902893066406,115.935684204102,0,0,2.77279305458069,0.86873418092727706,
67,0,35.25553131,0,0,0,13.82588863,0,2.94508481,0,1.918349147,0,11.79481983,11.8427677154541,1.10404324531555,5.16070890426636,0.975926756858826,3.27908682823181,45.4372138977051,115.950233459473,0,0,2.82145214080811,0.872730553150177,
68,0,35.51711273,0,0,0,13.87001896,0,2.954915762,0,1.919764519,0,11.84449482,11.8834276199341,1.10495460033417,5.18882608413696,0.981942534446716,3.27933621406555,45.4862060546875,115.965232849121,0,0,2.86924195289612,0.876571238040924,
69,0,35.77054214,0,0,0,13.91257668,0,2.964422226,0,1.921124935,0,11.89248466,11.922589302063,1.10582625865936,5.21601009368896,0.98777973651886,3.28106737136841,45.5371437072754,115.980682373047,0,0,2.91615462303162,0.880261838436127,
70,0,36.01583862,0,0,0,13.95360088,0,2.973605394,0,1.922431469,0,11.93881035,11.9603309631348,1.10666131973267,5.24228668212891,0.993441700935364,3.28421354293823,45.5899085998535,115.996589660645,0,0,2.96218943595886,0.883809626102448,
71,0,36.25039673,0,0,0,13.99267006,0,2.982372761,0,1.923671961,0,11.98299408,11.9966793060303,1.10746037960052,5.26767206192017,0.998929262161255,3.28870916366577,45.6443862915039,116.01294708252,0,0,3.00733947753906,0.887218832969666,
72,0,36.47687531,0,0,0,14.03024006,0,2.990822077,0,1.924861431,0,12.02554703,12.0316553115845,1.10822427272797,5.29218149185181,1.00424337387085,3.29449081420898,45.7004699707031,116.029762268066,0,0,3.051598072052,0.890493452548981,
73,0,36.69791794,0,0,0,14.06677341,0,2.999055862,0,1.9260149,0,12.06698227,12.065354347229,1.10895657539368,5.31584644317627,1.00938951969147,3.3014965057373,45.7580528259277,116.047050476074,0,0,3.09497141838074,0.893640995025635,
74,0,36.90828323,0,0,0,14.10141277,0,3.006879091,0,1.927105784,0,12.10632324,12.0978164672852,1.10965847969055,5.33868789672852,1.01437056064606,3.30966591835022,45.8170318603516,116.064788818359,0,0,3.13746023178101,0.89666622877121,
75,0,37.1132431,0,0,0,14.1350441,0,3.014490843,0,1.928162336,0,12.14457035,12.1290712356567,1.11033070087433,5.36072635650635,1.0191890001297,3.31894040107727,45.8773155212402,116.083000183105,0,0,3.17906427383423,0.89957320690155,
76,0,37.31019592,0,0,0,14.16725254,0,3.021794796,0,1.929171801,0,12.1812439,12.1591854095459,1.1109756231308,5.38198852539063,1.02384960651398,3.32926273345947,45.9388046264648,116.101669311523,0,0,3.21979022026062,0.9023677110672,
77,0,37.49914932,0,0,0,14.19805241,0,3.028792381,0,1.930135369,0,12.21635818,12.1881723403931,1.11159336566925,5.40249156951904,1.0283545255661,3.34057760238647,46.0014114379883,116.120803833008,0,0,3.25963830947876,0.905052661895752,
78,0,37.68273926,0,0,0,14.22788525,0,3.035583496,0,1.931066513,0,12.25040817,12.2160816192627,1.11218559741974,5.42226028442383,1.03270792961121,3.3528311252594,46.0650520324707,116.140396118164,0,0,3.2986147403717,0.907632887363434,
79,0,37.85836029,0,0,0,14.25634384,0,3.042070627,0,1.931953073,0,12.28291988,12.2429533004761,1.11275339126587,5.44131708145142,1.03691363334656,3.365971326828,46.1296463012695,116.160453796387,0,0,3.33672571182251,0.91011255979538,
80,0,38.02864456,0,0,0,14.28384876,0,3.048354387,0,1.932808638,0,12.31438541,12.2688188552856,1.11329782009125,5.45968294143677,1.04097521305084,3.37994718551636,46.1951141357422,116.180969238281,0,0,3.37397742271423,0.912495315074921,
81,0,38.190979,0,0,0,14.31000042,0,3.054337502,0,1.933620811,0,12.3443327,12.2937068939209,1.11381959915161,5.47737741470337,1.04489600658417,3.39470982551575,46.2613754272461,116.201934814453,0,0,3.41037583351135,0.914784371852875,
82,0,38.34799957,0,0,0,14.3352375,0,3.060118198,0,1.934403062,0,12.37325096,12.3176383972168,1.11431920528412,5.49441909790039,1.04867887496948,3.41021156311035,46.3283615112305,116.223358154297,0,0,3.44592618942261,0.916982710361481,
83,0,38.49971008,0,0,0,14.35954952,0,3.065698862,0,1.935155869,0,12.40114784,12.3406677246094,1.11479842662811,5.51083278656006,1.05232882499695,3.42640614509583,46.3960037231445,116.245239257813,0,0,3.48064112663269,0.919094800949097,
84,0,38.64611816,0,0,0,14.38295937,0,3.0710783,0,1.935879588,0,12.42802811,12.3628387451172,1.11525857448578,5.52664136886597,1.05585038661957,3.44324922561646,46.4642333984375,116.267570495605,0,0,3.51453137397766,0.921124637126923,
85,0,38.78723145,0,0,0,14.40547848,0,3.076258421,0,1.936574817,0,12.45389938,12.3841876983643,1.11570036411285,5.54186630249023,1.05924761295319,3.46069765090942,46.5329856872559,116.290344238281,0,0,3.54760789871216,0.923075675964355,
86,0,38.9204483,0,0,0,14.42667675,0,3.081145763,0,1.93722856,0,12.4782877,12.4047040939331,1.11612331867218,5.55651950836182,1.06252205371857,3.47871017456055,46.6022033691406,116.313575744629,0,0,3.57987475395203,0.924948990345001,
87,0,39.05099869,0,0,0,14.44741249,0,3.085930109,0,1.937867403,0,12.50215626,12.4244194030762,1.11652827262878,5.57061910629272,1.0656772851944,3.49724626541138,46.6718215942383,116.337242126465,0,0,3.61134243011475,0.926747441291809,
88,0,39.17627716,0,0,0,14.46726608,0,3.090516567,0,1.938478351,0,12.52503014,12.4433937072754,1.11691737174988,5.5841908454895,1.06871867179871,3.51626706123352,46.7417945861816,116.361343383789,0,0,3.6420271396637,0.928475618362427,
89,0,39.29889679,0,0,0,14.48666,0,3.095004082,0,1.939074516,0,12.54739189,12.4616756439209,1.11729180812836,5.59725761413574,1.07165133953094,3.53573536872864,46.8120651245117,116.385887145996,0,0,3.6719446182251,0.930137395858765,
90,0,39.4136467,0,0,0,14.50477791,0,3.099198341,0,1.939630985,0,12.56829262,12.4792680740356,1.11765122413635,5.60983276367188,1.07447743415833,3.55561494827271,46.8825798034668,116.410865783691,0,0,3.7011034488678,0.931734263896942,
91,0,39.52574921,0,0,0,14.52244663,0,3.103294611,0,1.9401729109999999,0,12.5886898,12.4961719512939,1.117995262146,5.62192869186401,1.07719898223877,3.57587170600891,46.9532928466797,116.436264038086,0,0,3.72951126098633,0.933267533779144,
92,0,39.63520432,0,0,0,14.53966141,0,3.107290983,0,1.940700769,0,12.6085825,12.5124607086182,1.11832666397095,5.63357305526733,1.07982230186462,3.59647178649902,47.0241661071777,116.462097167969,0,0,3.75718927383423,0.934742212295532,
93,0,39.73681259,0,0,0,14.55561352,0,3.110998631,0,1.941189647,0,12.62702847,12.5281209945679,1.1186443567276,5.64477396011353,1.08234870433807,3.61738324165344,47.0951499938965,116.488349914551,0,0,3.78414440155029,0.936158776283264,
94,0,39.83838654,0,0,0,14.57154083,0,3.114701986,0,1.941677213,0,12.64545059,12.5431795120239,1.11894917488098,5.65554857254028,1.08478164672852,3.63857555389404,47.1661987304688,116.515022277832,0,0,3.81038928031921,0.937519550323486,
95,0,39.93472672,0,0,0,14.58662224,0,3.118213415,0,1.942138553,0,12.66290665,12.5576934814453,1.11924278736115,5.66591882705688,1.08712601661682,3.66001915931702,47.2372856140137,116.542106628418,0,0,3.8359432220459,0.938828527927399,
96,0,40.02582169,0,0,0,14.60086155,0,3.121531487,0,1.942573667,0,12.67939663,12.5716323852539,1.11952388286591,5.67589044570923,1.08938229084015,3.68168544769287,47.3083610534668,116.569595336914,0,0,3.86081099510193,0.940085351467133,
97,0,40.11429596,0,0,0,14.61466885,0,3.124752045,0,1.942995548,0,12.69539833,12.5850133895874,1.11979281902313,5.68547534942627,1.09155309200287,3.70354723930359,47.37939453125,116.597496032715,0,0,3.88500452041626,0.941291451454163,
98,0,40.20014572,0,0,0,14.6280489,0,3.127875805,0,1.943404078,0,12.7109108,12.5978832244873,1.12005114555359,5.69469356536865,1.0936427116394,3.72557854652405,47.4503479003906,116.625801086426,0,0,3.90854096412659,0.942450344562531,
99,0,40.28337479,0,0,0,14.64100742,0,3.130901814,0,1.943799376,0,12.7259388,12.6102809906006,1.12030005455017,5.70356225967407,1.0956552028656,3.74775385856628,47.5211906433105,116.654502868652,0,0,3.93143701553345,0.943564772605896,
100,0,40.36138153,0,0,0,14.65313244,0,3.133737803,0,1.944169283,0,12.74001217,12.6221990585327,1.12053883075714,5.71209001541138,1.09759187698364,3.77005004882813,47.5918922424316,116.683601379395,0,0,3.95370149612427,0.944635391235352,
101,0,40.43936157,0,0,0,14.66523838,0,3.136570454,0,1.944538236,0,12.75406933,12.6336679458618,1.12076842784882,5.72029161453247,1.09945619106293,3.79244375228882,47.6624221801758,116.713081359863,0,0,3.97535037994385,0.945664465427399,
102,0,40.51213837,0,0,0,14.67651939,0,3.139213324,0,1.944882154,0,12.76717854,12.6447143554688,1.12098944187164,5.72818183898926,1.10125136375427,3.81491303443909,47.7327575683594,116.742935180664,0,0,3.99639868736267,0.946654081344604,
103,0,40.58229065,0,0,0,14.68738556,0,3.141759634,0,1.945213079,0,12.77980614,12.6553192138672,1.12120091915131,5.73576545715332,1.10297787189484,3.83743762969971,47.8028717041016,116.773178100586,0,0,4.01685380935669,0.947604119777679,
104,0,40.64983368,0,0,0,14.69783592,0,3.144211531,0,1.945531249,0,12.79195786,12.665506362915,1.12140369415283,5.74305486679077,1.10463857650757,3.85999727249146,47.8727340698242,116.803787231445,0,0,4.03672933578491,0.948516428470612,
105,0,40.71476746,0,0,0,14.7078743,0,3.146565914,0,1.945836544,0,12.80362892,12.6752958297729,1.12159836292267,5.75006103515625,1.10623598098755,3.88257336616516,47.942325592041,116.834770202637,0,0,4.05603837966919,0.94939261674881,
106,0,40.77708817,0,0,0,14.71749973,0,3.148825407,0,1.946129441,0,12.81482792,12.684700012207,1.1217850446701,5.75679492950439,1.10777223110199,3.90514755249023,48.0116195678711,116.866111755371,0,0,4.07479381561279,0.950234055519104,
107,0,40.83680725,0,0,0,14.72671127,0,3.150990725,0,1.946409464,0,12.82555103,12.6937313079834,1.12196409702301,5.76326608657837,1.10924923419952,3.92770266532898,48.0805969238281,116.897811889648,0,0,4.09300756454468,0.95104193687439,
108,0,40.89651108,0,0,0,14.73591137,0,3.153153896,0,1.94668901,0,12.83626461,12.7024354934692,1.12213683128357,5.76949071884155,1.110671043396,3.95022225379944,48.1492462158203,116.929870605469,0,0,4.1106972694397,0.951819002628326,
109,0,40.95100784,0,0,0,14.74430084,0,3.155127048,0,1.946944118,0,12.84603786,12.7108097076416,1.12230288982391,5.77547550201416,1.11203896999359,3.97269105911255,48.2175407409668,116.962272644043,0,0,4.12787437438965,0.952566027641296,
110,0,41.00550461,0,0,0,14.75268841,0,3.157100201,0,1.947198629,0,12.8558073,12.7188549041748,1.12246203422546,5.78122711181641,1.11335432529449,3.99509429931641,48.2854614257813,116.995018005371,0,0,4.14454793930054,0.953283429145813,
111,0,41.05739594,0,0,0,14.76066399,0,3.158978939,0,1.947440982,0,12.86510372,12.7266063690186,1.12261557579041,5.78675889968872,1.11462044715881,4.017418384552,48.3529968261719,117.028106689453,0,0,4.1607346534729,0.953973650932312,
112,0,41.10668564,0,0,0,14.76823425,0,3.160762787,0,1.947670937,0,12.87393093,12.7340564727783,1.12276291847229,5.79207611083984,1.11583805084229,4.03964948654175,48.4201316833496,117.061531066895,0,0,4.17644357681274,0.954636752605438,
113,0,41.15337372,0,0,0,14.77540398,0,3.162451744,0,1.947888494,0,12.88228893,12.7411985397339,1.12290358543396,5.79718351364136,1.11700797080994,4.06177568435669,48.4868469238281,117.095275878906,0,0,4.19168376922607,0.955272793769836,
114,0,41.20005798,0,0,0,14.78255939,0,3.164140224,0,1.948105574,0,12.89064026,12.7480630874634,1.1230388879776,5.8020920753479,1.11813282966614,4.08378553390503,48.5531349182129,117.129348754883,0,0,4.20646953582764,0.955883860588074,
115,0,41.24413681,0,0,0,14.78931236,0,3.165734053,0,1.948310494,0,12.89852238,12.7546758651733,1.12316930294037,5.80681228637695,1.11921525001526,4.10566759109497,48.6189765930176,117.163734436035,0,0,4.22081470489502,0.956471621990204,
116,0,41.28562546,0,0,0,14.79567146,0,3.167234182,0,1.948503256,0,12.90594006,12.7610187530518,1.12329411506653,5.81134605407715,1.12025535106659,4.12741184234619,48.6843681335449,117.198432922363,0,0,4.2347264289856,0.957035660743713,
117,0,41.32710648,0,0,0,14.80202198,0,3.168732643,0,1.948695779,0,12.91335201,12.7671165466309,1.12341403961182,5.81570339202881,1.12125539779663,4.14900875091553,48.7492904663086,117.233436584473,0,0,4.24821758270264,0.957577645778656,
118,0,41.36598587,0,0,0,14.80796623,0,3.170138359,0,1.948876143,0,12.92029762,12.7729845046997,1.1235294342041,5.81989288330078,1.12221729755402,4.17044830322266,48.8137321472168,117.268745422363,0,0,4.26130056381226,0.958098649978638,
119,0,41.40227127,0,0,0,14.81351471,0,3.171448946,0,1.949044466,0,12.92677689,12.7786016464233,1.12363958358765,5.82391405105591,1.12314081192017,4.19172239303589,48.8776893615723,117.304359436035,0,0,4.27398109436035,0.958598017692566,
120,0,41.43855286,0,0,0,14.81904984,0,3.172758341,0,1.949212313,0,12.93325138,12.7839870452881,1.12374496459961,5.82777500152588,1.12402772903442,4.21282291412354,48.9411506652832,117.340263366699,0,0,4.28627061843872,0.959076941013336,
121,0,41.47482681,0,0,0,14.82459545,0,3.174068689,0,1.949380279,0,12.93972492,12.789192199707,1.12384736537933,5.8314905166626,1.12488186359406,4.23374271392822,49.0041122436523,117.376457214355,0,0,4.29818725585938,0.959538519382477,
122,0,41.50851059,0,0,0,14.82973289,0,3.175285101,0,1.949535847,0,12.94573212,12.7942199707031,1.12394642829895,5.83506631851196,1.12570440769196,4.25447416305542,49.0665626525879,117.412925720215,0,0,4.30974149703979,0.959983348846436,
123,0,41.53959656,0,0,0,14.83448029,0,3.176407099,0,1.949679613,0,12.95127678,12.7990379333496,1.12404096126556,5.83850049972534,1.12649440765381,4.27501201629639,49.1284980773926,117.449676513672,0,0,4.32093572616577,0.960410058498383,
124,0,41.57068253,0,0,0,14.83922005,0,3.177529573,0,1.949823022,0,12.95681763,12.8036556243896,1.12413132190704,5.84179830551147,1.1272531747818,4.29534912109375,49.1899070739746,117.486701965332,0,0,4.33178043365479,0.960819363594055,
125,0,41.5991745,0,0,0,14.84356213,0,3.178557634,0,1.949954629,0,12.96189499,12.8080816268921,1.12421774864197,5.84496450424194,1.12798190116882,4.31548070907593,49.250789642334,117.523994445801,0,0,4.34228467941284,0.961212038993835,
126,0,41.62766647,0,0,0,14.84790134,0,3.179586172,0,1.950085878,0,12.96697235,12.8123216629028,1.12430024147034,5.84800386428833,1.12868142127991,4.33540153503418,49.3111343383789,117.561546325684,0,0,4.35245752334595,0.961588442325592,
127,0,41.65615463,0,0,0,14.85223866,0,3.180613279,0,1.950217366,0,12.9720459,12.8164167404175,1.1243804693222,5.85092782974243,1.12935471534729,4.35510683059692,49.3709411621094,117.59935760498,0,0,4.36231374740601,0.961951017379761,
128,0,41.68205261,0,0,0,14.85617638,0,3.181546926,0,1.950336695,0,12.97665691,12.8203620910645,1.12445783615112,5.8537392616272,1.13000249862671,4.37459278106689,49.4302062988281,117.637420654297,0,0,4.37186098098755,0.962299823760986,
129,0,41.70794678,0,0,0,14.86011505,0,3.182480335,0,1.950455785,0,12.98126698,12.8241539001465,1.12453210353851,5.85644102096558,1.13062524795532,4.39385557174683,49.4889259338379,117.675735473633,0,0,4.38110733032227,0.962635040283203,
130,0,41.73125076,0,0,0,14.86365891,0,3.183320761,0,1.950563073,0,12.98541451,12.8277912139893,1.12460315227509,5.85903644561768,1.13122344017029,4.41289138793945,49.5470962524414,117.714294433594,0,0,4.39005994796753,0.962956666946411,
131,0,41.75455093,0,0,0,14.86720276,0,3.184160948,0,1.950670242,0,12.98956108,12.8312730789185,1.12467086315155,5.86152696609497,1.13179743289948,4.43169736862183,49.6047172546387,117.753089904785,0,0,4.3987250328064,0.963265001773834,
132,0,41.7778511,0,0,0,14.87074089,0,3.185000896,0,1.950777411,0,12.9937067,12.8346328735352,1.12473654747009,5.86392259597778,1.13234984874725,4.45027017593384,49.6617813110352,117.792114257813,0,0,4.40711545944214,0.96356189250946,
133,0,41.79855728,0,0,0,14.87388611,0,3.185747862,0,1.95087254,0,12.99738979,12.8378601074219,1.12479960918427,5.86622381210327,1.13288080692291,4.46860837936401,49.7182884216309,117.831367492676,0,0,4.41523742675781,0.963846981525421,
134,0,41.81926727,0,0,0,14.87703323,0,3.186493635,0,1.950967669,0,13.00107193,12.8409490585327,1.1248596906662,5.86843252182007,1.13339042663574,4.48670959472656,49.7742347717285,117.87084197998,0,0,4.42309617996216,0.964120328426361,
135,0,41.83997345,0,0,0,14.88017559,0,3.187240362,0,1.951062799,0,13.00475311,12.8439302444458,1.1249178647995,5.87055683135986,1.13388073444366,4.50457191467285,49.8296241760254,117.910537719727,0,0,4.43070411682129,0.964383542537689,
136,0,41.86068344,0,0,0,14.88332272,0,3.187986851,0,1.951157928,0,13.0084362,12.8468284606934,1.1249748468399,5.8726053237915,1.1343537569046,4.52219390869141,49.8844528198242,117.950454711914,0,0,4.43807220458984,0.964638233184814,
137,0,41.87879562,0,0,0,14.88606739,0,3.188639164,0,1.951241016,0,13.0116539,12.8496246337891,1.12502992153168,5.87457656860352,1.13480937480927,4.53957414627075,49.9387245178223,117.990570068359,0,0,4.44520568847656,0.964883625507355,
138,0,41.89691162,0,0,0,14.88881302,0,3.189291477,0,1.951323986,0,13.0148716,12.8523054122925,1.12508237361908,5.8764705657959,1.1352471113205,4.55671215057373,49.9924392700195,118.030899047852,0,0,4.45210742950439,0.965119123458862,
139,0,41.91243744,0,0,0,14.89116573,0,3.189851284,0,1.951395154,0,13.01763153,12.8548603057861,1.12513196468353,5.87828683853149,1.13566672801971,4.57360744476318,50.0455932617188,118.071426391602,0,0,4.45878219604492,0.965344429016113,
140,0,41.92796326,0,0,0,14.89352703,0,3.190410137,0,1.951466322,0,13.02039051,12.8572816848755,1.12517857551575,5.8800253868103,1.13606810569763,4.59025907516479,50.0981864929199,118.112152099609,0,0,4.46523380279541,0.965559184551239,
141,0,41.94607925,0,0,0,14.89626789,0,3.191062927,0,1.951549411,0,13.02360725,12.8596343994141,1.12522435188293,5.88170051574707,1.13645505905151,4.60666656494141,50.150218963623,118.153076171875,0,0,4.47147798538208,0.965766727924347,
142,0,41.95901108,0,0,0,14.89822388,0,3.191527128,0,1.951608658,0,13.0259037,12.8618974685669,1.12526845932007,5.88331031799316,1.13682723045349,4.62282991409302,50.2016944885254,118.194183349609,0,0,4.4775185585022,0.96596622467041,
143,0,41.9745369,0,0,0,14.90058136,0,3.192087173,0,1.951679707,0,13.02866173,12.8640546798706,1.12531018257141,5.88485383987427,1.13718390464783,4.63874959945679,50.2526092529297,118.235466003418,0,0,4.48335838317871,0.966157138347626,
144,0,41.98747253,0,0,0,14.90253925,0,3.192552805,0,1.951738954,0,13.03095722,12.8661308288574,1.12535047531128,5.88633728027344,1.13752663135529,4.65442562103271,50.3029747009277,118.276931762695,0,0,4.48900604248047,0.966340482234955,
145,0,42.00299835,0,0,0,14.90489388,0,3.193112135,0,1.951810122,0,13.03371429,12.8681421279907,1.12538981437683,5.88776540756226,1.13785684108734,4.66985893249512,50.352783203125,118.318565368652,0,0,4.49446964263916,0.966517567634583,
146,0,42.01593018,0,0,0,14.90684605,0,3.193577051,0,1.951869249,0,13.03600883,12.8701038360596,1.12542843818665,5.88914394378662,1.13817584514618,4.68505001068115,50.402042388916,118.360366821289,0,0,4.49975776672363,0.966689169406891,
147,0,42.02627945,0,0,0,14.90841293,0,3.193949699,0,1.951916575,0,13.03784561,12.8719549179077,1.1254643201828,5.89046192169189,1.13848078250885,4.69999980926514,50.4507522583008,118.40234375,0,0,4.5048656463623,0.966852486133575,
148,0,42.03921509,0,0,0,14.91037273,0,3.194415092,0,1.951975822,0,13.04014111,12.8737192153931,1.12549841403961,5.89172601699829,1.13877296447754,4.71470880508423,50.4989128112793,118.444480895996,0,0,4.50980186462402,0.967008531093597,
149,0,42.04956055,0,0,0,14.91193581,0,3.194788456,0,1.952023029,0,13.04197693,12.8754167556763,1.12553119659424,5.89294052124023,1.13905370235443,4.72917890548706,50.5465202331543,118.486770629883,0,0,4.514573097229,0.967158496379852,
150,0,42.06249237,0,0,0,14.91389179,0,3.195253611,0,1.952082276,0,13.04427052,12.8770627975464,1.1255631446838399,5.89410924911499,1.13932430744171,4.74341106414795,50.5935859680176,118.52921295166,0,0,4.51918745040894,0.967303276062012,
151,0,42.07283783,0,0,0,14.91545963,0,3.195625305,0,1.952129483,0,13.04610634,12.8786668777466,1.12559473514557,5.8952374458313,1.13958561420441,4.75740671157837,50.6401100158691,118.571800231934,0,0,4.52365207672119,0.967443645000458,
152,0,42.0831871,0,0,0,14.91702557,0,3.195998907,0,1.952176809,0,13.04794216,12.8802042007446,1.12562477588654,5.89632129669189,1.1398366689682,4.77116680145264,50.6861000061035,118.614540100098,0,0,4.52796745300293,0.967578291893005,
153,0,42.0909462,0,0,0,14.918191909999999,0,3.196276903,0,1.952212214,0,13.04931736,12.8816518783569,1.125652551651,5.89735698699951,1.1400762796402,4.78469371795654,50.7315559387207,118.657417297363,0,0,4.53213357925415,0.967706263065338,
154,0,42.10128784,0,0,0,14.9197588,0,3.19664979,0,1.952259302,0,13.05115318,12.8830299377441,1.12567901611328,5.89834976196289,1.14030575752258,4.79798889160156,50.7764739990234,118.70043182373,0,0,4.53615713119507,0.967828512191772,
155,0,42.10904694,0,0,0,14.92093754,0,3.196929932,0,1.952294946,0,13.05252838,12.8843555450439,1.12570452690125,5.89930248260498,1.14052617549896,4.81105422973633,50.8208618164063,118.743576049805,0,0,4.5400447845459,0.967945873737335,
156,0,42.1193924,0,0,0,14.92249584,0,3.197300911,0,1.952342033,0,13.0543623,12.8856382369995,1.12572944164276,5.90021991729736,1.14073836803436,4.82389163970947,50.8647270202637,118.786849975586,0,0,4.54380226135254,0.968059122562408,
157,0,42.12715149,0,0,0,14.92366695,0,3.197580576,0,1.952377558,0,13.05573845,12.8868894577026,1.12575399875641,5.90110445022583,1.14094316959381,4.83650255203247,50.9080657958984,118.830253601074,0,0,4.54743576049805,0.968168675899506,
158,0,42.13491058,0,0,0,14.92483997,0,3.197859049,0,1.952412844,0,13.0571146,12.8880786895752,1.12577700614929,5.90195226669312,1.14113938808441,4.84888982772827,50.9508895874023,118.87377166748,0,0,4.55094432830811,0.968273401260376,
159,0,42.14266968,0,0,0,14.92600822,0,3.198138475,0,1.952448368,0,13.05848885,12.8892192840576,1.12579905986786,5.90276575088501,1.14132785797119,4.86105585098267,50.9931945800781,118.917411804199,0,0,4.5543327331543,0.968373954296112,
160,0,42.15042496,0,0,0,14.92718506,0,3.198416948,0,1.952483654,0,13.05986404,12.8903226852417,1.12582051753998,5.90354919433594,1.14150929450989,4.87300205230713,51.0349884033203,118.961166381836,0,0,4.55760765075684,0.968470871448517,
161,0,42.15818405,0,0,0,14.92835712,0,3.198696375,0,1.952519178,0,13.06123924,12.891396522522,1.12584161758423,5.90430498123169,1.14168441295624,4.88473081588745,51.0762786865234,119.005027770996,0,0,4.56077337265015,0.968564748764038,
162,0,42.16335297,0,0,0,14.92913723,0,3.19888258,0,1.952542782,0,13.06215668,12.8924131393433,1.125861287117,5.90502834320068,1.14185190200806,4.89624452590942,51.1170616149902,119.04899597168,0,0,4.56382942199707,0.968654215335846,
163,0,42.17111206,0,0,0,14.9303093,0,3.199162006,0,1.952578068,0,13.06352997,12.8933839797974,1.12588000297546,5.90572166442871,1.14201247692108,4.907546043396,51.1573448181152,119.093070983887,0,0,4.56677961349487,0.968739807605743,
164,0,42.17628479,0,0,0,14.93109322,0,3.19934845,0,1.95260179,0,13.06444836,12.8943195343018,1.12589812278748,5.90638875961304,1.14216697216034,4.9186372756958,51.1971321105957,119.137237548828,0,0,4.56962919235229,0.968822181224823,
165,0,42.18404007,0,0,0,14.93225861,0,3.199626207,0,1.952637196,0,13.06582069,12.895227432251,1.12591588497162,5.90703105926514,1.14231586456299,4.92952108383179,51.2364273071289,119.181503295898,0,0,4.57238245010376,0.968901813030243,
166,0,42.1892128,0,0,0,14.93304348,0,3.199812651,0,1.95266068,0,13.06673908,12.8961143493652,1.12593328952789,5.9076509475708,1.14245975017548,4.94019985198975,51.2752304077148,119.225868225098,0,0,4.57504415512085,0.968979060649872,
167,0,42.19438171,0,0,0,14.9338274,0,3.199998856,0,1.952684283,0,13.06765461,12.8969478607178,1.12594938278198,5.90824365615845,1.14259707927704,4.95067596435547,51.3135528564453,119.270317077637,0,0,4.57761144638062,0.96905243396759,
168,0,42.19955444,0,0,0,14.93460751,0,3.200185299,0,1.952707767,0,13.06857109,12.8977403640747,1.12596452236176,5.90881156921387,1.14272856712341,4.9609522819519,51.3513946533203,119.314849853516,0,0,4.58008909225464,0.969122588634491,
169,0,42.20472717,0,0,0,14.9353838,0,3.200371027,0,1.95273149,0,13.06948757,12.8985013961792,1.12597918510437,5.90935659408569,1.14285480976105,4.97103118896484,51.3887634277344,119.359466552734,0,0,4.58248090744019,0.969189882278442,
170,0,42.20989227,0,0,0,14.93616867,0,3.200556993,0,1.952755094,0,13.0704031,12.8992376327515,1.12599349021912,5.90988111495972,1.14297640323639,4.98091506958008,51.4256553649902,119.404167175293,0,0,4.58479070663452,0.969254672527313,
171,0,42.21506882,0,0,0,14.93694592,0,3.200742245,0,1.952778697,0,13.07131863,12.8999538421631,1.12600755691528,5.91038703918457,1.14309358596802,4.99060678482056,51.4620819091797,119.448944091797,0,0,4.58702230453491,0.969317436218262,
172,0,42.22024155,0,0,0,14.93772602,0,3.200928211,0,1.952802181,0,13.07223511,12.9006547927856,1.12602138519287,5.91087579727173,1.14320707321167,5.00010919570923,51.498046875,119.493789672852,0,0,4.58917903900146,0.969378411769867,
173,0,42.22282028,0,0,0,14.93811512,0,3.201021194,0,1.952813983,0,13.07269192,12.9013080596924,1.12603390216827,5.91134214401245,1.143315076828,5.00942516326904,51.5335464477539,119.538703918457,0,0,4.59125804901123,0.969436049461365,
174,0,42.22799301,0,0,0,14.93889523,0,3.201207161,0,1.952837586,0,13.07360935,12.9019241333008,1.12604558467865,5.91178750991821,1.14341807365417,5.01855659484863,51.5685958862305,119.583679199219,0,0,4.59326267242432,0.969490826129913,
175,0,42.23316574,0,0,0,14.93967628,0,3.201393366,0,1.952861071,0,13.07452583,12.902548789978,1.12605798244476,5.91222143173218,1.14351880550385,5.02750682830811,51.6031951904297,119.628723144531,0,0,4.59520292282104,0.969544887542725,
176,0,42.23574829,0,0,0,14.94006443,0,3.201486349,0,1.952872634,0,13.07498264,12.9031429290771,1.12606954574585,5.91263723373413,1.14361536502838,5.03627777099609,51.6373481750488,119.673820495605,0,0,4.59707450866699,0.969596683979034,
177,0,42.23833466,0,0,0,14.94045258,0,3.201579332,0,1.952884555,0,13.07544041,12.9036769866943,1.12607944011688,5.91302967071533,1.14370608329773,5.04487276077271,51.6710586547852,119.71898651123,0,0,4.59887504577637,0.969644606113434,
178,0,42.24350739,0,0,0,14.94123363,0,3.201765299,0,1.952908039,0,13.07635689,12.9041996002197,1.1260894536972,5.91340827941895,1.14379370212555,5.05329418182373,51.7043304443359,119.764198303223,0,0,4.60061407089233,0.969690978527069,
179,0,42.24608994,0,0,0,14.94162464,0,3.201858282,0,1.95291996,0,13.0768137,12.9047136306763,1.12609958648682,5.91377401351929,1.14387845993042,5.06154489517212,51.7371711730957,119.809463500977,0,0,4.60229396820068,0.969736099243164,
180,0,42.25125885,0,0,0,14.94240665,0,3.202043295,0,1.952943325,0,13.07772827,12.9052219390869,1.12610960006714,5.91412830352783,1.14396071434021,5.06962728500366,51.7695846557617,119.854782104492,0,0,4.60391712188721,0.969780325889587,
181,0,42.25384521,0,0,0,14.94280148,0,3.202137947,0,1.952955246,0,13.07818794,12.905725479126,1.12611973285675,5.91447257995605,1.14404082298279,5.07754421234131,51.801570892334,119.900146484375,0,0,4.60548686981201,0.969823658466339,
182,0,42.25643158,0,0,0,14.94318771,0,3.202229261,0,1.952966928,0,13.07864571,12.9061889648438,1.12612867355347,5.91479969024658,1.14411675930023,5.08529853820801,51.8331413269043,119.94554901123,0,0,4.60699892044067,0.969864368438721,
183,0,42.25901794,0,0,0,14.94357586,0,3.202322245,0,1.95297873,0,13.07910347,12.9066228866577,1.12613689899445,5.91511201858521,1.1441890001297,5.09289264678955,51.8642921447754,119.990997314453,0,0,4.60845565795898,0.969902813434601,
184,0,42.26160431,0,0,0,14.94396782,0,3.202415228,0,1.952990532,0,13.07956219,12.9070310592651,1.12614452838898,5.91541004180908,1.14425802230835,5.10032892227173,51.8950347900391,120.036483764648,0,0,4.60985946655273,0.969939231872559,
185,0,42.26418686,0,0,0,14.94435596,0,3.20250845,0,1.953002334,0,13.080019,12.9074211120605,1.12615191936493,5.91569566726685,1.14432394504547,5.10761022567749,51.925365447998,120.082000732422,0,0,4.61121368408203,0.969974100589752,
186,0,42.26676941,0,0,0,14.94474888,0,3.202601433,0,1.953014016,0,13.08047581,12.9077959060669,1.12615895271301,5.91596937179565,1.14438736438751,5.11473941802979,51.9552955627441,120.127548217773,0,0,4.61251974105835,0.970007538795471,
187,0,42.26935959,0,0,0,14.94513321,0,3.202694178,0,1.953025818,0,13.08093452,12.9081602096558,1.1261659860611,5.91623258590698,1.14444828033447,5.1217188835144,51.9848251342773,120.173133850098,0,0,4.61377954483032,0.970039784908295,
188,0,42.27194214,0,0,0,14.94552231,0,3.202786922,0,1.95303762,0,13.08139133,12.9085149765015,1.12617290019989,5.91648626327515,1.14450716972351,5.12855100631714,52.0139617919922,120.218742370605,0,0,4.61499547958374,0.970071017742157,
189,0,42.2745285,0,0,0,14.94591427,0,3.202880144,0,1.953049421,0,13.0818491,12.9088640213013,1.12617981433868,5.91673135757446,1.14456403255463,5.13523817062378,52.0427093505859,120.264373779297,0,0,4.61616945266724,0.970101416110992,
190,0,42.27711105,0,0,0,14.94630241,0,3.202973127,0,1.953061104,0,13.08230591,12.9092073440552,1.12618672847748,5.91696882247925,1.1446191072464,5.14178371429443,52.0710716247559,120.310028076172,0,0,4.61730337142944,0.970131039619446,
191,0,42.27969742,0,0,0,14.94669437,0,3.203066349,0,1.953073025,0,13.08276558,12.9095458984375,1.12619352340698,5.91719913482666,1.1446727514267,5.14818954467773,52.0990600585938,120.35570526123,0,0,4.61839914321899,0.970160007476807,
192,0,42.28227997,0,0,0,14.94708347,0,3.203158855,0,1.953084588,0,13.08322144,12.9098815917969,1.12620031833649,5.91742277145386,1.14472496509552,5.15445852279663,52.1266708374023,120.401405334473,0,0,4.61945819854736,0.97018849849700906,
193,0,42.28227997,0,0,0,14.94708347,0,3.203158855,0,1.953084588,0,13.08322144,12.9101781845093,1.1262059211731,5.91763305664063,1.14477384090424,5.16059303283691,52.1539077758789,120.447113037109,0,0,4.62047624588013,0.970214605331421,
194,0,42.28487015,0,0,0,14.94746876,0,3.203251839,0,1.953096509,0,13.0836792,12.9104452133179,1.12621068954468,5.9178318977356,1.14481973648071,5.16659498214722,52.1807746887207,120.492828369141,0,0,4.62145471572876,0.970238745212555,
195,0,42.28744888,0,0,0,14.94786072,0,3.203344822,0,1.953108072,0,13.08413696,12.9107246398926,1.126216173172,5.9180269241333,1.14486515522003,5.17246723175049,52.207275390625,120.538558959961,0,0,4.62240171432495,0.970263063907623,
196,0,42.28744888,0,0,0,14.94786072,0,3.203344822,0,1.953108072,0,13.08413696,12.9109792709351,1.12622094154358,5.91821146011353,1.14490795135498,5.17821168899536,52.2334175109863,120.584297180176,0,0,4.62331295013428,0.970285654067993,
197,0,42.29003525,0,0,0,14.94824886,0,3.203437567,0,1.953119993,0,13.08459377,12.9112119674683,1.126225233078,5.91838645935059,1.14494836330414,5.18383121490479,52.259204864502,120.630043029785,0,0,4.62418985366821,0.970306813716888,
198,0,42.29262161,0,0,0,14.94864082,0,3.203531027,0,1.953131795,0,13.08505249,12.9114646911621,1.12623035907745,5.91856002807617,1.1449887752533,5.18932771682739,52.2846450805664,120.675796508789,0,0,4.62504005432129,0.970328509807587,
199,0,42.29262161,0,0,0,14.94864082,0,3.203531027,0,1.953131795,0,13.08505249,12.9116973876953,1.12623488903046,5.91872501373291,1.14502704143524,5.19470357894897,52.3097343444824,120.721549987793,0,0,4.62585830688477,0.970349013805389,
200,0,42.29520416,0,0,0,14.94902992,0,3.203623533,0,1.953143597,0,13.08551025,12.9119148254395,1.12623906135559,5.91888189315796,1.14506351947784,5.19996166229248,52.3344841003418,120.767303466797,0,0,4.62664651870728,0.970368325710297,
201,0,42.29520416,0,0,0,14.94902992,0,3.203623533,0,1.953143597,0,13.08551025,12.9121198654175,1.12624299526215,5.91903209686279,1.1450982093811,5.20510387420654,52.3588905334473,120.813049316406,0,0,4.62740516662598,0.970386683940887,
202,0,42.29779434,0,0,0,14.94942093,0,3.203716993,0,1.953155398,0,13.08596802,12.9123153686523,1.12624669075012,5.91917562484741,1.14513146877289,5.21013212203979,52.3829612731934,120.858787536621,0,0,4.6281361579895,0.970404207706451,
203,0,42.29779434,0,0,0,14.94942093,0,3.203716993,0,1.953155398,0,13.08596802,12.912504196167,1.1262503862381,5.91931343078613,1.14516341686249,5.21504878997803,52.4067039489746,120.904518127441,0,0,4.62884044647217,0.970421016216278,
204,0,42.30037308,0,0,0,14.94981098,0,3.203809738,0,1.953167081,0,13.08642483,12.9126873016357,1.1262538433075,5.91944599151611,1.1451940536499,5.21985578536987,52.430118560791,120.950256347656,0,0,4.62951993942261,0.970437228679657,
205,0,42.30037308,0,0,0,14.94981098,0,3.203809738,0,1.953167081,0,13.08642483,12.9128646850586,1.12625730037689,5.91957378387451,1.14522361755371,5.22455596923828,52.4532089233398,120.995979309082,0,0,4.63017511367798,0.970452845096588,
206,0,42.30295944,0,0,0,14.95019913,0,3.20390296,0,1.953178763,0,13.08688259,12.9130392074585,1.12626075744629,5.91969728469849,1.1452522277832,5.22915077209473,52.4759826660156,121.041687011719,0,0,4.6308069229126,0.970468103885651,
207,0,42.30295944,0,0,0,14.95019913,0,3.20390296,0,1.953178763,0,13.08688259,12.9132108688354,1.1262640953064,5.91981649398804,1.14527988433838,5.23364210128784,52.4984436035156,121.087379455566,0,0,4.6314172744751,0.970483005046844,
208,0,42.30554581,0,0,0,14.95059109,0,3.203995705,0,1.953190446,0,13.08734035,12.9133806228638,1.1262674331665,5.91993236541748,1.14530670642853,5.23803281784058,52.5205917358398,121.133056640625,0,0,4.63200616836548,0.970497608184814,
209,0,42.30554581,0,0,0,14.95059109,0,3.203995705,0,1.953190446,0,13.08734035,12.9135484695435,1.1262708902359,5.92004489898682,1.14533293247223,5.2423243522644,52.5424308776855,121.1787109375,0,0,4.63257503509521,0.970511853694916,
210,0,42.30812836,0,0,0,14.95098019,0,3.204088449,0,1.953202367,0,13.08779812,12.9137144088745,1.1262743473053,5.92015409469604,1.14535856246948,5.24651908874512,52.5639686584473,121.224349975586,0,0,4.63312482833862,0.970525860786438,
211,0,42.30812836,0,0,0,14.95098019,0,3.204088449,0,1.953202367,0,13.08779812,12.9138793945313,1.12627780437469,5.92026090621948,1.14538359642029,5.25061893463135,52.585205078125,121.269958496094,0,0,4.63365650177002,0.970539689064026,
212,0,42.30812836,0,0,0,14.95098019,0,3.204088449,0,1.953202367,0,13.08779812,12.9140090942383,1.12627995014191,5.92035818099976,1.14540600776672,5.25462532043457,52.6061477661133,121.315551757813,0,0,4.63416433334351,0.970551550388336,
213,0,42.31071091,0,0,0,14.95136929,0,3.204181433,0,1.953214049,0,13.08825493,12.9141454696655,1.12628245353699,5.92045402526855,1.14542818069458,5.25854110717773,52.6267967224121,121.361122131348,0,0,4.6346549987793,0.970563411712646,
214,0,42.31071091,0,0,0,14.95136929,0,3.204181433,0,1.953214049,0,13.08825493,12.9142866134644,1.12628531455994,5.92054796218872,1.14545011520386,5.262366771698,52.647159576416,121.406661987305,0,0,4.63513088226318,0.970575392246246,
215,0,42.31071091,0,0,0,14.95136929,0,3.204181433,0,1.953214049,0,13.08825493,12.9143962860107,1.12628722190857,5.9206337928772,1.14546978473663,5.26610517501831,52.6672401428223,121.452171325684,0,0,4.63558530807495,0.970585703849792,
216,0,42.31329727,0,0,0,14.95176125,0,3.2042746540000002,0,1.953225851,0,13.08871174,12.9145183563232,1.12628960609436,5.92071866989136,1.1454895734787,5.2697582244873,52.6870307922363,121.497657775879,0,0,4.63602542877197,0.970596313476563,
217,0,42.31329727,0,0,0,14.95176125,0,3.2042746540000002,0,1.953225851,0,13.08871174,12.9146490097046,1.12629234790802,5.92080354690552,1.14550936222076,5.2733268737793,52.7065467834473,121.543106079102,0,0,4.63645219802856,0.970607280731201,
218,0,42.31329727,0,0,0,14.95176125,0,3.2042746540000002,0,1.953225851,0,13.08871174,12.9147510528564,1.12629413604736,5.92088031768799,1.14552712440491,5.27681398391724,52.7257919311523,121.588523864746,0,0,4.63685989379883,0.970616579055786,
219,0,42.31329727,0,0,0,14.95176125,0,3.2042746540000002,0,1.953225851,0,13.08871174,12.9148302078247,1.12629532814026,5.92095041275024,1.14554309844971,5.28022003173828,52.7447662353516,121.633911132813,0,0,4.63724946975708,0.970624625682831,
220,0,42.31588364,0,0,0,14.95214558,0,3.204367161,0,1.953237534,0,13.0891695,12.9149284362793,1.12629723548889,5.92102098464966,1.14555943012238,5.28354787826538,52.7634696960449,121.679252624512,0,0,4.63762760162354,0.970633208751678,
221,0,42.31588364,0,0,0,14.95214558,0,3.204367161,0,1.953237534,0,13.0891695,12.9150409698486,1.12629961967468,5.92109251022339,1.14557611942291,5.28679847717285,52.781909942627,121.724555969238,0,0,4.63799476623535,0.970642387866974,
222,0,42.31588364,0,0,0,14.95214558,0,3.204367161,0,1.953237534,0,13.0891695,12.9151268005371,1.12630116939545,5.9211573600769,1.1455911397934,5.28997373580933,52.8000869750977,121.769821166992,0,0,4.63834524154663,0.970650196075439,
223,0,42.31588364,0,0,0,14.95214558,0,3.204367161,0,1.953237534,0,13.0891695,12.9151954650879,1.12630224227905,5.92121601104736,1.14560461044312,5.29307460784912,52.8180084228516,121.815048217773,0,0,4.63868045806885,0.970656871795654,
224,0,42.31846619,0,0,0,14.95254135,0,3.204460382,0,1.953249454,0,13.08962822,12.9152851104736,1.12630414962769,5.92127704620361,1.14561879634857,5.29610347747803,52.8356742858887,121.860229492188,0,0,4.63900709152222,0.970664441585541,
225,0,42.31846619,0,0,0,14.95254135,0,3.204460382,0,1.953249454,0,13.08962822,12.9153900146484,1.12630653381348,5.92133951187134,1.14563357830048,5.29906129837036,52.8530921936035,121.905364990234,0,0,4.63932514190674,0.970672786235809,
226,0,42.31846619,0,0,0,14.95254135,0,3.204460382,0,1.953249454,0,13.08962822,12.9154720306396,1.12630808353424,5.92139673233032,1.14564692974091,5.30194997787476,52.8702621459961,121.950462341309,0,0,4.63962888717651,0.970679938793182,
227,0,42.31846619,0,0,0,14.95254135,0,3.204460382,0,1.953249454,0,13.08962822,12.9155359268188,1.12630915641785,5.92144823074341,1.14565885066986,5.30477094650269,52.8871917724609,121.995506286621,0,0,4.63991928100586,0.970686018466949,
228,0,42.31846619,0,0,0,14.95254135,0,3.204460382,0,1.953249454,0,13.08962822,12.915584564209,1.12630975246429,5.92149496078491,1.14566957950592,5.30752563476563,52.9038772583008,122.040504455566,0,0,4.64019632339478,0.970691204071045,
229,0,42.32105637,0,0,0,14.95292282,0,3.204553127,0,1.953261137,0,13.09008408,12.9156589508057,1.12631142139435,5.92154455184937,1.1456812620163,5.31021499633789,52.9203262329102,122.085456848145,0,0,4.64046764373779,0.970697462558746,
230,0,42.32105637,0,0,0,14.95292282,0,3.204553127,0,1.953261137,0,13.09008408,12.9157524108887,1.12631368637085,5.92159700393677,1.1456937789917,5.31284141540527,52.9365386962891,122.130363464355,0,0,4.64073276519775,0.970704555511475,
231,0,42.32105637,0,0,0,14.95292282,0,3.204553127,0,1.953261137,0,13.09008408,12.9158248901367,1.12631511688232,5.92164468765259,1.14570498466492,5.31540584564209,52.9525184631348,122.175216674805,0,0,4.64098596572876,0.970710694789886,
232,0,42.32105637,0,0,0,14.95292282,0,3.204553127,0,1.953261137,0,13.09008408,12.9158821105957,1.12631607055664,5.92168807983398,1.14571499824524,5.31790924072266,52.9682731628418,122.220016479492,0,0,4.64122819900513,0.970715880393982,
233,0,42.32105637,0,0,0,14.95292282,0,3.204553127,0,1.953261137,0,13.09008408,12.9159259796143,1.12631666660309,5.92172765731812,1.14572405815125,5.32035398483276,52.9838027954102,122.264770507813,0,0,4.6414589881897,0.970720410346985,
234,0,42.32105637,0,0,0,14.95292282,0,3.204553127,0,1.953261137,0,13.09008408,12.9159603118896,1.12631702423096,5.92176342010498,1.14573216438293,5.32274007797241,52.9991035461426,122.309463500977,0,0,4.64167976379395,0.97072422504425,
235,0,42.32363892,0,0,0,14.95331097,0,3.204645634,0,1.95327282,0,13.09054184,12.9160232543945,1.12631857395172,5.92180299758911,1.14574146270752,5.32506942749023,53.0141906738281,122.354103088379,0,0,4.64189720153809,0.970729351043701,
236,0,42.32363892,0,0,0,14.95331097,0,3.204645634,0,1.95327282,0,13.09054184,12.9161071777344,1.12632071971893,5.92184638977051,1.14575183391571,5.32734298706055,53.0290641784668,122.398681640625,0,0,4.64211130142212,0.970735549926758,
237,0,42.32363892,0,0,0,14.95331097,0,3.204645634,0,1.95327282,0,13.09054184,12.9161729812622,1.12632203102112,5.9218864440918,1.1457611322403,5.32956266403198,53.0437202453613,122.443199157715,0,0,4.64231586456299,0.970740854740143,
238,0,42.32363892,0,0,0,14.95331097,0,3.204645634,0,1.95327282,0,13.09054184,12.9162244796753,1.12632286548615,5.92192268371582,1.14576947689056,5.33172988891602,53.0581665039063,122.487663269043,0,0,4.64251041412354,0.970745384693146,
239,0,42.32363892,0,0,0,14.95331097,0,3.204645634,0,1.95327282,0,13.09054184,12.9162645339966,1.12632346153259,5.92195558547974,1.14577698707581,5.3338451385498,53.0724067687988,122.532066345215,0,0,4.64269685745239,0.970749258995056,
240,0,42.32363892,0,0,0,14.95331097,0,3.204645634,0,1.95327282,0,13.09054184,12.916296005249,1.12632381916046,5.9219856262207,1.14578366279602,5.33590936660767,53.0864410400391,122.57640838623,0,0,4.6428747177124,0.970752537250519,
241,0,42.32363892,0,0,0,14.95331097,0,3.204645634,0,1.95327282,0,13.09054184,12.9163198471069,1.12632405757904,5.92201232910156,1.14578974246979,5.33792400360107,53.1002731323242,122.620681762695,0,0,4.64304494857788,0.970755338668823,
242,0,42.32363892,0,0,0,14.95331097,0,3.204645634,0,1.95327282,0,13.09054184,12.9163389205933,1.12632417678833,5.92203664779663,1.14579510688782,5.3398904800415,53.1139068603516,122.664894104004,0,0,4.64320755004883,0.970757722854614,
243,0,42.32363892,0,0,0,14.95331097,0,3.204645634,0,1.95327282,0,13.09054184,12.9163541793823,1.12632429599762,5.92205858230591,1.14579999446869,5.34180879592896,53.1273422241211,122.709037780762,0,0,4.6433629989624,0.970759749412537,
244,0,42.32622147,0,0,0,14.95370007,0,3.204738617,0,1.953284621,0,13.0909996,12.9164018630981,1.1263256072998,5.92208576202393,1.14580643177032,5.34368085861206,53.1405830383301,122.753120422363,0,0,4.64351749420166,0.970763266086578,
245,0,42.32622147,0,0,0,14.95370007,0,3.204738617,0,1.953284621,0,13.0909996,12.9164743423462,1.12632763385773,5.92211771011353,1.14581429958344,5.34550762176514,53.1536331176758,122.797134399414,0,0,4.64367151260376,0.97076815366745,
246,0,42.32622147,0,0,0,14.95370007,0,3.204738617,0,1.953284621,0,13.0909996,12.9165306091309,1.1263289451599101,5.92214727401733,1.14582133293152,5.34729099273682,53.1664962768555,122.841079711914,0,0,4.64381837844849,0.970772325992584,
247,0,42.32622147,0,0,0,14.95370007,0,3.204738617,0,1.953284621,0,13.0909996,12.9165735244751,1.12632977962494,5.92217397689819,1.14582765102386,5.34903049468994,53.1791725158691,122.884956359863,0,0,4.64395904541016,0.970775961875916,
248,0,42.32622147,0,0,0,14.95370007,0,3.204738617,0,1.953284621,0,13.0909996,12.9166078567505,1.12633037567139,5.92219829559326,1.14583337306976,5.3507285118103,53.1916656494141,122.928764343262,0,0,4.64409303665161,0.970779001712799,
249,0,42.32622147,0,0,0,14.95370007,0,3.204738617,0,1.953284621,0,13.0909996,12.9166345596313,1.12633073329926,5.92222023010254,1.14583849906921,5.3523850440979,53.2039794921875,122.972503662109,0,0,4.64422130584717,0.970781624317169,
250,0,42.32622147,0,0,0,14.95370007,0,3.204738617,0,1.953284621,0,13.0909996,12.9166555404663,1.12633097171783,5.92224025726318,1.14584302902222,5.35400104522705,53.2161102294922,123.016166687012,0,0,4.64434385299683,0.970783829689026,
251,0,42.32622147,0,0,0,14.95370007,0,3.204738617,0,1.953284621,0,13.0909996,12.9166717529297,1.12633109092712,5.9222583770752,1.14584720134735,5.35557794570923,53.2280693054199,123.059761047363,0,0,4.64446067810059,0.970785796642303,
252,0,42.32622147,0,0,0,14.95370007,0,3.204738617,0,1.953284621,0,13.0909996,12.9166841506958,1.12633121013641,5.92227458953857,1.14585089683533,5.35711669921875,53.2398490905762,123.10327911377,0,0,4.64457273483276,0.970787465572357,
253,0,42.32622147,0,0,0,14.95370007,0,3.204738617,0,1.953284621,0,13.0909996,12.9166946411133,1.12633121013641,5.92228937149048,1.14585423469543,5.35861730575562,53.2514572143555,123.146728515625,0,0,4.6446795463562,0.970788836479187,
254,0,42.32622147,0,0,0,14.95370007,0,3.204738617,0,1.953284621,0,13.0909996,12.9167013168335,1.12633121013641,5.92230319976807,1.14585721492767,5.3600811958313,53.2628974914551,123.190101623535,0,0,4.64478158950806,0.970790088176727,
255,0,42.32622147,0,0,0,14.95370007,0,3.204738617,0,1.953284621,0,13.0909996,12.9167079925537,1.12633121013641,5.92231559753418,1.14585983753204,5.36150932312012,53.274169921875,123.2333984375,0,0,4.64487886428833,0.970791101455688,
256,0,42.32622147,0,0,0,14.95370007,0,3.204738617,0,1.953284621,0,13.0909996,12.9167137145996,1.12633121013641,5.92232656478882,1.14586222171783,5.36290264129639,53.2852783203125,123.27661895752,0,0,4.64497137069702,0.97079199552536,
257,0,42.32880783,0,0,0,14.95409203,0,3.204831839,0,1.953296423,0,13.09145641,12.9167537689209,1.1263325214386,5.92234420776367,1.14586639404297,5.36426115036011,53.2962226867676,123.319770812988,0,0,4.6450662612915,0.97079461812973,
258,0,42.32880783,0,0,0,14.95409203,0,3.204831839,0,1.953296423,0,13.09145641,12.916820526123,1.12633442878723,5.92236709594727,1.14587223529816,5.36558628082275,53.3070106506348,123.362838745117,0,0,4.64516353607178,0.970798671245575,
259,0,42.32880783,0,0,0,14.95409203,0,3.204831839,0,1.953296423,0,13.09145641,12.9168720245361,1.12633574008942,5.92238807678223,1.1458774805069,5.3668794631958,53.3176422119141,123.405830383301,0,0,4.64525604248047,0.970802187919617,
260,0,42.32880783,0,0,0,14.95409203,0,3.204831839,0,1.953296423,0,13.09145641,12.9169120788574,1.12633657455444,5.92240762710571,1.14588212966919,5.36814069747925,53.328125,123.448745727539,0,0,4.64534473419189,0.970805108547211,
261,0,42.32880783,0,0,0,14.95409203,0,3.204831839,0,1.953296423,0,13.09145641,12.9169435501099,1.1263370513916,5.92242527008057,1.14588630199432,5.36937093734741,53.338451385498,123.491577148438,0,0,4.6454291343689,0.970807611942291,
262,0,42.32880783,0,0,0,14.95409203,0,3.204831839,0,1.953296423,0,13.09145641,12.9169673919678,1.12633740901947,5.92244148254395,1.1458899974823,5.37057065963745,53.3486251831055,123.534332275391,0,0,4.64551019668579,0.970809757709503,
263,0,42.32880783,0,0,0,14.95409203,0,3.204831839,0,1.953296423,0,13.09145641,12.9169864654541,1.12633764743805,5.92245578765869,1.14589333534241,5.37174129486084,53.3586540222168,123.577003479004,0,0,4.64558744430542,0.970811545848846,
264,0,42.32880783,0,0,0,14.95409203,0,3.204831839,0,1.953296423,0,13.09145641,12.9170017242432,1.12633788585663,5.92246913909912,1.14589631557465,5.37288284301758,53.3685340881348,123.619598388672,0,0,4.64566135406494,0.970813155174255,
265,0,42.32880783,0,0,0,14.95409203,0,3.204831839,0,1.953296423,0,13.09145641,12.917013168335,1.12633800506592,5.92248106002808,1.14589905738831,5.37399625778198,53.3782691955566,123.662109375,0,0,4.64573192596436,0.970814526081085,
266,0,42.32880783,0,0,0,14.95409203,0,3.204831839,0,1.953296423,0,13.09145641,12.9170227050781,1.12633800506592,5.92249155044556,1.14590156078339,5.37508201599121,53.3878593444824,123.704536437988,0,0,4.64579916000366,0.970815658569336,
267,0,42.32880783,0,0,0,14.95409203,0,3.204831839,0,1.953296423,0,13.09145641,12.9170293807983,1.12633800506592,5.92250156402588,1.1459037065506,5.37614059448242,53.3973083496094,123.746879577637,0,0,4.64586353302002,0.970816671848297,
268,0,42.32880783,0,0,0,14.95409203,0,3.204831839,0,1.953296423,0,13.09145641,12.9170341491699,1.12633800506592,5.92251062393188,1.14590573310852,5.37717342376709,53.4066200256348,123.789138793945,0,0,4.64592456817627,0.970817565917969,
269,0,42.32880783,0,0,0,14.95409203,0,3.204831839,0,1.953296423,0,13.09145641,12.9170389175415,1.12633800506592,5.92251873016357,1.14590752124786,5.37818050384521,53.4157943725586,123.831314086914,0,0,4.64598274230957,0.970818221569061,
270,0,42.32880783,0,0,0,14.95409203,0,3.204831839,0,1.953296423,0,13.09145641,12.9170417785645,1.12633800506592,5.92252588272095,1.14590907096863,5.37916231155396,53.4248352050781,123.873413085938,0,0,4.64603853225708,0.970818817615509,
271,0,42.32880783,0,0,0,14.95409203,0,3.204831839,0,1.953296423,0,13.09145641,12.9170446395874,1.12633800506592,5.92253255844116,1.1459105014801,5.38011932373047,53.4337425231934,123.915420532227,0,0,4.6460919380188,0.970819354057312,
272,0,42.32880783,0,0,0,14.95409203,0,3.204831839,0,1.953296423,0,13.09145641,12.917046546936,1.12633800506592,5.92253828048706,1.14591181278229,5.38105297088623,53.4425163269043,123.957344055176,0,0,4.64614295959473,0.97081983089447,
273,0,42.32880783,0,0,0,14.95409203,0,3.204831839,0,1.953296423,0,13.09145641,12.9170475006104,1.12633800506592,5.9225435256958,1.14591300487518,5.38196277618408,53.4511604309082,123.999176025391,0,0,4.64619207382202,0.970820248126984,
274,0,42.32880783,0,0,0,14.95409203,0,3.204831839,0,1.953296423,0,13.09145641,12.917049407959,1.12633800506592,5.92254877090454,1.14591407775879,5.3828501701355,53.4596786499023,124.040924072266,0,0,4.64623832702637,0.970820605754852,
275,0,42.32880783,0,0,0,14.95409203,0,3.204831839,0,1.953296423,0,13.09145641,12.9170503616333,1.12633800506592,5.92255353927612,1.14591503143311,5.38371515274048,53.4680671691895,124.082588195801,0,0,4.64628267288208,0.970820844173431,
276,0,42.32880783,0,0,0,14.95409203,0,3.204831839,0,1.953296423,0,13.09145641,12.9170503616333,1.12633800506592,5.92255783081055,1.14591586589813,5.38455867767334,53.4763336181641,124.124160766602,0,0,4.64632511138916,0.970821082592011,
277,0,42.32880783,0,0,0,14.95409203,0,3.204831839,0,1.953296423,0,13.09145641,12.9170503616333,1.12633800506592,5.92256164550781,1.14591658115387,5.38538074493408,53.4844741821289,124.165649414063,0,0,4.64636564254761,0.97082132101059,
278,0,42.32880783,0,0,0,14.95409203,0,3.204831839,0,1.953296423,0,13.09145641,12.9170503616333,1.12633800506592,5.92256498336792,1.14591717720032,5.38618183135986,53.4924964904785,124.207046508789,0,0,4.64640474319458,0.970821499824524,
279,0,42.32880783,0,0,0,14.95409203,0,3.204831839,0,1.953296423,0,13.09145641,12.9170503616333,1.12633800506592,5.92256784439087,1.14591777324677,5.386962890625,53.5004005432129,124.248352050781,0,0,4.64644145965576,0.970821619033813,
280,0,42.32880783,0,0,0,14.95409203,0,3.204831839,0,1.953296423,0,13.09145641,12.9170503616333,1.12633800506592,5.92257070541382,1.14591825008392,5.38772392272949,53.508186340332,124.289573669434,0,0,4.64647674560547,0.970821738243103,
281,0,42.32880783,0,0,0,14.95409203,0,3.204831839,0,1.953296423,0,13.09145641,12.9170503616333,1.12633800506592,5.92257308959961,1.14591872692108,5.38846635818481,53.5158576965332,124.330703735352,0,0,4.6465106010437,0.970821857452393,
282,0,42.32880783,0,0,0,14.95409203,0,3.204831839,0,1.953296423,0,13.09145641,12.9170503616333,1.12633800506592,5.92257499694824,1.14591920375824,5.38918972015381,53.5234146118164,124.37174987793,0,0,4.64654302597046,0.970821976661682,
283,0,42.32880783,0,0,0,14.95409203,0,3.204831839,0,1.953296423,0,13.09145641,12.9170503616333,1.12633800506592,5.92257690429688,1.14591956138611,5.38989448547363,53.5308609008789,124.412696838379,0,0,4.64657402038574,0.970822095870972,
284,0,42.33139038,0,0,0,14.95448875,0,3.204924822,0,1.953308105,0,13.09191513,12.9170875549316,1.12633919715881,5.92258596420288,1.1459219455719,5.3905816078186,53.5381965637207,124.453552246094,0,0,4.64660978317261,0.970824003219604,
285,0,42.33139038,0,0,0,14.95448875,0,3.204924822,0,1.953308105,0,13.09191513,12.9171514511108,1.12634122371674,5.9226016998291,1.14592611789703,5.39125156402588,53.5454292297363,124.494323730469,0,0,4.64665031433105,0.970827519893646,
286,0,42.33139038,0,0,0,14.95448875,0,3.204924822,0,1.953308105,0,13.09191513,12.9172019958496,1.12634253501892,5.92261648178101,1.14592981338501,5.39190483093262,53.5525588989258,124.535011291504,0,0,4.64668893814087,0.97083055973053,
287,0,42.33139038,0,0,0,14.95448875,0,3.204924822,0,1.953308105,0,13.09191513,12.9172410964966,1.12634336948395,5.92262935638428,1.14593315124512,5.39254188537598,53.5595817565918,124.57559967041,0,0,4.64672565460205,0.9708331823349,
288,0,42.33139038,0,0,0,14.95448875,0,3.204924822,0,1.953308105,0,13.09191513,12.9172716140747,1.12634384632111,5.92264175415039,1.14593613147736,5.39316272735596,53.5665016174316,124.616104125977,0,0,4.64676094055176,0.970835328102112,
289,0,42.33139038,0,0,0,14.95448875,0,3.204924822,0,1.953308105,0,13.09191513,12.9172954559326,1.12634420394897,5.92265272140503,1.14593887329102,5.39376831054688,53.5733184814453,124.656509399414,0,0,4.64679431915283,0.970837235450745,
290,0,42.33139038,0,0,0,14.95448875,0,3.204924822,0,1.953308105,0,13.09191513,12.9173135757446,1.12634444236755,5.92266273498535,1.14594125747681,5.39435863494873,53.5800323486328,124.696823120117,0,0,4.64682674407959,0.970838844776154,
291,0,42.33139038,0,0,0,14.95448875,0,3.204924822,0,1.953308105,0,13.09191513,12.9173288345337,1.12634456157684,5.92267179489136,1.14594340324402,5.39493417739868,53.5866508483887,124.737045288086,0,0,4.64685773849487,0.970840156078339,
292,0,42.33139038,0,0,0,14.95448875,0,3.204924822,0,1.953308105,0,13.09191513,12.9173402786255,1.12634468078613,5.92267990112305,1.14594531059265,5.39549541473389,53.5931701660156,124.77717590332,0,0,4.64688730239868,0.970841288566589,
293,0,42.33139038,0,0,0,14.95448875,0,3.204924822,0,1.953308105,0,13.09191513,12.9173488616943,1.12634468078613,5.92268753051758,1.14594709873199,5.3960428237915,53.5995941162109,124.81721496582,0,0,4.64691543579102,0.970842301845551,
294,0,42.33139038,0,0,0,14.95448875,0,3.204924822,0,1.953308105,0,13.09191513,12.9173555374146,1.12634468078613,5.92269468307495,1.14594864845276,5.39657640457153,53.6059226989746,124.857154846191,0,0,4.64694213867188,0.970843136310577,
295,0,42.33139038,0,0,0,14.95448875,0,3.204924822,0,1.953308105,0,13.09191513,12.9173612594604,1.12634468078613,5.92270088195801,1.14595007896423,5.39709663391113,53.6121597290039,124.897003173828,0,0,4.64696788787842,0.97084379196167,
296,0,42.33139038,0,0,0,14.95448875,0,3.204924822,0,1.953308105,0,13.09191513,12.9173650741577,1.12634468078613,5.92270660400391,1.14595139026642,5.39760398864746,53.6183013916016,124.93675994873,0,0,4.64699220657349,0.970844388008118,
297,0,42.33139038,0,0,0,14.95448875,0,3.204924822,0,1.953308105,0,13.09191513,12.917368888855,1.12634468078613,5.92271184921265,1.14595258235931,5.39809799194336,53.6243515014648,124.976409912109,0,0,4.64701557159424,0.970844924449921,
298,0,42.33139038,0,0,0,14.95448875,0,3.204924822,0,1.953308105,0,13.09191513,12.9173717498779,1.12634468078613,5.92271661758423,1.14595365524292,5.39857959747314,53.630313873291,125.015968322754,0,0,4.64703798294067,0.970845401287079,
299,0,42.33139038,0,0,0,14.95448875,0,3.204924822,0,1.953308105,0,13.09191513,12.9173727035522,1.12634468078613,5.92272090911865,1.14595460891724,5.39904880523682,53.6361846923828,125.055435180664,0,0,4.64705944061279,0.970845818519592,
