"Time Step","Softwood Merchantable","Hardwood Merchantable","Softwood Submerchantable","Hardwood Submerchantable","Softwood Other","Hardwood Other","Softwood Foliage","Hardwood Foliage","Softwood Fine Roots","Hardwood Fine Roots","Softwood Coarse Roots","Hardwood Coarse Roots","Aboveground Very Fast DOM","Belowground Very Fast DOM","Aboveground Fast DOM","Belowground Fast DOM","Medium DOM","Aboveground Slow DOM","Belowground Slow DOM","Softwood Stem Snag","Softwood Branch Snag","Hardwood Stem Snag","Hardwood Branch Snag",
0,0,0,0,0,0,0,0,0,0,0,0,0,0.455475002527237,1.96306300163269,18.2817802429199,15.3421096801758,12.2300300598145,7.9553017616272,84.6396179199219,93.8623809814453,29.081579208374,0,0,
1,0.001203170978,0,0,0,0,0,0.1506031305,0,0.01430830639,0,0.01939269155,0,0.293550968170166,0.955051064491272,18.063777923584,13.0787048339844,14.6478710174561,9.04454708099365,84.969612121582,89.1119613647461,24.2426834106445,0,0,
2,0.008035892621,0,0,0,0.1482277513,0,0.3330316544,0,0.04577391595,0,0.06284964085,0,0.206528052687645,0.46877920627594,17.467601776123,11.1494970321655,16.8265743255615,10.0303478240967,85.1607360839844,84.6019821166992,20.2096195220947,0,0,
3,0.02440047637,0,0,0,0.4296538234,0,0.5144300461,0,0.08964615315,0,0.1253573596,0,0.170719683170319,0.238345488905907,16.6215229034424,9.5053653717041,18.7827339172363,10.9213380813599,85.26708984375,80.3203125,16.8496074676514,0,0,
4,0.05364853889,0,0,0,0.8187608123,0,0.6969622374,0,0.1433510929,0,0.2050494105,0,0.169473618268967,0.133966386318207,15.6230211257935,8.10440540313721,20.5319309234619,11.7256078720093,85.3181533813477,76.2554321289063,14.0517749786377,0,0,
5,0.0988214463,0,0,0,1.300814033,0,0.878713429,0,0.2048875839,0,0.3009058833,0,0.191829487681389,0.0922182127833366,14.5452146530151,6.91088390350342,22.088794708252,12.4508495330811,85.3309478759766,72.3964462280273,11.7235107421875,0,0,
6,0.1627360582,0,0,0,1.863506198,0,1.058531404,0,0.2725428343,0,0.4122769237,0,0.230400279164314,0.0819914415478706,13.4421873092651,5.89433097839355,23.4670543670654,13.1044015884399,85.3160018920898,68.7330017089844,9.78748512268066,0,0,
7,0.248025164,0,0,0,2.495990276,0,1.235660791,0,0.3447999656,0,0.5386881828,0,0.280138939619064,0.0879171267151833,12.3531503677368,5.02876806259155,24.6795959472656,13.6932334899902,85.2803421020508,65.2552947998047,8.17913055419922,0,0,
8,0.3571577966,0,0,0,3.188406706,0,1.409583569,0,0.4203027487,0,0.6797401905,0,0.337530702352524,0.102303080260754,11.3057594299316,4.29204559326172,25.7385063171387,14.2239274978638,85.2289733886719,61.954029083252,6.84452676773071,0,0,
9,0.4924485683,0,0,0,3.931625128,0,1.579936028,0,0.4978405237,0,0.8350496292,0,0.400070816278458,0.121211476624012,10.3187446594238,3.66527819633484,26.6551208496094,14.7026472091675,85.1656723022461,58.8203773498535,5.73863697052002,0,0,
10,0.6560606956,0,0,0,4.717094421,0,1.746461749,0,0.5763414502,0,1.004213572,0,0.465928703546524,0.142550989985466,9.40400505065918,3.13236331939697,27.4400691986084,15.1351165771484,85.0933990478516,55.8459815979004,4.82383632659912,0,0,
11,0.8500044346,0,0,0,5.536753654,0,1.908982158,0,0.6548677087,0,1.186786652,0,0.533732652664185,0.165148839354515,8.56826114654541,2.67957091331482,28.1033134460449,15.5266094207764,85.0144882202148,53.0229110717773,4.06868314743042,0,0,
12,1.076133013,0,0,0,6.382980347,0,2.067376375,0,0.7326108217,0,1.38226974,0,0.602431178092957,0.188299179077148,7.8143572807312,2.2951922416687,28.6541919708252,15.881947517395,84.9308624267578,50.3436470031738,3.44689536094666,0,0,
13,1.33613658,0,0,0,7.248555183,0,2.221568108,0,0.808886528,0,1.590103149,0,0.671203851699829,0.211542755365372,7.14228248596191,1.9692417383194,29.101448059082,16.2055034637451,84.8440704345703,47.8010520935059,2.93649458885193,0,0,
14,1.631534576,0,0,0,8.126649857,0,2.371515751,0,0.8831278086,0,1.809665561,0,0.739402830600739,0.234558910131454,6.5499701499939,1.6932018995285,29.4532718658447,16.5012130737305,84.7553787231445,45.3883666992188,2.51909494400024,0,0,
15,1.963667512,0,0,0,9.010814667,0,2.517205,0,0.9548777938,0,2.040276766,0,0.806514143943787,0.257112145423889,6.0339150428772,1.45980620384216,29.7173290252686,16.7726058959961,84.6658248901367,43.0991744995117,2.17930817604065,0,0,
16,2.333688736,0,0,0,9.894982338,0,2.658643961,0,1.023780227,0,2.281203747,0,0.872131109237671,0.279024660587311,5.58965158462524,1.26285421848297,29.9007968902588,17.0228214263916,84.5762252807617,40.9273872375488,1.90424787998199,0,0,
17,2.742555141,0,0,0,10.77346325,0,2.795857906,0,1.089570642,0,2.531666279,0,0.935935437679291,0.300161749124527,5.21211767196655,1.0970538854599,30.0103855133057,17.2546234130859,84.4872436523438,38.8672332763672,1.68311810493469,0,0,
18,3.191019535,0,0,0,11.640958789999999,0,2.928886414,0,1.152066708,0,2.790845156,0,0.997683107852936,0.320423156023026,4.89593076705933,0.95788699388504,30.0523700714111,17.4704532623291,84.3994140625,36.9132385253906,1.50686812400818,0,0,
19,3.679621458,0,0,0,12.49255848,0,3.057780743,0,1.211157918,0,3.057893753,0,1.05719363689423,0.339737325906754,4.63559246063232,0.841495037078857,30.0326156616211,17.6724338531494,84.3131408691406,35.0601997375488,1.36790585517883,0,0,
20,4.208681107,0,0,0,13.3237524,0,3.182601452,0,1.266795993,0,3.331941605,0,1.11434054374695,0.358057141304016,4.42564105987549,0.744581162929535,29.9566059112549,17.8624134063721,84.2287368774414,33.3031959533691,1.25985896587372,0,0,
21,4.778292656,0,0,0,14.1304369,0,3.303416729,0,1.318986058,0,3.612110615,0,1.16904366016388,0.375356376171112,4.26075983047485,0.664327681064606,29.8294563293457,18.0419845581055,84.1464462280273,31.6375389099121,1.17737531661987,0,0,
22,5.388319492,0,0,0,14.90891361,0,3.420300722,0,1.36777699,0,3.897515774,0,1.22126257419586,0.391626447439194,4.1358528137207,0.59832501411438,29.6559429168701,18.2125148773193,84.0664367675781,30.0587825775146,1.11595737934113,0,0,
23,6.038388729,0,0,0,15.6559,0,3.533332586,0,1.413253546,0,4.187278748,0,1.27098977565765,0.406873613595963,4.0460958480835,0.544511616230011,29.4405250549316,18.3751621246338,83.9888305664063,28.5627059936523,1.07182335853577,0,0,
24,6.727891922,0,0,0,16.36853027,0,3.642595291,0,1.455528736,0,4.480533123,0,1.31824588775635,0.421116322278976,3.98696804046631,0.501122534275055,29.1873569488525,18.530912399292,83.913703918457,27.1453056335449,1.04179251194,0,0,
25,7.455981255,0,0,0,17.04435158,0,3.748173952,0,1.494737625,0,4.776431084,0,1.36307418346405,0.434382796287537,3.95426869392395,0.466645956039429,28.9003105163574,18.6805858612061,83.8410949707031,25.8027667999268,1.02318871021271,0,0,
26,8.221574783,0,0,0,17.68132973,0,3.850157022,0,1.531030416,0,5.074149132,0,1.40553653240204,0.44670906662941,3.94412469863892,0.439786076545715,28.5829925537109,18.8248653411865,83.7710189819336,24.5314712524414,1.01376020908356,0,0,
27,9.023353577,0,0,0,18.27783394,0,3.948633432,0,1.564568162,0,5.37289238,0,1.44570887088776,0.458136796951294,3.95298862457275,0.419431269168854,28.2387580871582,18.9643096923828,83.7034606933594,23.3279762268066,1.01161301136017,0,0,
28,9.85977459,0,0,0,18.83264732,0,4.043693542,0,1.595517635,0,5.671899796,0,1.48367762565613,0.468711763620377,3.97763109207153,0.404627293348312,27.8707275390625,19.0993728637695,83.6384048461914,22.1890048980713,1.0151549577713,0,0,
29,11.49054241,0,0,0,18.15371323,0,3.981157064,0,1.612984538,0,5.851856709,0,1.51355254650116,0.477620959281921,3.99939441680908,0.394048899412155,27.481803894043,19.2292575836182,83.5756378173828,21.1131229400635,1.01753282546997,0,0,
30,12.29336262,0,0,0,18.31756973,0,4.042914867,0,1.632257938,0,6.06089592,0,1.53609013557434,0.484811335802078,4.0132212638855,0.386689215898514,27.0747299194336,19.3531074523926,83.5149002075195,20.0970630645752,1.01712954044342,0,0,
31,13.11352921,0,0,0,18.4834919,0,4.10618782,0,1.650950074,0,6.275162697,0,1.55809116363525,0.491261869668961,4.03099536895752,0.382219612598419,26.6520442962646,19.4712047576904,83.4561004638672,19.1360054016113,1.01832067966461,0,0,
32,13.95102978,0,0,0,18.6515007,0,4.170865059,0,1.669054151,0,6.49464035,0,1.57972741127014,0.497261941432953,4.05236721038818,0.380258202552795,26.2160415649414,19.5838413238525,83.3991928100586,18.2272472381592,1.02086007595062,0,0,
33,14.80585289,0,0,0,18.82161522,0,4.236850739,0,1.68656683,0,6.719312191,0,1.60109996795654,0.502951145172119,4.07701873779297,0.380479276180267,25.7688407897949,19.6913032531738,83.3441467285156,17.3682174682617,1.02454280853271,0,0,
34,15.67302036,0,0,0,18.99286842,0,4.303673267,0,1.703394175,0,6.947849274,0,1.6222448348999,0.508389949798584,4.10464477539063,0.38259944319725,25.3124027252197,19.7938671112061,83.2909317016602,16.5564613342285,1.02919363975525,0,0,
35,16.55505943,0,0,0,19.16578484,0,4.371448994,0,1.719599605,0,7.18088913,0,1.6431702375412,0.513605177402496,4.13495969772339,0.386374205350876,24.8485374450684,19.8918018341064,83.2395324707031,15.7896509170532,1.03466463088989,0,0,
36,17.4470787,0,0,0,19.33943176,0,4.439739227,0,1.735112786,0,7.417114735,0,1.6638708114624,0.518609523773193,4.16769981384277,0.391592234373093,24.3789138793945,19.9853610992432,83.1899108886719,15.06556224823,1.04083025455475,0,0,
37,18.35404015,0,0,0,19.51480484,0,4.508861065,0,1.750040889,0,7.657810211,0,1.68434274196625,0.523411929607391,4.2026309967041,0.398073226213455,23.9050693511963,20.0747909545898,83.1420516967773,14.3820905685425,1.04758632183075,0,0,
38,19.26865578,0,0,0,19.69051743,0,4.578209877,0,1.764289379,0,7.901010036,0,1.70457589626312,0.528017699718475,4.23953676223755,0.405660569667816,23.4284133911133,20.1603260040283,83.0959091186523,13.737229347229,1.05484426021576,0,0,
39,20.19344902,0,0,0,19.867076870000002,0,4.647932053,0,1.777929068,0,8.147348404,0,1.72454714775085,0.532427489757538,4.27820682525635,0.414215087890625,22.9502449035645,20.2421875,83.0514526367188,13.1290636062622,1.06252598762512,0,0,
40,21.12846565,0,0,0,20.04452324,0,4.717994213,0,1.790990233,0,8.396808624,0,1.74425578117371,0.536649644374847,4.3184666633606,0.423620760440826,22.4717502593994,20.3205890655518,83.0086517333984,12.5557823181152,1.07056891918182,0,0,
41,22.06897545,0,0,0,20.22198868,0,4.788008213,0,1.803440809,0,8.648091316,0,1.76368749141693,0.540688037872314,4.3601450920105,0.433773130178452,21.9940147399902,20.3957328796387,82.9674758911133,12.0156536102295,1.07891726493835,0,0,
42,23.01746368,0,0,0,20.39996719,0,4.8581357,0,1.815350294,0,8.901824951,0,1.782830119133,0.544547438621521,4.40308380126953,0.44458019733429,21.5180282592773,20.4678153991699,82.9278717041016,11.5070295333862,1.08752274513245,0,0,
43,23.97161865,0,0,0,20.57805824,0,4.928183079,0,1.826725245,0,9.157360077,0,1.80168282985687,0.548236131668091,4.44714498519897,0.455963522195816,21.0446949005127,20.5370216369629,82.8898086547852,11.0283451080322,1.09634530544281,0,0,
44,24.93152237,0,0,0,20.75629616,0,4.998135567,0,1.837602854,0,9.414678574,0,1.82024264335632,0.551761448383331,4.49219989776611,0.467853367328644,20.5748329162598,20.6035289764404,82.8532562255859,10.5781116485596,1.10535001754761,0,0,
45,25.89490318,0,0,0,20.93430328,0,5.067816257,0,1.847995162,0,9.673144341,0,1.83850693702698,0.555130958557129,4.5381293296814,0.480187505483627,20.1091842651367,20.6675033569336,82.8181838989258,10.1549091339111,1.11450624465942,0,0,
46,26.8642025,0,0,0,21.11254883,0,5.137391567,0,1.857964516,0,9.933375359,0,1.85648095607758,0.558353960514069,4.58482933044434,0.492912799119949,19.6484184265137,20.7291126251221,82.784538269043,9.75739002227783,1.12378895282745,0,0,
47,27.83480263,0,0,0,21.29020691,0,5.20651865,0,1.867499232,0,10.19410038,0,1.87416779994965,0.561438977718353,4.6322021484375,0.505981147289276,19.1931381225586,20.7885131835938,82.7522964477539,9.38426971435547,1.1331752538681,0,0,
48,28.80681419,0,0,0,21.46734047,0,5.275204182,0,1.876638174,0,10.45532036,0,1.89156115055084,0.564392268657684,4.68014717102051,0.519346177577972,18.7438831329346,20.8458576202393,82.721435546875,9.03431987762451,1.14264285564423,0,0,
49,29.78032684,0,0,0,21.64399147,0,5.343453884,0,1.8854177,0,10.71702671,0,1.90866553783417,0.567222774028778,4.72857856750488,0.532968282699585,18.3011360168457,20.9012851715088,82.6919250488281,8.70637512207031,1.15217363834381,0,0,
50,30.75543785,0,0,0,21.8202076,0,5.411274433,0,1.893872261,0,10.97922516,0,1.92549097537994,0.569940268993378,4.7774224281311,0.546813666820526,17.8653221130371,20.9549350738525,82.6637191772461,8.39932727813721,1.16175282001495,0,0,
51,31.73222733,0,0,0,21.99601936,0,5.47866869,0,1.902034163,0,11.24190235,0,1.94205141067505,0.57255482673645,4.82661533355713,0.560853600502014,17.4368171691895,21.0069427490234,82.6368026733398,8.11212730407715,1.17136836051941,0,0,
52,32.70616913,0,0,0,22.17066002,0,5.545330048,0,1.909897685,0,11.50382137,0,1.95834791660309,0.5750732421875,4.87608766555786,0.575058221817017,17.0159530639648,21.0574359893799,82.6111450195313,7.8437671661377,1.18100702762604,0,0,
53,33.68196106,0,0,0,22.34497452,0,5.611586094,0,1.917530894,0,11.76622105,0,1.97438859939575,0.577503800392151,4.92577934265137,0.589401960372925,16.6030139923096,21.1065349578857,82.5867233276367,7.59329175949097,1.1906578540802,0,0,
54,34.65280914,0,0,0,22.51779747,0,5.676982403,0,1.924909234,0,12.02725601,0,1.99017930030823,0.579853951931,4.97563219070435,0.60386049747467,16.1982460021973,21.1543598175049,82.5635223388672,7.35978889465332,1.200310587883,0,0,
55,35.62338638,0,0,0,22.68997765,0,5.741841793,0,1.932095647,0,12.28816032,0,2.0057225227356,0.582130134105682,5.02558946609497,0.618410646915436,15.8018579483032,21.2010250091553,82.5415115356445,7.14238786697388,1.20995509624481,0,0,
56,36.59149551,0,0,0,22.86115456,0,5.806024075,0,1.939099312,0,12.548326490000001,0,2.0210337638855,0.584341287612915,5.07560968399048,0.633035063743591,15.4140214920044,21.2466354370117,82.5206756591797,6.94026756286621,1.21958494186401,0,0,
57,37.55722427,0,0,0,23.031353,0,5.869544983,0,1.945944548,0,12.80775833,0,2.03612208366394,0.586494207382202,5.12565135955811,0.647716581821442,15.0348787307739,21.291296005249,82.5009918212891,6.75264406204224,1.2291933298111,0,0,
58,38.51837921,0,0,0,23.200243,0,5.932271957,0,1.95263803,0,13.0658617,0,2.0509922504425,0.588594675064087,5.1756706237793,0.662438035011292,14.6645412445068,21.3351078033447,82.4824523925781,6.57876873016357,1.23877346515656,0,0,
59,39.477314,0,0,0,23.36823654,0,5.994368076,0,1.95921731,0,13.32324505,0,2.06565284729004,0.590648949146271,5.22563219070435,0.677184700965881,14.3030939102173,21.3781661987305,82.4650344848633,6.41793012619019,1.24831962585449,0,0,
60,40.43185043,0,0,0,23.53497696,0,6.055700779,0,1.965686202,0,13.57931614,0,2.08011484146118,0.5926633477211,5.27550506591797,0.691944241523743,13.9505958557129,21.4205646514893,82.4487228393555,6.26945447921753,1.25782763957977,0,0,
61,41.37981033,0,0,0,23.70010948,0,6.116147041,0,1.9720480440000001,0,13.83347988,0,2.09437727928162,0.594641387462616,5.32524919509888,0.706701040267944,13.6070833206177,21.4623889923096,82.4335098266602,6.13269138336182,1.2672905921936,0,0,
62,42.32353973,0,0,0,23.86406708,0,6.175867081,0,1.978335261,0,14.08635616,0,2.10844469070435,0.596587538719177,5.37483024597168,0.721441924571991,13.2725715637207,21.5037212371826,82.4193725585938,6.00702428817749,1.27670311927795,0,0,
63,43.2631073,0,0,0,24.02688599,0,6.234878063,0,1.984563112,0,14.33795834,0,2.12233018875122,0.598507881164551,5.42422771453857,0.736158192157745,12.9470548629761,21.5446395874023,82.4063110351563,5.89187288284302,1.28606283664703,0,0,
64,44.19410324,0,0,0,24.18781662,0,6.292916298,0,1.990716219,0,14.58709812,0,2.13603448867798,0.600405216217041,5.4734091758728,0.750837624073029,12.6305112838745,21.5852203369141,82.3943023681641,5.78667783737183,1.29536437988281,0,0,
65,45.12108612,0,0,0,24.3476696,0,6.350280762,0,1.99683702,0,14.8349905,0,2.14956164360046,0.602283000946045,5.52234792709351,0.76546984910965,12.3229036331177,21.6255321502686,82.3833465576172,5.69090700149536,1.30460393428802,0,0,
66,46.04189301,0,0,0,24.50608826,0,6.406846523,0,2.002922535,0,15.08104897,0,2.16292357444763,0.604146003723145,5.57102918624878,0.780048727989197,12.0241765975952,21.6656455993652,82.373420715332,5.60406064987183,1.3137800693512,0,0,
67,46.95659256,0,0,0,24.66310501,0,6.462633133,0,2.008982897,0,15.32529545,0,2.17612552642822,0.605997204780579,5.61943387985229,0.794566571712494,11.734263420105,21.7056255340576,82.3645248413086,5.52566003799438,1.32289016246796,0,0,
68,47.86302185,0,0,0,24.81836319,0,6.517521381,0,2.015013218,0,15.56714439,0,2.18916797637939,0.607838273048401,5.6675386428833,0.809014439582825,11.453085899353,21.7455348968506,82.3566589355469,5.45524597167969,1.33193063735962,0,0,
69,48.76125717,0,0,0,24.97190666,0,6.571532726,0,2.021021605,0,15.8066206,0,2.20204854011536,0.609670400619507,5.7153172492981,0.823382318019867,11.1805534362793,21.7854232788086,82.3498077392578,5.39237833023071,1.34089696407318,0,0,
70,49.65359116,0,0,0,25.1241188,0,6.624816418,0,2.02703023,0,16.0443306,0,2.2147741317749,0.61149650812149,5.76275491714478,0.837664365768433,10.9165658950806,21.8253498077393,82.3439636230469,5.3366436958313,1.3497873544693,0,0,
71,50.54007721,0,0,0,25.27505112,0,6.677386284,0,2.033046007,0,16.28029251,0,2.22735738754272,0.613320291042328,5.80984687805176,0.851858258247375,10.6610145568848,21.8653602600098,82.3391265869141,5.28765487670898,1.35860240459442,0,0,
72,51.41635132,0,0,0,25.42396927,0,6.729000092,0,2.039044619,0,16.51334381,0,2.23979687690735,0.615142107009888,5.85657596588135,0.865957200527191,10.4137811660767,21.9055061340332,82.3352813720703,5.24503517150879,1.36733949184418,0,0,
73,52.28689957,0,0,0,25.57164001,0,6.779933929,0,2.045060873,0,16.7446804,0,2.25209450721741,0.616963028907776,5.90292739868164,0.879955351352692,10.1747436523438,21.9458332061768,82.3324356079102,5.20842742919922,1.37599635124207,0,0,
74,53.14736557,0,0,0,25.71734047,0,6.82994318,0,2.051068306,0,16.97314453,0,2.26425266265869,0.618784248828888,5.94888973236084,0.893848180770874,9.94377136230469,21.9863777160645,82.3305816650391,5.17749214172363,1.38457143306732,0,0,
75,54.00000763,0,0,0,25.8614769,0,6.879177094,0,2.057086229,0,17.19934082,0,2.27626943588257,0.620605647563934,5.99444627761841,0.907629251480103,9.72072792053223,22.0271816253662,82.329704284668,5.15190315246582,1.393061876297,0,0,
76,54.84489059,0,0,0,26.00406647,0,6.927648544,0,2.063117027,0,17.42328644,0,2.28815078735352,0.622429013252258,6.03959035873413,0.921295762062073,9.50547313690186,22.0682773590088,82.3298034667969,5.13135576248169,1.4014675617218,0,0,
77,55.67985916,0,0,0,26.14476395,0,6.975248337,0,2.069147587,0,17.64442253,0,2.29989671707153,0.624254286289215,6.08431005477905,0.934843063354492,9.29786396026611,22.1096992492676,82.3308868408203,5.11555480957031,1.40978646278381,0,0,
78,56.50717163,0,0,0,26.28395271,0,7.022115707,0,2.075195074,0,17.86334419,0,2.31150794029236,0.626081824302673,6.12859582901001,0.94826740026474,9.09775161743164,22.1514759063721,82.3329315185547,5.1042218208313,1.41801738739014,0,0,
79,57.32686996,0,0,0,26.42165947,0,7.068265915,0,2.081261635,0,18.08006668,0,2.3229923248291,0.627913355827332,6.17244720458984,0.961568057537079,8.90498447418213,22.1936340332031,82.3359451293945,5.09709644317627,1.4261611700058,0,0,
80,58.13681793,0,0,0,26.55753708,0,7.11359024,0,2.087331295,0,18.29403496,0,2.33435010910034,0.629748404026031,6.21585702896118,0.974742114543915,8.71940994262695,22.2362022399902,82.3399200439453,5.09392833709717,1.43421685695648,0,0,
81,58.9370575,0,0,0,26.69159126,0,7.158101082,0,2.093404293,0,18.50525475,0,2.34557700157166,0.631585657596588,6.25881290435791,0.987784862518311,8.54087352752686,22.2792015075684,82.344856262207,5.09447383880615,1.44218230247498,0,0,
82,59.72983551,0,0,0,26.82422829,0,7.201939583,0,2.099498034,0,18.71433449,0,2.35667705535889,0.633425951004028,6.30131196975708,1.0006947517395,8.36921882629395,22.3226490020752,82.3507461547852,5.09850740432739,1.45005750656128,0,0,
83,60.51081085,0,0,0,26.95472527,0,7.244874001,0,2.105577946,0,18.92013359,0,2.36764764785767,0.635268211364746,6.34334564208984,1.01346838474274,8.20428943634033,22.3665637969971,82.3575820922852,5.10580921173096,1.45784103870392,0,0,
84,61.28658295,0,0,0,27.08417511,0,7.287276745,0,2.111694574,0,19.12438965,0,2.37849378585815,0.637113273143768,6.38491296768188,1.02610528469086,8.04592609405518,22.4109630584717,82.3653717041016,5.11617708206177,1.46553325653076,0,0,
85,62.05065536,0,0,0,27.21152878,0,7.328804493,0,2.117796421,0,19.32540321,0,2.3892195224762,0.638961315155029,6.42601490020752,1.03860509395599,7.89397048950195,22.4558601379395,82.3740997314453,5.12941789627075,1.47313487529755,0,0,
86,62.80523682,0,0,0,27.33715248,0,7.369586945,0,2.123898745,0,19.52375793,0,2.39981651306152,0.640809714794159,6.46663761138916,1.05096304416656,7.74826622009277,22.5012645721436,82.3837738037109,5.14534044265747,1.4806432723999,0,0,
87,63.55255508,0,0,0,27.46143341,0,7.409756184,0,2.130018711,0,19.72005272,0,2.41029119491577,0.642659723758698,6.50678491592407,1.0631799697876,7.6086540222168,22.5471878051758,82.3943710327148,5.16377115249634,1.48805952072144,0,0,
88,64.28827667,0,0,0,27.58364487,0,7.449089527,0,2.13611865,0,19.91314697,0,2.4206428527832,0.644510328769684,6.54645299911499,1.07525408267975,7.47497701644897,22.5936374664307,82.4059143066406,5.18454170227051,1.49538338184357,0,0,
89,65.01682281,0,0,0,27.70454025,0,7.487831593,0,2.14223361,0,20.1042099,0,2.43087124824524,0.646360814571381,6.58563899993896,1.08718419075012,7.34707927703857,22.6406211853027,82.4183731079102,5.20749235153198,1.50261437892914,0,0,
90,65.73600769,0,0,0,27.82376289,0,7.525876999,0,2.148343325,0,20.2926693,0,2.44098234176636,0.64821195602417,6.62434816360474,1.09897196292877,7.22480583190918,22.6881408691406,82.431755065918,5.23247623443604,1.50975441932678,0,0,
91,66.44374084,0,0,0,27.9409523,0,7.563119888,0,2.154428005,0,20.47798729,0,2.45096921920776,0.650061190128326,6.66257095336914,1.11061370372772,7.10800266265869,22.7362003326416,82.4460525512695,5.25934410095215,1.51680123806,0,0,
92,67.1443634,0,0,0,28.05686951,0,7.599806309,0,2.160522223,0,20.66130829,0,2.46083307266235,0.651908099651337,6.70030736923218,1.12210917472839,6.99651765823364,22.7848033905029,82.4612731933594,5.28796052932739,1.52375507354736,0,0,
93,67.83575439,0,0,0,28.17115784,0,7.635826111,0,2.166606188,0,20.84208107,0,2.47058081626892,0.653754055500031,6.73756504058838,1.133460521698,6.89019966125488,22.833948135376,82.4774017333984,5.31820058822632,1.5306179523468,0,0,
94,68.51577759,0,0,0,28.2834549,0,7.671081066,0,2.172657967,0,21.0197525,0,2.48020577430725,0.655596077442169,6.77433586120605,1.14466500282288,6.78889989852905,22.8836326599121,82.4944381713867,5.34993648529053,1.53738832473755,0,0,
95,69.18877411,0,0,0,28.39449501,0,7.705800056,0,2.178714275,0,21.19545937,0,2.48970937728882,0.657434046268463,6.81062078475952,1.15572261810303,6.69247198104858,22.9338550567627,82.5123672485352,5.38305234909058,1.54406642913818,0,0,
96,69.85262299,0,0,0,28.5039463,0,7.739887238,0,2.184753418,0,21.36865997,0,2.49909853935242,0.659269094467163,6.84642839431763,1.16663599014282,6.60077095031738,22.9846115112305,82.5311965942383,5.41744184494019,1.55065441131592,0,0,
97,70.50520325,0,0,0,28.61143875,0,7.773238182,0,2.190753698,0,21.53879929,0,2.50836634635925,0.66109836101532,6.88175201416016,1.17740273475647,6.51365375518799,23.0358982086182,82.5509185791016,5.45299577713013,1.55715107917786,0,0,
98,71.15083313,0,0,0,28.71772003,0,7.806082249,0,2.196752787,0,21.7070179,0,2.51751470565796,0.662921726703644,6.91659450531006,1.18802320957184,6.43098020553589,23.0877075195313,82.5715255737305,5.48961544036865,1.56355667114258,0,0,
99,71.78525543,0,0,0,28.82205582,0,7.838206768,0,2.202707529,0,21.8721962,0,2.52654409408569,0.664738655090332,6.95095634460449,1.19849789142609,6.35261249542236,23.1400337219238,82.593017578125,5.52720642089844,1.56987190246582,0,0,
100,72.41277313,0,0,0,28.92519188,0,7.86984396,0,2.208657026,0,22.03547859,0,2.53545522689819,0.666548550128937,6.98483943939209,1.20882713794708,6.27841520309448,23.1928691864014,82.6153793334961,5.5656795501709,1.57609713077545,0,0,
101,73.03126526,0,0,0,29.02677155,0,7.900886536,0,2.21457839,0,22.19630241,0,2.54425454139709,0.668352484703064,7.01825380325317,1.21901392936707,6.20825433731079,23.2462043762207,82.6386108398438,5.60495519638062,1.58223462104797,0,0,
102,73.63861847,0,0,0,29.12644196,0,7.931240559,0,2.220448732,0,22.354129790000002,0,2.5529351234436,0.670147359371185,7.05119276046753,1.22905600070953,6.1419997215271,23.3000297546387,82.6627044677734,5.64494800567627,1.58828294277191,0,0,
103,74.23914337,0,0,0,29.22494316,0,7.961124897,0,2.226307631,0,22.51009178,0,2.56149768829346,0.671932935714722,7.08366012573242,1.23895406723022,6.07952356338501,23.3543357849121,82.6876525878906,5.68558263778687,1.594242811203,0,0,
104,74.83071136,0,0,0,29.32189369,0,7.990438938,0,2.232131958,0,22.66362381,0,2.56994795799255,0.673710405826569,7.11566352844238,1.24871098995209,6.02069997787476,23.4091129302979,82.7134628295898,5.72679138183594,1.60011601448059,0,0,
105,75.41333771,0,0,0,29.41732788,0,8.019194603,0,2.237919092,0,22.81475067,0,2.57828497886658,0.675478398799896,7.14720439910889,1.2583270072937,5.96540594100952,23.4643459320068,82.7401123046875,5.76850557327271,1.60590291023254,0,0,
106,75.98704529,0,0,0,29.51125145,0,8.047392845,0,2.243667841,0,22.96347618,0,2.58650755882263,0.677235901355743,7.17828464508057,1.26780235767365,5.9135217666626,23.5200271606445,82.7676086425781,5.81066036224365,1.61160397529602,0,0,
107,76.55186462,0,0,0,29.60365486,0,8.075047493,0,2.249375105,0,23.10981178,0,2.59461498260498,0.678982019424438,7.20890617370605,1.27713751792908,5.86492967605591,23.5761394500732,82.7959442138672,5.85319375991821,1.61721932888031,0,0,
108,77.10780334,0,0,0,29.69454956,0,8.102158546,0,2.255039215,0,23.2537632,0,2.60260701179504,0.680716097354889,7.23906898498535,1.28633260726929,5.81951475143433,23.6326694488525,82.8251037597656,5.89604806900024,1.62274920940399,0,0,
109,77.65701294,0,0,0,29.7843132,0,8.128839493,0,2.260680199,0,23.39589691,0,2.61048913002014,0.682439029216766,7.26878309249878,1.29539048671722,5.77716445922852,23.6896076202393,82.8550796508789,5.93917226791382,1.6281955242157,0,0,
110,78.19525909,0,0,0,29.87221527,0,8.154888153,0,2.266251802,0,23.53511238,0,2.6182587146759,0.684149444103241,7.29804849624634,1.30431127548218,5.73776960372925,23.7469367980957,82.885871887207,5.98251342773438,1.63355851173401,0,0,
111,78.72679901,0,0,0,29.9589653,0,8.180517197,0,2.271796465,0,23.67251968,0,2.62591457366943,0.685846328735352,7.32686519622803,1.31309509277344,5.70122337341309,23.8046417236328,82.91748046875,6.0260214805603,1.63883805274963,0,0,
112,79.24953461,0,0,0,30.04426575,0,8.205630302,0,2.277289867,0,23.80758286,0,2.63346099853516,0.687530398368835,7.35524225234985,1.32174432277679,5.66742086410522,23.8627071380615,82.9498901367188,6.06965494155884,1.64403581619263,0,0,
113,79.76560211,0,0,0,30.12842369,0,8.230334282,0,2.282753229,0,23.94085503,0,2.6409010887146,0.689202010631561,7.38318681716919,1.33026123046875,5.63626098632813,23.9211196899414,82.9830932617188,6.1133713722229,1.64915347099304,0,0,
114,80.27288818,0,0,0,30.21111298,0,8.254530907,0,2.288161516,0,24.0717926,0,2.64823651313782,0.69086092710495,7.41070413589478,1.33864760398865,5.60764408111572,23.979866027832,83.0170822143555,6.15713405609131,1.65419244766235,0,0,
115,80.77141571,0,0,0,30.29232979,0,8.278229713,0,2.293513298,0,24.20040131,0,2.65546298027039,0.692504942417145,7.43779325485229,1.34690296649933,5.58147430419922,24.0389270782471,83.0518493652344,6.2009015083313,1.65915203094482,0,0,
116,81.26117706,0,0,0,30.37208366,0,8.301430702,0,2.298806667,0,24.32669449,0,2.66257810592651,0.694132804870605,7.46445322036743,1.35502696037292,5.55765724182129,24.0982894897461,83.0873947143555,6.24463510513306,1.6640317440033,0,0,
117,81.74434662,0,0,0,30.450737,0,8.324243546,0,2.304063082,0,24.45122719,0,2.66958498954773,0.695745468139648,7.49069118499756,1.36302149295807,5.53610181808472,24.1579360961914,83.1237030029297,6.28830242156982,1.66883325576782,0,0,
118,82.22090149,0,0,0,30.52827644,0,8.346672058,0,2.309280634,0,24.5739975,0,2.67649149894714,0.697344720363617,7.51651859283447,1.37089061737061,5.51671886444092,24.2178478240967,83.160774230957,6.3318772315979,1.67355906963348,0,0,
119,82.68874359,0,0,0,30.60437965,0,8.368618965,0,2.314435005,0,24.69447327,0,2.68329691886902,0.69892954826355,7.54194021224976,1.37863552570343,5.49942207336426,24.2780151367188,83.1985931396484,6.37533044815063,1.67821025848389,0,0,
120,83.14788818,0,0,0,30.67901802,0,8.39008522,0,2.319524288,0,24.81264687,0,2.68999552726746,0.700497329235077,7.56695222854614,1.38625502586365,5.48412704467773,24.3384189605713,83.2371597290039,6.41863012313843,1.68278551101685,0,0,
121,83.60046387,0,0,0,30.7525692,0,8.411183357,0,2.324570656,0,24.92908859,0,2.69658899307251,0.702048599720001,7.59155941009521,1.39375042915344,5.47075271606445,24.399040222168,83.2764587402344,6.46175050735474,1.68728578090668,0,0,
122,84.04647827,0,0,0,30.82502174,0,8.431910515,0,2.329572439,0,25.04378319,0,2.70308399200439,0.703584849834442,7.61577129364014,1.40112519264221,5.45921945571899,24.4598636627197,83.3164901733398,6.50467157363892,1.69171345233917,0,0,
123,84.48382568,0,0,0,30.89604187,0,8.452171326,0,2.334504604,0,25.15620804,0,2.70947885513306,0.705104887485504,7.63959169387817,1.4083799123764,5.44945049285889,24.5208740234375,83.3572387695313,6.54736995697021,1.6960688829422,0,0,
124,84.9146347,0,0,0,30.96597672,0,8.472071648,0,2.339390039,0,25.26690483,0,2.71577262878418,0.70660817623138406,7.6630220413208,1.41551542282104,5.44137096405029,24.5820579528809,83.3987045288086,6.58982276916504,1.70035231113434,0,0,
125,85.33680725,0,0,0,31.03448677,0,8.491518974,0,2.344202995,0,25.37533951,0,2.72196507453918,0.708093881607056,7.68606519699097,1.42253220081329,5.43490839004517,24.6433944702148,83.4408798217773,6.63200902938843,1.70456421375275,0,0,
126,85.75457764,0,0,0,31.10225868,0,8.510704994,0,2.348990202,0,25.48260307,0,2.72806119918823,0.709563434123993,7.70873022079468,1.4294331073761,5.42999219894409,24.7048683166504,83.4837493896484,6.67391395568848,1.70870649814606,0,0,
127,86.16371155,0,0,0,31.16860962,0,8.529443741,0,2.353702784,0,25.58760834,0,2.73406386375427,0.711017310619354,7.73102331161499,1.43622064590454,5.42655467987061,24.7664661407471,83.5273132324219,6.71552276611328,1.71278071403503,0,0,
128,86.56633759,0,0,0,31.23388481,0,8.547832489,0,2.35836339,0,25.69090462,0,2.73996949195862,0.712453782558441,7.75294637680054,1.44289457798004,5.42452955245972,24.8281688690186,83.5715637207031,6.75681781768799,1.71678650379181,0,0,
129,86.96247864,0,0,0,31.29808807,0,8.565876007,0,2.362970829,0,25.79249954,0,2.74578142166138,0.713873505592346,7.77450561523438,1.44945728778839,5.42385244369507,24.8899631500244,83.6164779663086,6.79778528213501,1.72072541713715,0,0,
130,87.35002136,0,0,0,31.36087608,0,8.583483696,0,2.36749959,0,25.89185333,0,2.75149631500244,0.715274930000305,7.79569959640503,1.45590829849243,5.42446231842041,24.9518337249756,83.6620559692383,6.83840847015381,1.72459721565247,0,0,
131,87.73319244,0,0,0,31.42294312,0,8.600844383,0,2.371997356,0,25.99005318,0,2.7571177482605,0.7166588306427,7.81653547286987,1.4622495174408,5.42629861831665,25.0137615203857,83.7082977294922,6.87867641448975,1.72840285301208,0,0,
132,88.1098938,0,0,0,31.48394012,0,8.6178684230000009,0,2.376439333,0,26.08655739,0,2.76265239715576,0.718027472496033,7.83702564239502,1.46848511695862,5.42930316925049,25.0757312774658,83.7551803588867,6.91858386993408,1.73214530944824,0,0,
133,88.47801208,0,0,0,31.5435276,0,8.634464264,0,2.380798817,0,26.18083572,0,2.76809453964233,0.719377875328064,7.85716724395752,1.47461402416229,5.43342018127441,25.137731552124,83.8027038574219,6.95811462402344,1.73582327365875,0,0,
134,88.84179688,0,0,0,31.60239792,0,8.650823593,0,2.385125399,0,26.27396584,0,2.77344560623169,0.720710575580597,7.87696361541748,1.48063743114471,5.43859529495239,25.1997451782227,83.8508682250977,6.99726009368896,1.7394380569458,0,0,
135,89.19911957,0,0,0,31.66022301,0,8.666854858,0,2.389392614,0,26.3654232,0,2.77871227264404,0.722027361392975,7.8964262008667,1.48655891418457,5.44477605819702,25.2617588043213,83.899658203125,7.03601551055908,1.74299168586731,0,0,
136,89.55000305,0,0,0,31.71697998,0,8.682556152,0,2.393599987,0,26.45519829,0,2.78389263153076,0.723327159881592,7.91555833816528,1.49237930774689,5.45191144943237,25.3237552642822,83.9490661621094,7.07437229156494,1.74648487567902,0,0,
137,89.89444733,0,0,0,31.772686,0,8.697935104,0,2.397746325,0,26.54329872,0,2.78898596763611,0.724609315395355,7.93436241149902,1.49809908866882,5.45995283126831,25.3857231140137,83.9990768432617,7.11232233047485,1.74991738796234,0,0,
138,90.23244476,0,0,0,31.82732773,0,8.712991714,0,2.401830435,0,26.6297245,0,2.79399108886719,0.725873351097107,7.95283937454224,1.50371885299683,5.46885251998901,25.4476451873779,84.0496978759766,7.14985752105713,1.75328993797302,0,0,
139,90.56613922,0,0,0,31.88126945,0,8.727823257,0,2.405877829,0,26.71502304,0,2.79891395568848,0.727120816707611,7.97099828720093,1.50924158096313,5.47856521606445,25.5095119476318,84.1009063720703,7.18697547912598,1.75660419464111,0,0,
140,90.89340973,0,0,0,31.93414307,0,8.742336273,0,2.409861565,0,26.79865265,0,2.80375742912292,0.728352427482605,7.98884630203247,1.51466941833496,5.48904657363892,25.5713062286377,84.1526870727539,7.22367334365845,1.75986170768738,0,0,
141,91.21425629,0,0,0,31.98598289,0,8.756533623,0,2.413781166,0,26.88062286,0,2.80851769447327,0.729566335678101,8.00638389587402,1.5200023651123,5.50025415420532,25.6330165863037,84.2050552368164,7.25994396209717,1.76306223869324,0,0,
142,91.5308075,0,0,0,32.03713226,0,8.770514488,0,2.417661667,0,26.96147537,0,2.81319832801819,0.730763673782349,8.0236177444458,1.52524244785309,5.51214694976807,25.6946296691895,84.2579879760742,7.29578542709351,1.76620697975159,0,0,
143,91.84094238,0,0,0,32.08721924,0,8.784178734,0,2.421476603,0,27.04066467,0,2.81780123710632,0.731944739818573,8.04055404663086,1.53039169311523,5.52468490600586,25.7561321258545,84.3114852905273,7.33119583129883,1.7692973613739,0,0,
144,92.14468384,0,0,0,32.13625717,0,8.797534943,0,2.425224781,0,27.11819839,0,2.82232213020325,0.733107626438141,8.05719089508057,1.53544914722443,5.5378303527832,25.8175144195557,84.3655319213867,7.36616897583008,1.77233266830444,0,0,
145,92.44412231,0,0,0,32.1845932,0,8.810675621,0,2.428931952,0,27.1946125,0,2.82676386833191,0.734253227710724,8.07353210449219,1.5404167175293,5.55154609680176,25.8787593841553,84.4201202392578,7.40070343017578,1.77531385421753,0,0,
146,92.73717499,0,0,0,32.23189926,0,8.82351017,0,2.432571411,0,27.26938248,0,2.83112812042236,0.735382080078125,8.08958435058594,1.54529583454132,5.56579732894897,25.9398555755615,84.4752349853516,7.4347972869873,1.77824187278748,0,0,
147,93.02594757,0,0,0,32.27849579,0,8.836133003,0,2.436168671,0,27.34304047,0,2.8354160785675,0.736494183540344,8.10535144805908,1.55008769035339,5.58054971694946,26.0007934570313,84.530876159668,7.46844959259033,1.7811176776886,0,0,
148,93.31044006,0,0,0,32.32440186,0,8.848546028,0,2.439723492,0,27.41559029,0,2.83963441848755,0.737591564655304,8.12084293365479,1.5547957420349101,5.59577035903931,26.061559677124,84.5870361328125,7.50166368484497,1.78394329547882,0,0,
149,93.58853912,0,0,0,32.36927032,0,8.860657692,0,2.443208218,0,27.48649025,0,2.84378099441528,0.738672971725464,8.13606262207031,1.55942070484161,5.61142778396606,26.1221446990967,84.6437072753906,7.5344386100769,1.7867192029953,0,0,
150,93.86238098,0,0,0,32.41342545,0,8.872556686,0,2.446649313,0,27.55628777,0,2.84785461425781,0.739737808704376,8.15101146697998,1.56396293640137,5.62749147415161,26.1825370788574,84.7008819580078,7.5667724609375,1.78944540023804,0,0,
151,94.13195038,0,0,0,32.45689011,0,8.884254456,0,2.450046062,0,27.62498093,0,2.8518602848053,0.740787744522095,8.16569805145264,1.56842541694641,5.64393281936646,26.2427253723145,84.7585525512695,7.59866857528687,1.79212379455566,0,0,
152,94.3951416,0,0,0,32.49934769,0,8.895654678,0,2.453371763,0,27.6920414,0,2.85579562187195,0.74182140827179,8.18012237548828,1.57280814647675,5.6607232093811,26.3027019500732,84.8167037963867,7.63012647628784,1.79475450515747,0,0,
153,94.65407562,0,0,0,32.54106903,0,8.906848907,0,2.456651926,0,27.75798988,0,2.85965895652771,0.742838203907013,8.19428730010986,1.57711112499237,5.67783546447754,26.362455368042,84.8753356933594,7.66114473342896,1.79733741283417,0,0,
154,94.90874481,0,0,0,32.58211899,0,8.917840004,0,2.459886789,0,27.82284737,0,2.86345481872559,0.743839681148529,8.20819854736328,1.58133685588837,5.69524431228638,26.4219741821289,84.9344329833984,7.69172668457031,1.79987370967865,0,0,
155,95.15706635,0,0,0,32.62214279,0,8.92854023,0,2.463048697,0,27.88607216,0,2.86718034744263,0.744824469089508,8.22185611724854,1.58548498153687,5.71292495727539,26.4812507629395,84.9939956665039,7.72187089920044,1.8023636341095,0,0,
156,95.40322113,0,0,0,32.66179657,0,8.939129829,0,2.466190815,0,27.94873238,0,2.87083959579468,0.74579381942749,8.23526573181152,1.58955776691437,5.73085308074951,26.5402774810791,85.0540084838867,7.75158023834229,1.80480825901031,0,0,
157,95.64302826,0,0,0,32.7004509,0,8.949430466,0,2.469259501,0,28.00976753,0,2.87443518638611,0.746748626232147,8.24843502044678,1.59355688095093,5.7490062713623,26.5990428924561,85.1144714355469,7.78085851669312,1.80720865726471,0,0,
158,95.880691529999993,0,0,0,32.73873138,0,8.959621429,0,2.472307205,0,28.07024002,0,2.87796831130981,0.747688829898834,8.26136684417725,1.59748387336731,5.76736211776733,26.6575355529785,85.1753616333008,7.80970859527588,1.80956590175629,0,0,
159,96.11200714,0,0,0,32.77599716,0,8.969525337,0,2.475281,0,28.12909126,0,2.88143992424011,0.748614609241486,8.27406692504883,1.60134017467499,5.7859001159668,26.7157497406006,85.236686706543,7.83813333511353,1.81188082695007,0,0,
160,96.33906555,0,0,0,32.81254959,0,8.979230881,0,2.478205919,0,28.18684196,0,2.88484501838684,0.749523878097534,8.28653144836426,1.60512447357178,5.80459976196289,26.7736778259277,85.2984313964844,7.86613178253174,1.81415247917175,0,0,
161,96.56400299,0,0,0,32.84877777,0,8.988832474,0,2.481110334,0,28.24404907,0,2.88819193840027,0.750419676303864,8.29877185821533,1.60884046554565,5.82344150543213,26.8313140869141,85.3605880737305,7.89371013641357,1.81638324260712,0,0,
162,96.78257751,0,0,0,32.88397598,0,8.998148918,0,2.483938217,0,28.2996254,0,2.89147973060608,0.751301348209381,8.31079006195068,1.61248898506165,5.84240770339966,26.8886470794678,85.4231491088867,7.92087173461914,1.81857359409332,0,0,
163,96.99903107,0,0,0,32.91880798,0,9.007361412,0,2.486744642,0,28.3546505,0,2.89470815658569,0.752168536186218,8.32258892059326,1.61607050895691,5.86148023605347,26.9456729888916,85.4861145019531,7.94761848449707,1.82072389125824,0,0,
164,97.20913696,0,0,0,32.95264053,0,9.016291618,0,2.489474297,0,28.40805817,0,2.89787673950195,0.753021121025085,8.3341703414917,1.61958587169647,5.88064241409302,27.0023822784424,85.5494689941406,7.97395324707031,1.82283437252045,0,0,
165,97.41712189,0,0,0,32.98610687,0,9.02511692,0,2.492181778,0,28.4609108,0,2.90098547935486,0.753858804702759,8.34553623199463,1.62303555011749,5.89987802505493,27.0587692260742,85.6131973266602,7.99987697601318,1.82490527629852,0,0,
166,97.62086487,0,0,0,33.01890945,0,9.033752441,0,2.494839191,0,28.51268387,0,2.90403985977173,0.754683613777161,8.3566951751709,1.62642228603363,5.91917181015015,27.1148242950439,85.6773147583008,8.02539730072021,1.82693862915039,0,0,
167,97.82247162,0,0,0,33.05133057,0,9.042286873,0,2.497473717,0,28.56389999,0,2.90704345703125,0.755496561527252,8.36765384674072,1.6297482252121,5.93850898742676,27.1705474853516,85.7417984008789,8.05052089691162,1.82893562316895,0,0,
168,98.01776886,0,0,0,33.08275223,0,9.050542831,0,2.500030279,0,28.61350632,0,2.90999293327332,0.75629585981369,8.3784122467041,1.6330132484436,5.95787525177002,27.2259292602539,85.806640625,8.07524967193604,1.83089601993561,0,0,
169,98.21092224,0,0,0,33.11383057,0,9.058696747,0,2.502563477,0,28.66256332,0,2.91288614273071,0.757080614566803,8.38897037506104,1.63621711730957,5.97725820541382,27.2809638977051,85.8718338012695,8.09958362579346,1.8328195810318,0,0,
170,98.3998642,0,0,0,33.1442337,0,9.066665649,0,2.505046129,0,28.71054268,0,2.91572690010071,0.757852554321289,8.39933490753174,1.63936185836792,5.99664449691772,27.3356456756592,85.937370300293,8.12352848052979,1.83470773696899,0,0,
171,98.58457947,0,0,0,33.17392349,0,9.0744419099999991,0,2.507476807,0,28.75743866,0,2.91851258277893,0.758610248565674,8.40950393676758,1.64244711399078,6.01602220535278,27.3899707794189,86.0032424926758,8.14708614349365,1.83656013011932,0,0,
172,98.76716614,0,0,0,33.20330811,0,9.082121849,0,2.509884119,0,28.80379295,0,2.92124676704407,0.759355247020721,8.41948318481445,1.6454746723175,6.0353798866272,27.4439334869385,86.069450378418,8.17026233673096,1.83837795257568,0,0,
173,98.94553375,0,0,0,33.23198318,0,9.089615822,0,2.512239218,0,28.84906578,0,2.92393183708191,0.760088086128235,8.42927837371826,1.64844608306885,6.05470609664917,27.4975280761719,86.1359786987305,8.19306182861328,1.84016215801239,0,0,
174,99.12178802,0,0,0,33.26032257,0,9.097013474,0,2.514570475,0,28.89379692,0,2.92656946182251,0.760809123516083,8.43889236450195,1.651362657547,6.07399082183838,27.5507507324219,86.2028350830078,8.21549034118652,1.84191346168518,0,0,
175,99.29382324,0,0,0,33.28799057,0,9.104223251,0,2.516849279,0,28.93745041,0,2.92916011810303,0.761518537998199,8.44833087921143,1.65422570705414,6.0932240486145,27.6035976409912,86.2699890136719,8.23755264282227,1.84363269805908,0,0,
176,99.46372986,0,0,0,33.31529617,0,9.111335754,0,2.519103289,0,28.9805584,0,2.93170499801636,0.762216210365295,8.45759582519531,1.65703618526459,6.11239671707153,27.656063079834,86.3374557495117,8.25925254821777,1.84532058238983,0,0,
177,99.62943268,0,0,0,33.3419342,0,9.118264198,0,2.521304846,0,29.02259254,0,2.93420362472534,0.762902200222015,8.46669101715088,1.65979492664337,6.13149976730347,27.7081489562988,86.4052047729492,8.28059482574463,1.8469774723053,0,0,
178,99.79092407,0,0,0,33.36789703,0,9.12501049,0,2.523453712,0,29.06355667,0,2.9366512298584,0.763574421405792,8.47561168670654,1.66250050067902,6.15052461624146,27.7598457336426,86.4732513427734,8.30157947540283,1.84860217571259,0,0,
179,99.95028687,0,0,0,33.39351273,0,9.131663322,0,2.525577545,0,29.1039753,0,2.93904995918274,0.764233767986298,8.48436164855957,1.66515374183655,6.16946411132813,27.8111515045166,86.5415725708008,8.32220935821533,1.85019552707672,0,0,
180,100.1075439,0,0,0,33.4187851,0,9.138216972,0,2.527675867,0,29.14385414,0,2.94140672683716,0.764882922172546,8.49294853210449,1.6677577495575,6.18830966949463,27.8620624542236,86.6101760864258,8.34249496459961,1.85175931453705,0,0,
181,100.2605896,0,0,0,33.44337845,0,9.144591331,0,2.529720783,0,29.18265915,0,2.94372010231018,0.765521049499512,8.50137519836426,1.67031288146973,6.20705461502075,27.9125785827637,86.6790466308594,8.3624382019043,1.85329401493073,0,0,
182,100.4115219,0,0,0,33.46762466,0,9.15086937,0,2.53173995,0,29.22092247,0,2.94598960876465,0.766147613525391,8.50964260101318,1.6728196144104,6.22569274902344,27.9626941680908,86.7481689453125,8.38204288482666,1.85479938983917,0,0,
183,100.5603485,0,0,0,33.49155045,0,9.157054901,0,2.533734322,0,29.25865555,0,2.9482204914093,0.76676470041275,8.5177583694458,1.6752804517746,6.24421739578247,28.0124092102051,86.8175506591797,8.40131568908691,1.85627746582031,0,0,
184,100.7049713,0,0,0,33.51478577,0,9.163059235,0,2.535674095,0,29.29530716,0,2.95041036605835,0.767370879650116,8.52572345733643,1.67769527435303,6.26262283325195,28.0617198944092,86.8871841430664,8.42026138305664,1.85772812366486,0,0,
185,100.8474655,0,0,0,33.53767014,0,9.168972015,0,2.53758812,0,29.33142471,0,2.95255732536316,0.76796555519104,8.53353691101074,1.6800639629364,6.28090333938599,28.1106224060059,86.9570617675781,8.43888187408447,1.85915088653564,0,0,
186,100.9878616,0,0,0,33.56023026,0,9.174790382,0,2.539475918,0,29.36700439,0,2.95466613769531,0.768550574779511,8.54120540618896,1.68238878250122,6.29905414581299,28.1591148376465,87.0271759033203,8.45718383789063,1.86054718494415,0,0,
187,101.124054,0,0,0,33.58211136,0,9.180429459,0,2.541309834,0,29.40151596,0,2.95673441886902,0.769124686717987,8.54872798919678,1.68466937541962,6.31707000732422,28.2071971893311,87.0975112915039,8.47517013549805,1.86191701889038,0,0,
188,101.2581406,0,0,0,33.60364151,0,9.185976982,0,2.543117046,0,29.43548584,0,2.95876002311707,0.769687175750732,8.55610466003418,1.68690538406372,6.33494663238525,28.2548656463623,87.1680755615234,8.49284267425537,1.86326014995575,0,0,
189,101.3901138,0,0,0,33.6248436,0,9.191431046,0,2.544898272,0,29.46892166,0,2.96074771881104,0.770240008831024,8.56334114074707,1.68909883499146,6.35267972946167,28.3021221160889,87.2388458251953,8.5102071762085,1.86457753181458,0,0,
190,101.519989,0,0,0,33.64570236,0,9.19679451,0,2.546652794,0,29.50181961,0,2.96270060539246,0.770783960819244,8.57044315338135,1.69125139713287,6.37026500701904,28.3489627838135,87.3098220825195,8.52727127075195,1.86587059497833,0,0,
191,101.6477585,0,0,0,33.66621399,0,9.202066422,0,2.548380613,0,29.53418159,0,2.9646201133728,0.771319508552551,8.57741451263428,1.69336450099945,6.38769960403442,28.3953876495361,87.3810119628906,8.54404067993164,1.86714005470276,0,0,
192,101.7713242,0,0,0,33.68605423,0,9.20716095,0,2.550053596,0,29.56547546,0,2.96650195121765,0.771844565868378,8.58425331115723,1.69543719291687,6.40497970581055,28.4413967132568,87.4524002075195,8.56051635742188,1.86838519573212,0,0,
193,101.8948746,0,0,0,33.70590591,0,9.212249756,0,2.551728249,0,29.59676743,0,2.96834921836853,0.772360384464264,8.59096336364746,1.69747090339661,6.42210245132446,28.486988067627,87.5239791870117,8.57670307159424,1.86960697174072,0,0,
194,102.0142365,0,0,0,33.72505569,0,9.217161179,0,2.553347349,0,29.62698555,0,2.97016286849976,0.772867560386658,8.59754848480225,1.69946670532227,6.43906450271606,28.5321598052979,87.5957412719727,8.59260749816895,1.87080609798431,0,0,
195,102.131485,0,0,0,33.74389267,0,9.221985817,0,2.554939985,0,29.65667725,0,2.97193884849548,0.773364126682281,8.60400581359863,1.70142340660095,6.45586395263672,28.5769119262695,87.6676864624023,8.60822772979736,1.87198162078857,0,0,
196,102.2466354,0,0,0,33.76236725,0,9.226716995,0,2.556505203,0,29.68582344,0,2.97367978096008,0.773851335048676,8.61033821105957,1.70334219932556,6.47249794006348,28.6212463378906,87.7398071289063,8.62357044219971,1.87313437461853,0,0,
197,102.3596802,0,0,0,33.78052139,0,9.231360435,0,2.55804348,0,29.71444321,0,2.97538757324219,0.774329721927643,8.61654949188232,1.7052241563797,6.48896455764771,28.6651611328125,87.8120880126953,8.63864040374756,1.87426495552063,0,0,
198,102.4706268,0,0,0,33.79833984,0,9.235913277,0,2.559554815,0,29.74253082,0,2.97706365585327,0.774799704551697,8.62264156341553,1.70707023143768,6.50526142120361,28.7086544036865,87.8845367431641,8.65344142913818,1.87537395954132,0,0,
199,102.5794754,0,0,0,33.81579971,0,9.240377426,0,2.561038256,0,29.77007675,0,2.97870826721191,0.775261282920837,8.62861824035645,1.70888090133667,6.52138710021973,28.7517280578613,87.957145690918,8.66797924041748,1.87646186351776,0,0,
200,102.6862183,0,0,0,33.83293152,0,9.244752884,0,2.562494516,0,29.79709053,0,2.98032188415527,0.775714516639709,8.63448047637939,1.71065711975098,6.53734016418457,28.7943820953369,88.0299072265625,8.6822566986084,1.87752890586853,0,0,
201,102.7908707,0,0,0,33.84972763,0,9.249036789,0,2.563923836,0,29.82357788,0,2.98190450668335,0.776159465312958,8.64023113250732,1.71239924430847,6.55311870574951,28.8366165161133,88.1028137207031,8.69627857208252,1.87857568264008,0,0,
202,102.8934021,0,0,0,33.86619186,0,9.25323391,0,2.56532526,0,29.84952354,0,2.98345685005188,0.776596128940582,8.64587116241455,1.71410799026489,6.56872224807739,28.8784332275391,88.1758575439453,8.71004772186279,1.87960231304169,0,0,
203,102.9959488,0,0,0,33.88265991,0,9.257428169,0,2.566728354,0,29.87547493,0,2.98498439788818,0.777026653289795,8.65140914916992,1.71578574180603,6.58414936065674,28.9198322296143,88.2490310668945,8.72357273101807,1.88061058521271,0,0,
204,103.0942841,0,0,0,33.89843369,0,9.261445999,0,2.568074465,0,29.90035057,0,2.98648524284363,0.777450025081635,8.65684509277344,1.71743261814117,6.59939956665039,28.9608116149902,88.3223419189453,8.73685550689697,1.88160037994385,0,0,
205,103.1905365,0,0,0,33.91386795,0,9.265375137,0,2.569393158,0,29.92469788,0,2.98795223236084,0.777863264083862,8.66217231750488,1.71904635429382,6.61447191238403,29.0013751983643,88.3957748413086,8.74989604949951,1.88256978988647,0,0,
206,103.2867737,0,0,0,33.92931366,0,9.269306183,0,2.570712805,0,29.94904327,0,2.98939228057861,0.778269529342651,8.66739845275879,1.72062945365906,6.62936639785767,29.041524887085,88.4693222045898,8.7627010345459,1.88352108001709,0,0,
207,103.37883,0,0,0,33.94408798,0,9.273058891,0,2.571976185,0,29.972332,0,2.99080443382263,0.77866804599762,8.67252349853516,1.72218203544617,6.64408206939697,29.0812587738037,88.5429840087891,8.7752742767334,1.88445389270782,0,0,
208,103.470871,0,0,0,33.9588623,0,9.2768116,0,2.573240042,0,29.99561119,0,2.9921875,0.779058516025543,8.6775484085083,1.72370409965515,6.65861892700195,29.1205787658691,88.6167602539063,8.78761768341064,1.88536834716797,0,0,
209,103.5608215,0,0,0,33.97328949,0,9.280477524,0,2.574476242,0,30.01836205,0,2.99354696273804,0.779443025588989,8.68247985839844,1.72519779205322,6.67297649383545,29.1594848632813,88.6906280517578,8.79973697662354,1.88626611232758,0,0,
210,103.6486664,0,0,0,33.98738098,0,9.284053802,0,2.575684547,0,30.04058075,0,2.99487996101379,0.779820203781128,8.68731689453125,1.72666275501251,6.68715476989746,29.1979808807373,88.7646026611328,8.81163597106934,1.88714635372162,0,0,
211,103.7344131,0,0,0,34.00114059,0,9.287545204,0,2.576864719,0,30.0622654,0,2.99618554115295,0.780189454555511,8.69205856323242,1.72809863090515,6.70115423202515,29.2360649108887,88.8386688232422,8.82331562042236,1.88800930976868,0,0,
212,103.8180847,0,0,0,34.01456833,0,9.290947914,0,2.578016996,0,30.08342171,0,2.99746227264404,0.780550479888916,8.69670391082764,1.72950553894043,6.71497488021851,29.2737407684326,88.9128265380859,8.83477878570557,1.8888543844223,0,0,
213,103.9017334,0,0,0,34.0279808,0,9.294347763,0,2.57916975,0,30.1045723,0,2.99871563911438,0.780905485153198,8.70125961303711,1.7308851480484,6.72861671447754,29.3110084533691,88.9870681762695,8.84603023529053,1.88968324661255,0,0,
214,103.983284,0,0,0,34.04105759,0,9.297660828,0,2.580294371,0,30.12519264,0,2.99994850158691,0.781255304813385,8.70573043823242,1.73223912715912,6.74207973480225,29.3478698730469,89.0613861083984,8.85707569122314,1.89049696922302,0,0,
215,104.0627518,0,0,0,34.05381012,0,9.300886154,0,2.581390858,0,30.14528275,0,3.0011568069458,0.781598329544067,8.71011447906494,1.73356688022614,6.75536489486694,29.3843269348145,89.1357879638672,8.86791896820068,1.89129483699799,0,0,
216,104.1422119,0,0,0,34.06655121,0,9.304111481,0,2.58248806,0,30.16537094,0,3.00234460830688,0.781935811042786,8.71441745758057,1.73486995697021,6.76847314834595,29.4203834533691,89.2102661132813,8.87856388092041,1.89207792282104,0,0,
217,104.2174911,0,0,0,34.07863235,0,9.3071661,0,2.58352828,0,30.18440056,0,3.0035080909729,0.78226625919342,8.71863746643066,1.73614752292633,6.78140497207642,29.4560394287109,89.284797668457,8.88901138305664,1.89284574985504,0,0,
218,104.2927551,0,0,0,34.09070587,0,9.310216904,0,2.584568977,0,30.20343018,0,3.00464487075806,0.78258889913559,8.72277069091797,1.73739886283875,6.79416084289551,29.4912948608398,89.3593978881836,8.89926147460938,1.89359772205353,0,0,
219,104.3680191,0,0,0,34.10276794,0,9.313267708,0,2.585609913,0,30.22245026,0,3.00576519966125,0.782907724380493,8.72682857513428,1.73862791061401,6.80674171447754,29.5261554718018,89.4340515136719,8.90932464599609,1.89433634281158,0,0,
220,104.4391022,0,0,0,34.11417007,0,9.316145897,0,2.586593866,0,30.24041748,0,3.00686383247375,0.78322046995163,8.73080921173096,1.73983311653137,6.81914854049683,29.5606212615967,89.5087585449219,8.91920280456543,1.8950606584549,0,0,
221,104.5101776,0,0,0,34.12556076,0,9.319022179,0,2.587578058,0,30.25837708,0,3.00793719291687,0.783525586128235,8.73470783233643,1.74101376533508,6.83138227462769,29.5946941375732,89.5835189819336,8.92889404296875,1.89576995372772,0,0,
222,104.5812531,0,0,0,34.13696671,0,9.321899414,0,2.588563204,0,30.27634239,0,3.00899505615234,0.783827245235443,8.7385368347168,1.74217331409454,6.84344387054443,29.6283779144287,89.658317565918,8.93840980529785,1.89646697044373,0,0,
223,104.64814,0,0,0,34.14768982,0,9.324606895,0,2.589490414,0,30.29324532,0,3.01003193855286,0.78412276506424,8.7422924041748,1.74331045150757,6.85533475875854,29.6616725921631,89.7331619262695,8.9477481842041,1.89715039730072,0,0,
224,104.7150269,0,0,0,34.15842438,0,9.327312469,0,2.590418577,0,30.31015587,0,3.0110445022583,0.784410834312439,8.74596977233887,1.74442374706268,6.86705541610718,29.694580078125,89.8080444335938,8.95690822601318,1.89781951904297,0,0,
225,104.7819061,0,0,0,34.16914368,0,9.330014229,0,2.591346502,0,30.32704926,0,3.0120415687561,0.784695386886597,8.74958038330078,1.74551701545715,6.87860727310181,29.7271041870117,89.8829498291016,8.96590042114258,1.89847671985626,0,0,
226,104.8446121,0,0,0,34.17919159,0,9.332546234,0,2.592217207,0,30.34289551,0,3.01301741600037,0.784973740577698,8.75311946868896,1.74658858776093,6.88999128341675,29.7592487335205,89.9578857421875,8.97472286224365,1.89912068843842,0,0,
227,104.9094009,0,0,0,34.18957901,0,9.335161209,0,2.593117476,0,30.359264370000002,0,3.01397442817688,0.785246908664703,8.75658988952637,1.74763929843903,6.90120887756348,29.7910137176514,90.0328521728516,8.98338031768799,1.89975225925446,0,0,
228,104.9700012,0,0,0,34.19929886,0,9.337609291,0,2.593959808,0,30.37457657,0,3.01491403579712,0.785515367984772,8.75999450683594,1.74866998195648,6.91226196289063,29.8224048614502,90.1078338623047,8.99187755584717,1.90037167072296,0,0,
229,105.0306091,0,0,0,34.20902252,0,9.340053558,0,2.594802618,0,30.38988495,0,3.01583170890808,0.785777032375336,8.76332855224609,1.74967932701111,6.92315149307251,29.8534202575684,90.1828308105469,9.00021171569824,1.90097832679749,0,0,
230,105.0912094,0,0,0,34.21872711,0,9.342497826,0,2.595645428,0,30.40519333,0,3.01673531532288,0.786035418510437,8.7666015625,1.75067007541656,6.93387889862061,29.8840637207031,90.2578430175781,9.00839138031006,1.90157389640808,0,0,
231,105.1497192,0,0,0,34.2281189,0,9.344859123,0,2.596460104,0,30.41997719,0,3.01762461662292,0.786290049552917,8.76981449127197,1.75164306163788,6.94444513320923,29.9143409729004,90.3328704833984,9.01642036437988,1.90215861797333,0,0,
232,105.206131,0,0,0,34.23717117,0,9.3471317290000009,0,2.597245932,0,30.43423271,0,3.01849341392517,0.786538422107697,8.77296352386475,1.75259625911713,6.95485258102417,29.9442520141602,90.4078903198242,9.02429580688477,1.9027316570282,0,0,
233,105.262558,0,0,0,34.24620819,0,9.349404335,0,2.598031998,0,30.44848061,0,3.01934409141541,0.786781549453735,8.77604961395264,1.75353014469147,6.96510171890259,29.9737987518311,90.4829254150391,9.03202152252197,1.90329301357269,0,0,
234,105.3168793,0,0,0,34.25491714,0,9.351592064,0,2.598788977,0,30.46220398,0,3.02017736434937,0.787019908428192,8.77907466888428,1.75444555282593,6.97519493103027,30.0029850006104,90.5579528808594,9.03960132598877,1.90384316444397,0,0,
235,105.3712006,0,0,0,34.26364136,0,9.353778839,0,2.599546671,0,30.47592735,0,3.02099418640137,0.787253618240356,8.78203964233398,1.75534284114838,6.98513269424438,30.0318126678467,90.6329803466797,9.04703712463379,1.90438258647919,0,0,
236,105.4234314,0,0,0,34.27200317,0,9.355881691,0,2.600275278,0,30.48911858,0,3.02179503440857,0.787482976913452,8.78494644165039,1.75622248649597,6.99491739273071,30.0602855682373,90.7079925537109,9.05433177947998,1.90491127967834,0,0,
237,105.4756622,0,0,0,34.2803688,0,9.357981682,0,2.601003885,0,30.50230598,0,3.02258014678955,0.78770786523819,8.78779602050781,1.75708484649658,7.00455045700073,30.0884056091309,90.7829895019531,9.06148719787598,1.90542960166931,0,0,
238,105.5278854,0,0,0,34.28874588,0,9.360082626,0,2.601732969,0,30.51549721,0,3.02335548400879,0.78793066740036,8.79059600830078,1.75793242454529,7.01403331756592,30.1161766052246,90.8579711914063,9.06851100921631,1.90593898296356,0,0,
239,105.5759354,0,0,0,34.29645157,0,9.362014771,0,2.602404356,0,30.52763557,0,3.02411341667175,0.788147985935211,8.79333972930908,1.7587628364563,7.0233678817749,30.1436004638672,90.9329376220703,9.07540035247803,1.90643835067749,0,0,
240,105.6260757,0,0,0,34.30448532,0,9.364028931,0,2.603104591,0,30.54029465,0,3.02485489845276,0.788360416889191,8.79602813720703,1.75957643985748,7.032555103302,30.1706809997559,91.0078735351563,9.08215808868408,1.90692746639252,0,0,
241,105.67411800000001,0,0,0,34.31218338,0,9.365959167,0,2.603776217,0,30.55242729,0,3.02558541297913,0.788570404052734,8.79866790771484,1.76037573814392,7.04159688949585,30.1974201202393,91.0827941894531,9.08879089355469,1.9074079990387,0,0,
242,105.7200699,0,0,0,34.31956482,0,9.367807388,0,2.604418755,0,30.56403351,0,3.02629852294922,0.788774788379669,8.80125331878662,1.76115822792053,7.05049514770508,30.2238216400146,91.1576766967773,9.09529495239258,1.90787839889526,0,0,
243,105.7660141,0,0,0,34.32691574,0,9.369650841,0,2.605061293,0,30.575634,0,3.02699494361877,0.788974285125732,8.80378532409668,1.76192426681519,7.05925130844116,30.2498874664307,91.232536315918,9.1016731262207,1.90833878517151,0,0,
244,105.8119736,0,0,0,34.33427811,0,9.371494293,0,2.605704308,0,30.5872345,0,3.02768039703369,0.789171278476715,8.80627059936523,1.76267611980438,7.06786727905273,30.2756195068359,91.3073577880859,9.10793018341064,1.90879058837891,0,0,
245,105.8558426,0,0,0,34.34132004,0,9.373254776,0,2.606318235,0,30.59831429,0,3.0283534526825,0.78936493396759,8.80870723724365,1.76341366767883,7.07634449005127,30.3010215759277,91.3821487426758,9.11406993865967,1.90923404693604,0,0,
246,105.8996964,0,0,0,34.34835052,0,9.375015259,0,2.60693264,0,30.60938644,0,3.02901339530945,0.78955465555191,8.81109714508057,1.76413702964783,7.0846848487854,30.326099395752,91.4568939208984,9.12009239196777,1.90966892242432,0,0,
247,105.9414749,0,0,0,34.35503769,0,9.376690865,0,2.607517481,0,30.61993408,0,3.02965927124023,0.789740204811096,8.81343936920166,1.76484572887421,7.09288930892944,30.35085105896,91.5316009521484,9.12599849700928,1.91009485721588,0,0,
248,105.9832382,0,0,0,34.36174011,0,9.378365517,0,2.608102798,0,30.63047981,0,3.03029084205627,0.789921522140503,8.81573295593262,1.76553976535797,7.10096025466919,30.3752822875977,91.6062545776367,9.13179016113281,1.91051197052002,0,0,
249,106.0250092,0,0,0,34.36843872,0,9.380039215,0,2.608688116,0,30.64102554,0,3.03091359138489,0.790100753307343,8.81798553466797,1.76622128486633,7.10889911651611,30.3993949890137,91.6808624267578,9.13747310638428,1.91092169284821,0,0,
250,106.0646896,0,0,0,34.37479019,0,9.381628036,0,2.609244347,0,30.65103912,0,3.03152441978455,0.790276765823364,8.82019519805908,1.76688992977142,7.11670780181885,30.4231929779053,91.7554244995117,9.14304733276367,1.91132378578186,0,0,
251,106.1043701,0,0,0,34.38114166,0,9.383217812,0,2.609800816,0,30.66105843,0,3.03212285041809,0.790448904037476,8.82236099243164,1.76754522323608,7.12438774108887,30.4466781616211,91.8299255371094,9.14851570129395,1.91171777248383,0,0,
252,106.1419525,0,0,0,34.3871727,0,9.384723663,0,2.610328197,0,30.67054749,0,3.03270745277405,0.790617048740387,8.82448196411133,1.76818704605103,7.13194036483765,30.469856262207,91.9043731689453,9.1538782119751,1.91210353374481,0,0,
253,106.181633,0,0,0,34.39353943,0,9.386313438,0,2.610884905,0,30.68056488,0,3.03328347206116,0.790783166885376,8.82656478881836,1.76881730556488,7.13936758041382,30.4927272796631,91.978759765625,9.15913963317871,1.91248250007629,0,0,
254,106.2171326,0,0,0,34.39921188,0,9.387731552,0,2.611382961,0,30.68951988,0,3.03384852409363,0.790946006774902,8.8286075592041,1.76943552494049,7.14667081832886,30.5152969360352,92.0530853271484,9.16429996490479,1.91285419464111,0,0,
255,106.2547226,0,0,0,34.40525055,0,9.389239311,0,2.61191082,0,30.69901276,0,3.03440070152283,0.791105031967163,8.83060836791992,1.77004098892212,7.15385246276855,30.5375652313232,92.1273498535156,9.16936016082764,1.9132182598114,0,0,
256,106.2902145,0,0,0,34.41093826,0,9.390658379,0,2.612409353,0,30.70797157,0,3.0349452495575,0.791262269020081,8.83257389068604,1.77063596248627,7.16091346740723,30.5595378875732,92.2015380859375,9.17432498931885,1.91357600688934,0,0,
257,106.3257065,0,0,0,34.41662598,0,9.392080307,0,2.612907887,0,30.7169342,0,3.03547930717468,0.791416227817535,8.83450126647949,1.77121949195862,7.16785621643066,30.5812149047852,92.2756576538086,9.17919635772705,1.91392695903778,0,0,
258,106.3591232,0,0,0,34.42198944,0,9.393417358,0,2.613377571,0,30.7253685,0,3.03600120544434,0.791566491127014,8.83639049530029,1.7717912197113,7.17468166351318,30.6026000976563,92.3497085571289,9.18397235870361,1.91427075862885,0,0,
259,106.3925171,0,0,0,34.42733002,0,9.394751549,0,2.613846779,0,30.73379517,0,3.03650951385498,0.791712582111359,8.83823871612549,1.7723503112793,7.18139123916626,30.6236991882324,92.4236907958984,9.18865489959717,1.91460692882538,0,0,
260,106.4259338,0,0,0,34.43267822,0,9.396086693,0,2.614316463,0,30.74222755,0,3.03700947761536,0.791856706142426,8.84005165100098,1.77289879322052,7.18798685073853,30.6445121765137,92.4975891113281,9.19324779510498,1.91493654251099,0,0,
261,106.4572525,0,0,0,34.43770218,0,9.397338867,0,2.614757061,0,30.75013351,0,3.03749871253967,0.791997671127319,8.84182739257813,1.77343606948853,7.19447040557861,30.6650428771973,92.5714111328125,9.19775104522705,1.91525948047638,0,0,
262,106.4885712,0,0,0,34.44271851,0,9.398589134,0,2.61519742,0,30.75803566,0,3.0379753112793,0.792134761810303,8.84356498718262,1.77396142482758,7.200843334198,30.6852931976318,92.6451568603516,9.20216464996338,1.9155752658844,0,0,
263,106.5198822,0,0,0,34.44773483,0,9.399842262,0,2.615637779,0,30.76593781,0,3.03844380378723,0.792270004749298,8.84526824951172,1.77447664737701,7.20710706710815,30.7052669525146,92.7188110351563,9.20649337768555,1.91588485240936,0,0,
264,106.5512009,0,0,0,34.45275116,0,9.401090622,0,2.616078615,0,30.77383995,0,3.03890752792358,0.792404234409332,8.84694290161133,1.77498304843903,7.21326303482056,30.724967956543,92.7923812866211,9.21074104309082,1.91618931293488,0,0,
265,106.5804367,0,0,0,34.45743179,0,9.402258873,0,2.616490126,0,30.78121948,0,3.03936243057251,0.792535901069641,8.84858512878418,1.77548003196716,7.21931266784668,30.7443981170654,92.8658676147461,9.2149076461792,1.91648817062378,0,0,
266,106.6096497,0,0,0,34.46212387,0,9.403427124,0,2.616901398,0,30.78859329,0,3.0398063659668,0.792663991451263,8.85019302368164,1.77596664428711,7.22525835037231,30.7635593414307,92.9392623901367,9.21899127960205,1.91678047180176,0,0,
267,106.6388855,0,0,0,34.46680832,0,9.404592514,0,2.617312908,0,30.79597092,0,3.04024314880371,0.792790293693542,8.85177135467529,1.77644419670105,7.23110103607178,30.7824554443359,93.012565612793,9.22299766540527,1.91706764698029,0,0,
268,106.6660233,0,0,0,34.4711647,0,9.405675888,0,2.617695332,0,30.80282211,0,3.04067015647888,0.792913436889648,8.8533182144165,1.77691185474396,7.23684215545654,30.8010921478271,93.0857696533203,9.22692584991455,1.91734898090363,0,0,
269,106.6952438,0,0,0,34.47582245,0,9.406841278,0,2.618106365,0,30.81018829,0,3.04109072685242,0.793035089969635,8.85483646392822,1.7773711681366,7.24248361587524,30.8194694519043,93.1588897705078,9.23077964782715,1.91762518882751,0,0,
270,106.7202911,0,0,0,34.47985077,0,9.407840729,0,2.618459702,0,30.81651115,0,3.04150128364563,0.793153762817383,8.8563232421875,1.77782118320465,7.2480263710022,30.8375911712646,93.2319107055664,9.23455715179443,1.91789567470551,0,0,
271,106.7474365,0,0,0,34.48420334,0,9.408924103,0,2.618842125,0,30.82336426,0,3.04190039634705,0.79326868057251,8.8577766418457,1.77826082706451,7.25347232818604,30.8554573059082,93.3048248291016,9.23826026916504,1.91816008090973,0,0,
272,106.7745743,0,0,0,34.48854446,0,9.41000843,0,2.619225025,0,30.83021164,0,3.04229807853699,0.793384194374084,8.85920906066895,1.77869415283203,7.25882291793823,30.8730735778809,93.3776397705078,9.24189567565918,1.91842067241669,0,0,
273,106.799614,0,0,0,34.49256134,0,9.411005974,0,2.619577885,0,30.83653069,0,3.04268884658813,0.793497622013092,8.86061382293701,1.77911949157715,7.26407957077026,30.8904457092285,93.4503555297852,9.24546146392822,1.91867661476135,0,0,
274,106.8246613,0,0,0,34.49656296,0,9.412003517,0,2.619930744,0,30.84284592,0,3.04306983947754,0.793607652187347,8.86198997497559,1.77953600883484,7.2692437171936,30.9075717926025,93.5229644775391,9.24895763397217,1.91892695426941,0,0,
275,106.8476334,0,0,0,34.50024796,0,9.412920952,0,2.620254993,0,30.84864426,0,3.04343891143799,0.793713867664337,8.86333465576172,1.7799426317215,7.27431678771973,30.9244556427002,93.5954666137695,9.25238227844238,1.9191712141037,0,0,
276,106.8726807,0,0,0,34.50426102,0,9.413917542,0,2.620608091,0,30.8549633,0,3.04380059242249,0.793818175792694,8.86465167999268,1.78034102916718,7.27930021286011,30.9411010742188,93.6678619384766,9.25574016571045,1.91941058635712,0,0,
277,106.8956375,0,0,0,34.50793457,0,9.414834023,0,2.620931864,0,30.86075401,0,3.0441575050354,0.793921649456024,8.86594486236572,1.78073227405548,7.28419542312622,30.9575080871582,93.7401504516602,9.25903415679932,1.9196457862854,0,0,
278,106.918602,0,0,0,34.51161575,0,9.415747643,0,2.621255875,0,30.86654854,0,3.04450607299805,0.79402232170105,8.86721038818359,1.78111517429352,7.28900384902954,30.9736804962158,93.8123245239258,9.26226234436035,1.91987586021423,0,0,
279,106.9415588,0,0,0,34.51530075,0,9.416664124,0,2.621580124,0,30.87234306,0,3.04484915733337,0.794121742248535,8.86845302581787,1.78149092197418,7.29372692108154,30.9896240234375,93.8843841552734,9.26542854309082,1.92010176181793,0,0,
280,106.9645233,0,0,0,34.51897812,0,9.41757679,0,2.621904135,0,30.87813377,0,3.04518890380859,0.794220566749573,8.86967468261719,1.78186070919037,7.29836559295654,31.0053405761719,93.9563293457031,9.26853656768799,1.92032420635223,0,0,
281,106.9853973,0,0,0,34.52232742,0,9.418409348,0,2.62219882,0,30.88340187,0,3.04552054405212,0.794316709041595,8.87087249755859,1.7822231054306,7.30292129516602,31.0208301544189,94.0281600952148,9.27158260345459,1.92054212093353,0,0,
282,107.0062637,0,0,0,34.5256691,0,9.4192409519999991,0,2.622493744,0,30.88866806,0,3.04584217071533,0.794409394264221,8.87204265594482,1.78257691860199,7.30739545822144,31.0360984802246,94.0998764038086,9.27456760406494,1.92075479030609,0,0,
283,107.0271225,0,0,0,34.52899933,0,9.420070648,0,2.622788191,0,30.89392853,0,3.04615712165833,0.794500350952148,8.87318897247314,1.78292322158813,7.31178998947144,31.0511455535889,94.1714706420898,9.27749347686768,1.92096304893494,0,0,
284,107.0479965,0,0,0,34.53234863,0,9.420903206,0,2.623082876,0,30.89919472,0,3.04646778106689,0.79459035396575906,8.87431335449219,1.78326344490051,7.31610536575317,31.065975189209,94.2429428100586,9.28036403656006,1.92116749286652,0,0,
285,107.0688782,0,0,0,34.53569794,0,9.421731949,0,2.623378038,0,30.90446091,0,3.04677581787109,0.794680058956146,8.87541961669922,1.78359842300415,7.32034301757813,31.0805912017822,94.3142929077148,9.28318119049072,1.92136895656586,0,0,
286,107.0876541,0,0,0,34.53870392,0,9.422480583,0,2.62364316,0,30.90919685,0,3.04707646369934,0.794767320156097,8.87650394439697,1.78392648696899,7.32450485229492,31.0949954986572,94.3855209350586,9.28594303131104,1.92156636714935,0,0,
287,107.1064377,0,0,0,34.5417099,0,9.423228264,0,2.62390852,0,30.91393661,0,3.04736709594727,0.794851005077362,8.87756252288818,1.78424656391144,7.32859134674072,31.109188079834,94.4566192626953,9.28864765167236,1.9217586517334,0,0,
288,107.1252213,0,0,0,34.54473114,0,9.423975945,0,2.624174118,0,30.91868019,0,3.04765105247498,0.794932961463928,8.87859916687012,1.7845597267150899,7.332603931427,31.1231727600098,94.5275955200195,9.29129886627197,1.92194712162018,0,0,
289,107.1439972,0,0,0,34.54773331,0,9.424722672,0,2.624439478,0,30.92341232,0,3.04793119430542,0.795014202594757,8.87961578369141,1.78486728668213,7.33654403686523,31.1369533538818,94.5984497070313,9.29389953613281,1.92213213443756,0,0,
290,107.1627808,0,0,0,34.55073929,0,9.425469398,0,2.624705076,0,30.92815208,0,3.04820895195007,0.795095026493073,8.88061618804932,1.78516972064972,7.34041213989258,31.1505317687988,94.6691741943359,9.29644966125488,1.92231404781342,0,0,
291,107.1815643,0,0,0,34.55376053,0,9.426218033,0,2.624970913,0,30.93289375,0,3.04848504066467,0.795175611972809,8.88160133361816,1.78546798229218,7.34421014785767,31.1639137268066,94.7397613525391,9.29895496368408,1.92249357700348,0,0,
292,107.1982651,0,0,0,34.55643082,0,9.42688179,0,2.625206947,0,30.93710327,0,3.04875421524048,0.795253872871399,8.88256740570068,1.78576028347015,7.34793901443481,31.1770973205566,94.8102264404297,9.30141067504883,1.92266964912415,0,0,
293,107.2149506,0,0,0,34.5591011,0,9.427544594,0,2.625442982,0,30.9413147,0,3.04901385307312,0.795328676700592,8.88350963592529,1.78604543209076,7.3516001701355,31.1900863647461,94.8805541992188,9.3038158416748,1.92284119129181,0,0,
294,107.2316513,0,0,0,34.56176758,0,9.428211212,0,2.625678778,0,30.94552231,0,3.04926729202271,0.795401751995087,8.88443183898926,1.78632426261902,7.35519504547119,31.2028846740723,94.9507446289063,9.30617332458496,1.92300879955292,0,0,
295,107.2483444,0,0,0,34.56444931,0,9.428874969,0,2.6259150509999998,0,30.94973373,0,3.04951691627502,0.795474052429199,8.88533687591553,1.78659808635712,7.35872411727905,31.2154941558838,95.0208053588867,9.30848598480225,1.9231733083725,0,0,
296,107.2650375,0,0,0,34.56712341,0,9.429537773,0,2.626151085,0,30.95394135,0,3.04976391792297,0.795545995235443,8.88622665405273,1.78686738014221,7.3621883392334,31.2279167175293,95.0907287597656,9.31075477600098,1.92333519458771,0,0,
297,107.2796402,0,0,0,34.56946182,0,9.430117607,0,2.626357794,0,30.95763016,0,3.05000352859497,0.795615434646606,8.88709735870361,1.78713059425354,7.3655891418457,31.2401523590088,95.1605224609375,9.3129768371582,1.92349338531494,0,0,
298,107.2963486,0,0,0,34.57214355,0,9.430781364,0,2.626594305,0,30.9618454,0,3.05023884773254,0.795683681964874,8.8879508972168,1.78738844394684,7.36892747879028,31.2522087097168,95.2301712036133,9.31515598297119,1.92364859580994,0,0,
299,107.3109589,0,0,0,34.57447052,0,9.431361198,0,2.626801014,0,30.96552658,0,3.05047106742859,0.795751333236694,8.88878917694092,1.787642121315,7.37220478057861,31.2640838623047,95.2996826171875,9.31729412078857,1.92380118370056,0,0,
300,107.3255615,0,0,0,34.57683182,0,9.431941986,0,2.627007961,0,30.96921349,0,3.05069613456726,0.795816421508789,8.88960838317871,1.7878897190094,7.37542152404785,31.2757816314697,95.3690567016602,9.3193883895874,1.92394995689392,0,0,
