"Time Step","Softwood Merchantable","Hardwood Merchantable","Softwood Submerchantable","Hardwood Submerchantable","Softwood Other","Hardwood Other","Softwood Foliage","Hardwood Foliage","Softwood Fine Roots","Hardwood Fine Roots","Softwood Coarse Roots","Hardwood Coarse Roots","Aboveground Very Fast DOM","Belowground Very Fast DOM","Aboveground Fast DOM","Belowground Fast DOM","Medium DOM","Aboveground Slow DOM","Belowground Slow DOM","Softwood Stem Snag","Softwood Branch Snag","Hardwood Stem Snag","Hardwood Branch Snag",
0,0.001203170978,0,0,0,0,0,0.1506031305,0,0.01430830639,0,0.01939269155,0,8.71001815795898,1.02612388134003,51.893928527832,14.7242937088013,19.148832321167,33.1470909118652,95.8701248168945,2.65508788288571e-6,0,0,0,
1,0.008035892621,0,0,0,0.1482277513,0,0.3330316544,0,0.04577391595,0,0.06284964085,0,5.51637601852417,0.503316521644592,44.2400398254395,12.5523052215576,18.4125308990479,34.4146919250488,96.2197952270508,2.29089419008233e-5,6.8646704312413e-4,0,0,
2,0.02440047637,0,0,0,0.4296538234,0,0.5144300461,0,0.08964615315,0,0.1253573596,0,3.52063894271851,0.255128651857376,37.721363067627,10.7012119293213,17.7045421600342,35.2513236999512,96.4745864868164,9.33282208279707e-5,0.0032485097181052,0,0,
3,0.05364853889,0,0,0,0.8187608123,0,0.6969622374,0,0.1433510929,0,0.2050494105,0,2.28289771080017,0.142122060060501,32.1738128662109,9.12382411956787,17.0237808227539,35.7747116088867,96.6651916503906,2.6083886041306e-4,0.00848960224539042,0,0,
4,0.0988214463,0,0,0,1.300814033,0,0.878713429,0,0.2048875839,0,0.3009058833,0,1.52516341209412,0.0961814075708389,27.457052230835,7.77990341186523,16.3691997528076,36.0665588378906,96.8092803955078,5.8409961638972e-4,0.0168931111693382,0,0,
5,0.1627360582,0,0,0,1.863506198,0,1.058531404,0,0.2725428343,0,0.4122769237,0,1.07158470153809,0.0839173272252083,23.451135635376,6.63514041900635,15.7397985458374,36.184741973877,96.917839050293,0.00113172805868089,0.0287367440760136,0,0,
6,0.248025164,0,0,0,2.495990276,0,1.235660791,0,0.3447999656,0,0.5386881828,0,0.81083208322525,0.0888530015945435,20.0535354614258,5.66028261184692,15.134614944458,36.1711349487305,96.9982528686523,0.0019808947108686,0.0441447682678699,0,0,
7,0.3571577966,0,0,0,3.188406706,0,1.409583569,0,0.4203027487,0,0.6797401905,0,0.672338604927063,0.10275787115097,17.1765918731689,4.83038997650146,14.5527276992798,36.0567092895508,97.0558700561523,0.00321612320840359,0.063124880194664,0,0,
8,0.4924485683,0,0,0,3.931625128,0,1.579936028,0,0.4978405237,0,0.8350496292,0,0.611297070980072,0.121432475745678,14.7453365325928,4.12419843673706,13.9932527542114,35.8648681640625,97.0947875976563,0.00492821540683508,0.0855955332517624,0,0,
9,0.6560606956,0,0,0,4.717094421,0,1.746461749,0,0.5763414502,0,1.004213572,0,0.599188804626465,0.142658367753029,12.6956205368042,3.52357697486877,13.45534324646,35.6136322021484,97.1182479858398,0.00721325958147645,0.111406892538071,0,0,
10,0.8500044346,0,0,0,5.536753654,0,1.908982158,0,0.6548677087,0,1.186786652,0,0.617804825305939,0.165201023221016,10.9725322723389,3.0130672454834,12.9381875991821,35.3171195983887,97.12890625,0.0101716900244355,0.140357106924057,0,0,
11,1.076133013,0,0,0,6.382980347,0,2.067376375,0,0.7326108217,0,1.38226974,0,0.655471324920654,0.1883245408535,9.52903938293457,2.57948660850525,12.4410076141357,34.9865417480469,97.1289672851563,0.0139073841273785,0.1722052693367,0,0,
12,1.33613658,0,0,0,7.248555183,0,2.221568108,0,0.808886528,0,1.590103149,0,0.704666256904602,0.211555063724518,8.32483386993408,2.21159291267395,11.9630613327026,34.6309089660645,97.120246887207,0.0185267813503742,0.206681832671165,0,0,
13,1.631534576,0,0,0,8.126649857,0,2.371515751,0,0.8831278086,0,1.809665561,0,0.76051390171051,0.234564900398254,7.32534742355347,1.89979791641235,11.5036344528198,34.257511138916,97.1042861938477,0.0241380147635937,0.243497058749199,0,0,
14,1.963667512,0,0,0,9.010814667,0,2.517205,0,0.9548777938,0,2.040276766,0,0.819832861423492,0.257115066051483,6.50091075897217,1.63592219352722,11.0620460510254,33.8722915649414,97.0823593139648,0.0308500602841377,0.28234788775444,0,0,
15,2.333688736,0,0,0,9.894982338,0,2.658643961,0,1.023780227,0,2.281203747,0,0.880533695220947,0.279026091098785,5.82604026794434,1.41298711299896,10.6376438140869,33.480094909668,97.055534362793,0.0387718789279461,0.322923749685287,0,0,
16,2.742555141,0,0,0,10.77346325,0,2.795857906,0,1.089570642,0,2.531666279,0,0.941236555576324,0.300162464380264,5.27882862091064,1.22503697872162,10.2298040390015,33.0848808288574,97.0246810913086,0.0480115748941898,0.364911288022995,0,0,
17,3.191019535,0,0,0,11.640958789999999,0,2.928886414,0,1.152066708,0,2.790845156,0,1.00102758407593,0.320423513650894,4.84042692184448,1.06698822975159,9.83793067932129,32.6898727416992,96.9905471801758,0.0586755536496639,0.407998412847519,0,0,
18,3.679621458,0,0,0,12.49255848,0,3.057780743,0,1.211157918,0,3.057893753,0,1.05930364131927,0.339737504720688,4.4946026802063,0.934500098228455,9.46145343780518,32.2976913452148,96.9537353515625,0.0708676874637604,0.451877653598785,0,0,
19,4.208681107,0,0,0,13.3237524,0,3.182601452,0,1.266795993,0,3.331941605,0,1.11567175388336,0.358057260513306,4.22736406326294,0.823864817619324,9.09982776641846,31.9104461669922,96.9147491455078,0.0846884921193123,0.496249079704285,0,0,
20,4.778292656,0,0,0,14.1304369,0,3.303416729,0,1.318986058,0,3.612110615,0,1.16988360881805,0.375356435775757,4.02664041519165,0.731914281845093,8.75253200531006,31.5298233032227,96.8739929199219,0.100234299898148,0.54082280397415206,0,0,
21,5.388319492,0,0,0,14.90891361,0,3.420300722,0,1.36777699,0,3.897515774,0,1.22179245948792,0.391626507043839,3.88201022148132,0.655940294265747,8.41906833648682,31.1571464538574,96.8318176269531,0.117596484720707,0.585321068763733,0,0,
22,6.038388729,0,0,0,15.6559,0,3.533332586,0,1.413253546,0,4.187278748,0,1.27132415771484,0.406873643398285,3.78446865081787,0.593626618385315,8.09896183013916,30.7934398651123,96.7884826660156,0.13686066865921,0.629479885101318,0,0,
23,6.727891922,0,0,0,16.36853027,0,3.642595291,0,1.455528736,0,4.480533123,0,1.31845676898956,0.421116322278976,3.72623181343079,0.542991399765015,7.79175567626953,30.4394721984863,96.7442245483398,0.158105969429016,0.673050820827484,0,0,
24,7.455981255,0,0,0,17.04435158,0,3.748173952,0,1.494737625,0,4.776431084,0,1.36320734024048,0.434382796287537,3.7005660533905,0.502337694168091,7.49701595306396,30.095796585083,96.69921875,0.181404292583466,0.715802073478699,0,0,
25,8.221574783,0,0,0,17.68132973,0,3.850157022,0,1.531030416,0,5.074149132,0,1.40562057495117,0.44670906662941,3.70164823532104,0.470212072134018,7.21432638168335,29.7627906799316,96.6536254882813,0.206819638609886,0.757519721984863,0,0,
26,9.023353577,0,0,0,18.27783394,0,3.948633432,0,1.564568162,0,5.37289238,0,1.44576179981232,0.458136796951294,3.72444200515747,0.445368379354477,6.94328880310059,29.4406776428223,96.607551574707,0.234407499432564,0.798008441925049,0,0,
27,9.85977459,0,0,0,18.83264732,0,4.043693542,0,1.595517635,0,5.671899796,0,1.4837110042572,0.468711763620377,3.76459383964539,0.426737785339355,6.68352174758911,29.1295509338379,96.5611114501953,0.264214217662811,0.837092220783234,0,0,
28,11.49054241,0,0,0,18.15371323,0,3.981157064,0,1.612984538,0,5.851856709,0,1.51357352733612,0.477620959281921,3.80260825157166,0.412897318601608,6.4346604347229,28.8282508850098,96.5141830444336,0.297956854104996,0.869097948074341,0,0,
29,12.29336262,0,0,0,18.31756973,0,4.042914867,0,1.632257938,0,6.06089592,0,1.53610336780548,0.484811335802078,3.83281421661377,0.402756839990616,6.19640636444092,28.5355434417725,96.4666442871094,0.335362046957016,0.893392860889435,0,0,
30,13.11352921,0,0,0,18.4834919,0,4.10618782,0,1.650950074,0,6.275162697,0,1.55809950828552,0.491261869668961,3.86665606498718,0.395916700363159,5.96846437454224,28.251335144043,96.4185028076172,0.374455660581589,0.915172576904297,0,0,
31,13.95102978,0,0,0,18.6515007,0,4.170865059,0,1.669054151,0,6.49464035,0,1.57973277568817,0.497261941432953,3.90348052978516,0.391934484243393,5.75048971176147,27.9755325317383,96.3698196411133,0.41522878408432,0.934874832630157,0,0,
32,14.80585289,0,0,0,18.82161522,0,4.236850739,0,1.68656683,0,6.719312191,0,1.60110342502594,0.502951145172119,3.94276833534241,0.390432894229889,5.54215145111084,27.7080459594727,96.3206481933594,0.457672864198685,0.952864706516266,0,0,
33,15.67302036,0,0,0,18.99286842,0,4.303673267,0,1.703394175,0,6.947849274,0,1.6222470998764,0.508389949798584,3.98409008979797,0.391084551811218,5.34313011169434,27.4487800598145,96.2710723876953,0.501768827438354,0.96944218873977706,0,0,
34,16.55505943,0,0,0,19.16578484,0,4.371448994,0,1.719599605,0,7.18088913,0,1.64317178726196,0.513605177402496,4.02709674835205,0.393607467412949,5.15311813354492,27.1976318359375,96.2211456298828,0.547493100166321,0.984855234622955,0,0,
35,17.4470787,0,0,0,19.33943176,0,4.439739227,0,1.735112786,0,7.417114735,0,1.66387176513672,0.518609523773193,4.07150459289551,0.397758334875107,4.97181940078735,26.9544944763184,96.1709365844727,0.59481817483902,0.999308705329895,0,0,
36,18.35404015,0,0,0,19.51480484,0,4.508861065,0,1.750040889,0,7.657810211,0,1.6843433380127,0.523411929607391,4.11708831787109,0.403329610824585,4.79894828796387,26.7192573547363,96.1205062866211,0.64371794462204,1.0129736661911,0,0,
37,19.26865578,0,0,0,19.69051743,0,4.578209877,0,1.764289379,0,7.901010036,0,1.70457637310028,0.528017699718475,4.16366386413574,0.410141438245773,4.63422870635986,26.4918041229248,96.0698928833008,0.694162666797638,1.0259907245636,0,0,
38,20.19344902,0,0,0,19.867076870000002,0,4.647932053,0,1.777929068,0,8.147348404,0,1.72454738616943,0.532427489757538,4.21106815338135,0.418034881353378,4.47739458084106,26.2720127105713,96.0191345214844,0.746113419532776,1.03847336769104,0,0,
39,21.12846565,0,0,0,20.04452324,0,4.717994213,0,1.790990233,0,8.396808624,0,1.74425578117371,0.536649644374847,4.25918292999268,0.426877021789551,4.32818984985352,26.0597591400146,95.9682846069336,0.799539029598236,1.05051851272583,0,0,
40,22.06897545,0,0,0,20.22198868,0,4.788008213,0,1.803440809,0,8.648091316,0,1.76368749141693,0.540688037872314,4.30789852142334,0.436548978090286,4.18636608123779,25.854923248291,95.917366027832,0.854399621486664,1.06220304965973,0,0,
41,23.01746368,0,0,0,20.39996719,0,4.8581357,0,1.815350294,0,8.901824951,0,1.782830119133,0.544547438621521,4.35712051391602,0.446946501731873,4.05168390274048,25.6573734283447,95.8664245605469,0.910652160644531,1.07358956336975,0,0,
42,23.97161865,0,0,0,20.57805824,0,4.928183079,0,1.826725245,0,9.157360077,0,1.80168282985687,0.548236131668091,4.40677499771118,0.45798072218895,3.92391109466553,25.4669818878174,95.8154907226563,0.96825635433197,1.0847305059433,0,0,
43,24.93152237,0,0,0,20.75629616,0,4.998135567,0,1.837602854,0,9.414678574,0,1.82024264335632,0.551761448383331,4.45679569244385,0.469572961330414,3.80282378196716,25.2836227416992,95.7645874023438,1.02716898918152,1.09566795825958,0,0,
44,25.89490318,0,0,0,20.93430328,0,5.067816257,0,1.847995162,0,9.673144341,0,1.83850693702698,0.555130958557129,4.50712251663208,0.481653422117233,3.68820524215698,25.1071662902832,95.7137451171875,1.08734428882599,1.10643517971039,0,0,
45,26.8642025,0,0,0,21.11254883,0,5.137391567,0,1.857964516,0,9.933375359,0,1.85648095607758,0.558353960514069,4.55770874023438,0.494162440299988,3.5798454284668,24.9374847412109,95.6629867553711,1.14873898029327,1.11706078052521,0,0,
46,27.83480263,0,0,0,21.29020691,0,5.20651865,0,1.867499232,0,10.19410038,0,1.87416779994965,0.561438977718353,4.6085090637207,0.507046401500702,3.47754120826721,24.7744483947754,95.6123428344727,1.21130728721619,1.12756657600403,0,0,
47,28.80681419,0,0,0,21.46734047,0,5.275204182,0,1.876638174,0,10.45532036,0,1.89156115055084,0.564392268657684,4.65947151184082,0.520254254341125,3.38109612464905,24.6179313659668,95.5618438720703,1.2749959230423,1.13796746730804,0,0,
48,29.78032684,0,0,0,21.64399147,0,5.343453884,0,1.8854177,0,10.71702671,0,1.90866553783417,0.567222774028778,4.71055459976196,0.533742368221283,3.29031896591187,24.4678058624268,95.5115051269531,1.33975446224213,1.14827620983124,0,0,
49,30.75543785,0,0,0,21.8202076,0,5.411274433,0,1.893872261,0,10.97922516,0,1.92549097537994,0.569940268993378,4.76172494888306,0.547473549842834,3.20502519607544,24.3239479064941,95.4613571166992,1.40553557872772,1.15850389003754,0,0,
50,31.73222733,0,0,0,21.99601936,0,5.47866869,0,1.902034163,0,11.24190235,0,1.94205141067505,0.57255482673645,4.81295680999756,0.561416149139404,3.12503504753113,24.1862297058105,95.4114227294922,1.47229480743408,1.16866016387939,0,0,
51,32.70616913,0,0,0,22.17066002,0,5.545330048,0,1.909897685,0,11.50382137,0,1.95834791660309,0.5750732421875,4.86421346664429,0.575537741184235,3.05017471313477,24.0545310974121,95.3617172241211,1.53998017311096,1.17874944210052,0,0,
52,33.68196106,0,0,0,22.34497452,0,5.611586094,0,1.917530894,0,11.76622105,0,1.97438859939575,0.577503800392151,4.91546440124512,0.589810729026794,2.98027563095093,23.9287300109863,95.3122711181641,1.60854256153107,1.18877601623535,0,0,
53,34.65280914,0,0,0,22.51779747,0,5.676982403,0,1.924909234,0,12.02725601,0,1.99017930030823,0.579853951931,4.96667909622192,0.604209005832672,2.91517376899719,23.8087062835693,95.2631072998047,1.6779305934906,1.19874179363251,0,0,
54,35.62338638,0,0,0,22.68997765,0,5.741841793,0,1.932095647,0,12.28816032,0,2.0057225227356,0.582130134105682,5.01782369613647,0.618707716464996,2.85471034049988,23.6943397521973,95.2142486572266,1.74809110164642,1.20864737033844,0,0,
55,36.59149551,0,0,0,22.86115456,0,5.806024075,0,1.939099312,0,12.548326490000001,0,2.0210337638855,0.584341287612915,5.06887817382813,0.633288323879242,2.79873061180115,23.5855159759521,95.1657180786133,1.8189789056778,1.21849477291107,0,0,
56,37.55722427,0,0,0,23.031353,0,5.869544983,0,1.945944548,0,12.80775833,0,2.03612208366394,0.586494207382202,5.11981964111328,0.647932529449463,2.74708437919617,23.4821147918701,95.1175384521484,1.89054656028748,1.22828459739685,0,0,
57,38.51837921,0,0,0,23.200243,0,5.932271957,0,1.95263803,0,13.0658617,0,2.0509922504425,0.588594675064087,5.1706223487854,0.662622094154358,2.69962620735168,23.3840217590332,95.0697326660156,1.96274435520172,1.23801589012146,0,0,
58,39.477314,0,0,0,23.36823654,0,5.994368076,0,1.95921731,0,13.32324505,0,2.06565284729004,0.590648949146271,5.22126388549805,0.677341639995575,2.65621447563171,23.2911262512207,95.0223159790039,2.03552532196045,1.24768817424774,0,0,
59,40.43185043,0,0,0,23.53497696,0,6.055700779,0,1.965686202,0,13.57931614,0,2.08011484146118,0.5926633477211,5.27172708511353,0.692077994346619,2.61671137809753,23.2033157348633,94.9753265380859,2.10884523391724,1.25730121135712,0,0,
60,41.37981033,0,0,0,23.70010948,0,6.116147041,0,1.9720480440000001,0,13.83347988,0,2.09437727928162,0.594641387462616,5.3219838142395,0.7068150639534,2.58098316192627,23.1204814910889,94.9287719726563,2.18265295028687,1.26685166358948,0,0,
61,42.32353973,0,0,0,23.86406708,0,6.175867081,0,1.978335261,0,14.08635616,0,2.10844469070435,0.596587538719177,5.37200927734375,0.72153902053833,2.54889988899231,23.0425109863281,94.8826904296875,2.25689935684204,1.27633714675903,0,0,
62,43.2631073,0,0,0,24.02688599,0,6.234878063,0,1.984563112,0,14.33795834,0,2.12233018875122,0.598507881164551,5.42179155349731,0.736240983009338,2.52033472061157,22.9693012237549,94.8370971679688,2.3315441608429,1.28575766086578,0,0,
63,44.19410324,0,0,0,24.18781662,0,6.292916298,0,1.990716219,0,14.58709812,0,2.13603448867798,0.600405216217041,5.47130584716797,0.750908255577087,2.49516487121582,22.9007434844971,94.7920074462891,2.40653896331787,1.29510998725891,0,0,
64,45.12108612,0,0,0,24.3476696,0,6.350280762,0,1.99683702,0,14.8349905,0,2.14956164360046,0.602283000946045,5.52053308486938,0.765530109405518,2.47327017784119,22.8367309570313,94.747444152832,2.48183846473694,1.30439186096191,0,0,
65,46.04189301,0,0,0,24.50608826,0,6.406846523,0,2.002922535,0,15.08104897,0,2.16292357444763,0.604146003723145,5.5694637298584,0.780100107192993,2.45453453063965,22.7771644592285,94.7034301757813,2.55740451812744,1.31360328197479,0,0,
66,46.95659256,0,0,0,24.66310501,0,6.462633133,0,2.008982897,0,15.32529545,0,2.17612552642822,0.605997204780579,5.61808395385742,0.794610381126404,2.43884420394897,22.7219390869141,94.6599807739258,2.63319659233093,1.32274281978607,0,0,
67,47.86302185,0,0,0,24.81836319,0,6.517521381,0,2.015013218,0,15.56714439,0,2.18916797637939,0.607838273048401,5.66637516021729,0.809051811695099,2.42608952522278,22.670955657959,94.6171264648438,2.70917153358459,1.33180785179138,0,0,
68,48.76125717,0,0,0,24.97190666,0,6.571532726,0,2.021021605,0,15.8066206,0,2.20204854011536,0.609670400619507,5.71431493759155,0.823414146900177,2.41616296768188,22.6241149902344,94.5748825073242,2.78528380393982,1.34079468250275,0,0,
69,49.65359116,0,0,0,25.1241188,0,6.624816418,0,2.02703023,0,16.0443306,0,2.2147741317749,0.61149650812149,5.76189184188843,0.837691485881805,2.40895986557007,22.5813179016113,94.5332641601563,2.86149549484253,1.34970211982727,0,0,
70,50.54007721,0,0,0,25.27505112,0,6.677386284,0,2.033046007,0,16.28029251,0,2.22735738754272,0.613320291042328,5.80910396575928,0.851881384849548,2.40437865257263,22.5424671173096,94.4922866821289,2.93777537345886,1.35853135585785,0,0,
71,51.41635132,0,0,0,25.42396927,0,6.729000092,0,2.039044619,0,16.51334381,0,2.23979687690735,0.615142107009888,5.8559365272522,0.865976870059967,2.40232086181641,22.5074672698975,94.4519729614258,3.01408457756042,1.36728012561798,0,0,
72,52.28689957,0,0,0,25.57164001,0,6.779933929,0,2.045060873,0,16.7446804,0,2.25209450721741,0.616963028907776,5.90237712860107,0.879972159862518,2.40269017219543,22.476224899292,94.4123458862305,3.09038662910461,1.37594676017761,0,0,
73,53.14736557,0,0,0,25.71734047,0,6.82994318,0,2.051068306,0,16.97314453,0,2.26425266265869,0.618784248828888,5.9484167098999,0.893862545490265,2.40539312362671,22.4486484527588,94.373420715332,3.16664671897888,1.38453006744385,0,0,
74,54.00000763,0,0,0,25.8614769,0,6.879177094,0,2.057086229,0,17.19934082,0,2.27626943588257,0.620605647563934,5.99403953552246,0.907641410827637,2.41033840179443,22.4246444702148,94.335205078125,3.24282765388489,1.39302742481232,0,0,
75,54.84489059,0,0,0,26.00406647,0,6.927648544,0,2.063117027,0,17.42328644,0,2.28815078735352,0.622429013252258,6.03924036026001,0.921306133270264,2.41743779182434,22.4041233062744,94.2977142333984,3.31889915466309,1.40143883228302,0,0,
76,55.67985916,0,0,0,26.14476395,0,6.975248337,0,2.069147587,0,17.64442253,0,2.29989671707153,0.624254286289215,6.08400917053223,0.934851884841919,2.42660474777222,22.3869972229004,94.2609710693359,3.39482760429382,1.4097626209259,0,0,
77,56.50717163,0,0,0,26.28395271,0,7.022115707,0,2.075195074,0,17.86334419,0,2.31150794029236,0.626081824302673,6.12833690643311,0.948274910449982,2.4377555847168,22.3731746673584,94.224983215332,3.47058153152466,1.41799759864807,0,0,
78,57.32686996,0,0,0,26.42165947,0,7.068265915,0,2.081261635,0,18.08006668,0,2.3229923248291,0.627913355827332,6.17222452163696,0.961574375629425,2.45080876350403,22.36256980896,94.1897735595703,3.54613590240479,1.42614459991455,0,0,
79,58.13681793,0,0,0,26.55753708,0,7.11359024,0,2.087331295,0,18.29403496,0,2.33435010910034,0.629748404026031,6.21566581726074,0.974747478961945,2.46568465232849,22.3550987243652,94.1553497314453,3.62146282196045,1.43420314788818,0,0,
80,58.9370575,0,0,0,26.69159126,0,7.158101082,0,2.093404293,0,18.50525475,0,2.34557700157166,0.631585657596588,6.25864934921265,0.987789332866669,2.48230648040771,22.3506755828857,94.1217269897461,3.69653058052063,1.44217085838318,0,0,
81,59.72983551,0,0,0,26.82422829,0,7.201939583,0,2.099498034,0,18.71433449,0,2.35667705535889,0.633425951004028,6.30117177963257,1.00069856643677,2.50059866905212,22.3492164611816,94.0889129638672,3.7713143825531,1.45004785060883,0,0,
82,60.51081085,0,0,0,26.95472527,0,7.244874001,0,2.105577946,0,18.92013359,0,2.36764764785767,0.635268211364746,6.34322547912598,1.01347160339355,2.52048850059509,22.3506412506104,94.0569152832031,3.84578633308411,1.45783293247223,0,0,
83,61.28658295,0,0,0,27.08417511,0,7.287276745,0,2.111694574,0,19.12438965,0,2.37849378585815,0.637113273143768,6.38480997085571,1.02610802650452,2.54190516471863,22.354866027832,94.0257568359375,3.91992449760437,1.46552646160126,0,0,
84,62.05065536,0,0,0,27.21152878,0,7.328804493,0,2.117796421,0,19.32540321,0,2.3892195224762,0.638961315155029,6.42592620849609,1.03860747814178,2.56477952003479,22.3618144989014,93.9954299926758,3.99370861053467,1.47312915325165,0,0,
85,62.80523682,0,0,0,27.33715248,0,7.369586945,0,2.123898745,0,19.52375793,0,2.39981651306152,0.640809714794159,6.46656179428101,1.05096507072449,2.58904480934143,22.3714046478271,93.9659652709961,4.06711006164551,1.48063838481903,0,0,
86,63.55255508,0,0,0,27.46143341,0,7.409756184,0,2.130018711,0,19.72005272,0,2.41029119491577,0.642659723758698,6.50672006607056,1.06318163871765,2.6146354675293,22.3835601806641,93.9373550415039,4.14011096954346,1.48805558681488,0,0,
87,64.28827667,0,0,0,27.58364487,0,7.449089527,0,2.13611865,0,19.91314697,0,2.4206428527832,0.644510328769684,6.54639720916748,1.07525551319122,2.64148831367493,22.3982048034668,93.9096221923828,4.2126898765564,1.49538016319275,0,0,
88,65.01682281,0,0,0,27.70454025,0,7.487831593,0,2.14223361,0,20.1042099,0,2.43087124824524,0.646360814571381,6.58559083938599,1.08718550205231,2.66954183578491,22.4152641296387,93.8827514648438,4.28482627868652,1.50261175632477,0,0,
89,65.73600769,0,0,0,27.82376289,0,7.525876999,0,2.148343325,0,20.2926693,0,2.44098234176636,0.64821195602417,6.62430667877197,1.09897303581238,2.69873642921448,22.4346656799316,93.8567733764648,4.35650682449341,1.50975227355957,0,0,
90,66.44374084,0,0,0,27.9409523,0,7.563119888,0,2.154428005,0,20.47798729,0,2.45096921920776,0.650061190128326,6.66253566741943,1.11061465740204,2.72901391983032,22.456335067749,93.8316879272461,4.42770862579346,1.51679944992065,0,0,
91,67.1443634,0,0,0,28.05686951,0,7.599806309,0,2.160522223,0,20.66130829,0,2.46083307266235,0.651908099651337,6.70027732849121,1.12211000919342,2.76031804084778,22.4802017211914,93.8074951171875,4.49841499328613,1.5237535238266,0,0,
92,67.83575439,0,0,0,28.17115784,0,7.635826111,0,2.166606188,0,20.84208107,0,2.47058081626892,0.653754055500031,6.73753929138184,1.13346123695374,2.79259395599365,22.5061931610107,93.7841949462891,4.56861400604248,1.53061664104462,0,0,
93,68.51577759,0,0,0,28.2834549,0,7.671081066,0,2.172657967,0,21.0197525,0,2.48020577430725,0.655596077442169,6.77431392669678,1.14466559886932,2.82578897476196,22.5342426300049,93.7618103027344,4.63828706741333,1.53738725185394,0,0,
94,69.18877411,0,0,0,28.39449501,0,7.705800056,0,2.178714275,0,21.19545937,0,2.48970937728882,0.657434046268463,6.81060218811035,1.15572321414948,2.85985112190247,22.5642795562744,93.7403259277344,4.70741987228394,1.54406547546387,0,0,
95,69.85262299,0,0,0,28.5039463,0,7.739887238,0,2.184753418,0,21.36865997,0,2.49909853935242,0.659269094467163,6.84641265869141,1.16663670539856,2.89473080635071,22.5962390899658,93.7197647094727,4.77600336074829,1.55065381526947,0,0,
96,70.50520325,0,0,0,28.61143875,0,7.773238182,0,2.190753698,0,21.53879929,0,2.50836634635925,0.66109836101532,6.88173913955688,1.17740333080292,2.93037962913513,22.630054473877,93.7001037597656,4.84402084350586,1.55715048313141,0,0,
97,71.15083313,0,0,0,28.71772003,0,7.806082249,0,2.196752787,0,21.7070179,0,2.51751470565796,0.662921726703644,6.91658306121826,1.18802380561829,2.96675062179565,22.6656627655029,93.6813659667969,4.91146087646484,1.56355619430542,0,0,
98,71.78525543,0,0,0,28.82205582,0,7.838206768,0,2.202707529,0,21.8721962,0,2.52654409408569,0.664738655090332,6.95094680786133,1.19849848747253,3.00379824638367,22.7029972076416,93.6635513305664,4.97831201553345,1.56987154483795,0,0,
99,72.41277313,0,0,0,28.92519188,0,7.86984396,0,2.208657026,0,22.03547859,0,2.53545522689819,0.666548550128937,6.9848313331604,1.20882773399353,3.04147839546204,22.7419967651367,93.6466598510742,5.04456520080566,1.57609689235687,0,0,
100,73.03126526,0,0,0,29.02677155,0,7.900886536,0,2.21457839,0,22.19630241,0,2.54425454139709,0.668352484703064,7.01824712753296,1.21901452541351,3.07974815368652,22.7826042175293,93.6306915283203,5.1102147102356,1.58223438262939,0,0,
101,73.63861847,0,0,0,29.12644196,0,7.931240559,0,2.220448732,0,22.354129790000002,0,2.5529351234436,0.670147359371185,7.05118703842163,1.22905659675598,3.11856627464294,22.8247547149658,93.6156387329102,5.1752462387085,1.58828270435333,0,0,
102,74.23914337,0,0,0,29.22494316,0,7.961124897,0,2.226307631,0,22.51009178,0,2.56149768829346,0.671932935714722,7.08365488052368,1.23895454406738,3.15789294242859,22.8683910369873,93.6015167236328,5.23965263366699,1.59424257278442,0,0,
103,74.83071136,0,0,0,29.32189369,0,7.990438938,0,2.232131958,0,22.66362381,0,2.56994795799255,0.673710405826569,7.11565923690796,1.24871146678925,3.19768905639648,22.9134559631348,93.5883255004883,5.30343008041382,1.60011577606201,0,0,
104,75.41333771,0,0,0,29.41732788,0,8.019194603,0,2.237919092,0,22.81475067,0,2.57828497886658,0.675478398799896,7.14720106124878,1.25832736492157,3.23791742324829,22.9598941802979,93.576042175293,5.36657047271729,1.60590291023254,0,0,
105,75.98704529,0,0,0,29.51125145,0,8.047392845,0,2.243667841,0,22.96347618,0,2.58650755882263,0.677235901355743,7.17828226089478,1.26780271530151,3.27854180335999,23.0076484680176,93.5646820068359,5.42906761169434,1.61160397529602,0,0,
106,76.55186462,0,0,0,29.60365486,0,8.075047493,0,2.249375105,0,23.10981178,0,2.59461498260498,0.678982019424438,7.20890331268311,1.27713775634766,3.31952714920044,23.0566654205322,93.5542526245117,5.49091386795044,1.61721932888031,0,0,
107,77.10780334,0,0,0,29.69454956,0,8.102158546,0,2.255039215,0,23.2537632,0,2.60260701179504,0.680716097354889,7.23906660079956,1.28633284568787,3.36083936691284,23.1068897247314,93.5447387695313,5.55210304260254,1.62274920940399,0,0,
108,77.65701294,0,0,0,29.7843132,0,8.128839493,0,2.260680199,0,23.39589691,0,2.61048913002014,0.682439029216766,7.26878070831299,1.2953907251358,3.40244603157043,23.1582717895508,93.5361328125,5.61263465881348,1.6281955242157,0,0,
109,78.19525909,0,0,0,29.87221527,0,8.154888153,0,2.266251802,0,23.53511238,0,2.6182587146759,0.684149444103241,7.29804611206055,1.30431151390076,3.44431519508362,23.2107601165771,93.5284423828125,5.67250156402588,1.63355851173401,0,0,
110,78.72679901,0,0,0,29.9589653,0,8.180517197,0,2.271796465,0,23.67251968,0,2.62591457366943,0.685846328735352,7.32686376571655,1.31309521198273,3.48641657829285,23.2643013000488,93.5216598510742,5.73169994354248,1.63883805274963,0,0,
111,79.24953461,0,0,0,30.04426575,0,8.205630302,0,2.277289867,0,23.80758286,0,2.63346099853516,0.687530398368835,7.35524129867554,1.32174432277679,3.52872061729431,23.31884765625,93.5157852172852,5.79022884368896,1.64403581619263,0,0,
112,79.76560211,0,0,0,30.12842369,0,8.230334282,0,2.282753229,0,23.94085503,0,2.6409010887146,0.689202010631561,7.38318586349487,1.33026123046875,3.5711989402771,23.3743534088135,93.5108108520508,5.84808778762817,1.64915347099304,0,0,
113,80.27288818,0,0,0,30.21111298,0,8.254530907,0,2.288161516,0,24.0717926,0,2.64823651313782,0.69086092710495,7.41070318222046,1.33864760398865,3.61382412910461,23.4307727813721,93.5067443847656,5.90527629852295,1.65419244766235,0,0,
114,80.77141571,0,0,0,30.29232979,0,8.278229713,0,2.293513298,0,24.20040131,0,2.65546298027039,0.692504942417145,7.43779230117798,1.34690296649933,3.65657019615173,23.48805809021,93.5035705566406,5.96179056167603,1.65915203094482,0,0,
115,81.26117706,0,0,0,30.37208366,0,8.301430702,0,2.298806667,0,24.32669449,0,2.66257810592651,0.694132804870605,7.46445322036743,1.35502696037292,3.69941139221191,23.54616355896,93.5012893676758,6.01762580871582,1.6640317440033,0,0,
116,81.74434662,0,0,0,30.450737,0,8.324243546,0,2.304063082,0,24.45122719,0,2.66958498954773,0.695745468139648,7.49069118499756,1.36302149295807,3.74232316017151,23.6050472259521,93.4999008178711,6.07278156280518,1.66883325576782,0,0,
117,82.22090149,0,0,0,30.52827644,0,8.346672058,0,2.309280634,0,24.5739975,0,2.67649149894714,0.697344720363617,7.51651859283447,1.37089061737061,3.78528213500977,23.664665222168,93.4993896484375,6.12726354598999,1.67355906963348,0,0,
118,82.68874359,0,0,0,30.60437965,0,8.368618965,0,2.314435005,0,24.69447327,0,2.68329691886902,0.69892954826355,7.54194021224976,1.37863552570343,3.82826566696167,23.7249755859375,93.499755859375,6.18107223510742,1.67821025848389,0,0,
119,83.14788818,0,0,0,30.67901802,0,8.39008522,0,2.319524288,0,24.81264687,0,2.68999552726746,0.700497329235077,7.56695222854614,1.38625502586365,3.8712522983551,23.7859401702881,93.5009994506836,6.23420333862305,1.68278551101685,0,0,
120,83.60046387,0,0,0,30.7525692,0,8.411183357,0,2.324570656,0,24.92908859,0,2.69658899307251,0.702048599720001,7.59155941009521,1.39375042915344,3.91422080993652,23.8475151062012,93.5031051635742,6.28665781021118,1.68728578090668,0,0,
121,84.04647827,0,0,0,30.82502174,0,8.431910515,0,2.329572439,0,25.04378319,0,2.70308399200439,0.703584849834442,7.61577129364014,1.40112519264221,3.95715069770813,23.9096660614014,93.5060729980469,6.33844041824341,1.69171345233917,0,0,
122,84.48382568,0,0,0,30.89604187,0,8.452171326,0,2.334504604,0,25.15620804,0,2.70947885513306,0.705104887485504,7.63959169387817,1.4083799123764,4.00002336502075,23.9723529815674,93.509880065918,6.38955163955688,1.6960688829422,0,0,
123,84.9146347,0,0,0,30.96597672,0,8.472071648,0,2.339390039,0,25.26690483,0,2.71577262878418,0.70660817623138406,7.6630220413208,1.41551542282104,4.0428204536438,24.0355377197266,93.514533996582,6.43999147415161,1.70035231113434,0,0,
124,85.33680725,0,0,0,31.03448677,0,8.491518974,0,2.344202995,0,25.37533951,0,2.72196507453918,0.708093881607056,7.68606519699097,1.42253220081329,4.08552408218384,24.0991859436035,93.5200424194336,6.4897608757019,1.70456421375275,0,0,
125,85.75457764,0,0,0,31.10225868,0,8.510704994,0,2.348990202,0,25.48260307,0,2.72806119918823,0.709563434123993,7.70873022079468,1.4294331073761,4.12811708450317,24.1632614135742,93.5263824462891,6.5388650894165,1.70870649814606,0,0,
126,86.16371155,0,0,0,31.16860962,0,8.529443741,0,2.353702784,0,25.58760834,0,2.73406386375427,0.711017310619354,7.73102331161499,1.43622064590454,4.17058277130127,24.2277317047119,93.5335464477539,6.58730888366699,1.71278071403503,0,0,
127,86.56633759,0,0,0,31.23388481,0,8.547832489,0,2.35836339,0,25.69090462,0,2.73996949195862,0.712453782558441,7.75294637680054,1.44289457798004,4.21290636062622,24.2925624847412,93.5415344238281,6.63509273529053,1.71678650379181,0,0,
128,86.96247864,0,0,0,31.29808807,0,8.565876007,0,2.362970829,0,25.79249954,0,2.74578142166138,0.713873505592346,7.77450561523438,1.44945728778839,4.25507307052612,24.3577213287354,93.5503387451172,6.68222045898438,1.72072541713715,0,0,
129,87.35002136,0,0,0,31.36087608,0,8.583483696,0,2.36749959,0,25.89185333,0,2.75149631500244,0.715274930000305,7.79569959640503,1.45590829849243,4.29706811904907,24.4231777191162,93.559944152832,6.72869300842285,1.72459721565247,0,0,
130,87.73319244,0,0,0,31.42294312,0,8.600844383,0,2.371997356,0,25.99005318,0,2.7571177482605,0.7166588306427,7.81653547286987,1.4622495174408,4.3388786315918,24.488899230957,93.5703506469727,6.77451372146606,1.72840285301208,0,0,
131,88.1098938,0,0,0,31.48394012,0,8.6178684230000009,0,2.376439333,0,26.08655739,0,2.76265239715576,0.718027472496033,7.83702564239502,1.46848511695862,4.38049125671387,24.5548572540283,93.5815505981445,6.81969261169434,1.73214530944824,0,0,
132,88.47801208,0,0,0,31.5435276,0,8.634464264,0,2.380798817,0,26.18083572,0,2.76809453964233,0.719377875328064,7.85716724395752,1.47461402416229,4.42189407348633,24.621021270752,93.5935363769531,6.86422824859619,1.73582327365875,0,0,
133,88.84179688,0,0,0,31.60239792,0,8.650823593,0,2.385125399,0,26.27396584,0,2.77344560623169,0.720710575580597,7.87696361541748,1.48063743114471,4.46307516098022,24.6873645782471,93.6062927246094,6.90812492370605,1.7394380569458,0,0,
134,89.19911957,0,0,0,31.66022301,0,8.666854858,0,2.389392614,0,26.3654232,0,2.77871227264404,0.722027361392975,7.8964262008667,1.48655891418457,4.50402307510376,24.7538604736328,93.6198272705078,6.95139169692993,1.74299168586731,0,0,
135,89.55000305,0,0,0,31.71697998,0,8.682556152,0,2.393599987,0,26.45519829,0,2.78389263153076,0.723327159881592,7.91555833816528,1.49237930774689,4.54472780227661,24.8204822540283,93.6341171264648,6.99403142929077,1.74648487567902,0,0,
136,89.89444733,0,0,0,31.772686,0,8.697935104,0,2.397746325,0,26.54329872,0,2.78898596763611,0.724609315395355,7.93436241149902,1.49809908866882,4.58517980575562,24.8872051239014,93.6491546630859,7.03604745864868,1.74991738796234,0,0,
137,90.23244476,0,0,0,31.82732773,0,8.712991714,0,2.401830435,0,26.6297245,0,2.79399108886719,0.725873351097107,7.95283937454224,1.50371885299683,4.62536907196045,24.9540023803711,93.6649475097656,7.07744312286377,1.75328993797302,0,0,
138,90.56613922,0,0,0,31.88126945,0,8.727823257,0,2.405877829,0,26.71502304,0,2.79891395568848,0.727120816707611,7.97099828720093,1.50924158096313,4.66528654098511,25.0208492279053,93.6814727783203,7.11822605133057,1.75660419464111,0,0,
139,90.89340973,0,0,0,31.93414307,0,8.742336273,0,2.409861565,0,26.79865265,0,2.80375742912292,0.728352427482605,7.98884630203247,1.51466941833496,4.7049241065979,25.0877227783203,93.6987228393555,7.1584038734436,1.75986170768738,0,0,
140,91.21425629,0,0,0,31.98598289,0,8.756533623,0,2.413781166,0,26.88062286,0,2.80851769447327,0.729566335678101,8.00638389587402,1.5200023651123,4.74427366256714,25.1546001434326,93.7167053222656,7.19797849655151,1.76306223869324,0,0,
141,91.5308075,0,0,0,32.03713226,0,8.770514488,0,2.417661667,0,26.96147537,0,2.81319832801819,0.730763673782349,8.0236177444458,1.52524244785309,4.78332805633545,25.2214603424072,93.7353973388672,7.23695611953735,1.76620697975159,0,0,
142,91.84094238,0,0,0,32.08721924,0,8.784178734,0,2.421476603,0,27.04066467,0,2.81780123710632,0.731944739818573,8.04055404663086,1.53039169311523,4.82208013534546,25.2882823944092,93.7547988891602,7.2753438949585,1.7692973613739,0,0,
143,92.14468384,0,0,0,32.13625717,0,8.797534943,0,2.425224781,0,27.11819839,0,2.82232213020325,0.733107626438141,8.05719089508057,1.53544914722443,4.86052322387695,25.3550434112549,93.7748870849609,7.31314373016357,1.77233266830444,0,0,
144,92.44412231,0,0,0,32.1845932,0,8.810675621,0,2.428931952,0,27.1946125,0,2.82676386833191,0.734253227710724,8.07353210449219,1.5404167175293,4.89865112304688,25.421724319458,93.7956619262695,7.35036134719849,1.77531385421753,0,0,
145,92.73717499,0,0,0,32.23189926,0,8.82351017,0,2.432571411,0,27.26938248,0,2.83112812042236,0.735382080078125,8.08958435058594,1.54529583454132,4.93645811080933,25.4883079528809,93.8171157836914,7.38700342178345,1.77824187278748,0,0,
146,93.02594757,0,0,0,32.27849579,0,8.836133003,0,2.436168671,0,27.34304047,0,2.8354160785675,0.736494183540344,8.10535144805908,1.55008769035339,4.97393894195557,25.5547695159912,93.839241027832,7.42307472229004,1.7811176776886,0,0,
147,93.31044006,0,0,0,32.32440186,0,8.848546028,0,2.439723492,0,27.41559029,0,2.83963441848755,0.737591564655304,8.12084293365479,1.5547957420349101,5.01108837127686,25.6210956573486,93.8620300292969,7.45858526229858,1.78394329547882,0,0,
148,93.58853912,0,0,0,32.36927032,0,8.860657692,0,2.443208218,0,27.48649025,0,2.84378099441528,0.738672971725464,8.13606262207031,1.55942070484161,5.04790210723877,25.6872692108154,93.8854675292969,7.49354028701782,1.7867192029953,0,0,
149,93.86238098,0,0,0,32.41342545,0,8.872556686,0,2.446649313,0,27.55628777,0,2.84785461425781,0.739737808704376,8.15101146697998,1.56396293640137,5.08437585830688,25.7532730102539,93.909553527832,7.52794408798218,1.78944540023804,0,0,
150,94.13195038,0,0,0,32.45689011,0,8.884254456,0,2.450046062,0,27.62498093,0,2.8518602848053,0.740787744522095,8.16569805145264,1.56842541694641,5.12050580978394,25.8190898895264,93.9342803955078,7.56180620193481,1.79212379455566,0,0,
151,94.3951416,0,0,0,32.49934769,0,8.895654678,0,2.453371763,0,27.6920414,0,2.85579562187195,0.74182140827179,8.18012237548828,1.57280814647675,5.15628814697266,25.8847064971924,93.9596252441406,7.59512996673584,1.79475450515747,0,0,
152,94.65407562,0,0,0,32.54106903,0,8.906848907,0,2.456651926,0,27.75798988,0,2.85965895652771,0.742838203907013,8.19428730010986,1.57711112499237,5.19172048568726,25.9501037597656,93.985595703125,7.62791919708252,1.79733741283417,0,0,
153,94.90874481,0,0,0,32.58211899,0,8.917840004,0,2.459886789,0,27.82284737,0,2.86345481872559,0.743839681148529,8.20819854736328,1.58133685588837,5.22679901123047,26.0152721405029,94.0121765136719,7.66018295288086,1.79987370967865,0,0,
154,95.15706635,0,0,0,32.62214279,0,8.92854023,0,2.463048697,0,27.88607216,0,2.86718034744263,0.744824469089508,8.22185611724854,1.58548498153687,5.2615213394165,26.0801944732666,94.0393600463867,7.69192361831665,1.8023636341095,0,0,
155,95.40322113,0,0,0,32.66179657,0,8.939129829,0,2.466190815,0,27.94873238,0,2.87083959579468,0.74579381942749,8.23526573181152,1.58955776691437,5.29588508605957,26.1448574066162,94.0671310424805,7.72314882278442,1.80480825901031,0,0,
156,95.64302826,0,0,0,32.7004509,0,8.949430466,0,2.469259501,0,28.00976753,0,2.87443518638611,0.746748626232147,8.24843502044678,1.59355688095093,5.32988834381104,26.2092475891113,94.0954895019531,7.75386571884155,1.80720865726471,0,0,
157,95.880691529999993,0,0,0,32.73873138,0,8.959621429,0,2.472307205,0,28.07024002,0,2.87796831130981,0.747688829898834,8.26136684417725,1.59748387336731,5.36352920532227,26.2733516693115,94.1244277954102,7.78408193588257,1.80956590175629,0,0,
158,96.11200714,0,0,0,32.77599716,0,8.969525337,0,2.475281,0,28.12909126,0,2.88143992424011,0.748614609241486,8.27406692504883,1.60134017467499,5.39680624008179,26.3371601104736,94.1539306640625,7.81380367279053,1.81188082695007,0,0,
159,96.33906555,0,0,0,32.81254959,0,8.979230881,0,2.478205919,0,28.18684196,0,2.88484501838684,0.749523878097534,8.28653144836426,1.60512447357178,5.42971801757813,26.4006595611572,94.1839981079102,7.84303283691406,1.81415247917175,0,0,
160,96.56400299,0,0,0,32.84877777,0,8.988832474,0,2.481110334,0,28.24404907,0,2.88819193840027,0.750419676303864,8.29877185821533,1.60884046554565,5.46226406097412,26.4638404846191,94.2146224975586,7.87178039550781,1.81638324260712,0,0,
161,96.78257751,0,0,0,32.88397598,0,8.998148918,0,2.483938217,0,28.2996254,0,2.89147973060608,0.751301348209381,8.31079006195068,1.61248898506165,5.4944429397583,26.5266933441162,94.2457809448242,7.90005207061768,1.81857359409332,0,0,
162,96.99903107,0,0,0,32.91880798,0,9.007361412,0,2.486744642,0,28.3546505,0,2.89470815658569,0.752168536186218,8.32258892059326,1.61607050895691,5.52625465393066,26.5892086029053,94.2774810791016,7.92785215377808,1.82072389125824,0,0,
163,97.20913696,0,0,0,32.95264053,0,9.016291618,0,2.489474297,0,28.40805817,0,2.89787673950195,0.753021121025085,8.3341703414917,1.61958587169647,5.55769872665405,26.6513729095459,94.309700012207,7.95518732070923,1.82283437252045,0,0,
164,97.41712189,0,0,0,32.98610687,0,9.02511692,0,2.492181778,0,28.4609108,0,2.90098547935486,0.753858804702759,8.34553623199463,1.62303555011749,5.58877468109131,26.7131786346436,94.3424377441406,7.98206043243408,1.82490527629852,0,0,
165,97.62086487,0,0,0,33.01890945,0,9.033752441,0,2.494839191,0,28.51268387,0,2.90403985977173,0.754683613777161,8.3566951751709,1.62642228603363,5.61948251724243,26.7746181488037,94.3756942749023,8.00848293304443,1.82693862915039,0,0,
166,97.82247162,0,0,0,33.05133057,0,9.042286873,0,2.497473717,0,28.56389999,0,2.90704345703125,0.755496561527252,8.36765384674072,1.6297482252121,5.64982271194458,26.8356838226318,94.4094467163086,8.03446292877197,1.82893562316895,0,0,
167,98.01776886,0,0,0,33.08275223,0,9.050542831,0,2.500030279,0,28.61350632,0,2.90999293327332,0.75629585981369,8.3784122467041,1.6330132484436,5.67979574203491,26.8963680267334,94.4436950683594,8.06000328063965,1.83089601993561,0,0,
168,98.21092224,0,0,0,33.11383057,0,9.058696747,0,2.502563477,0,28.66256332,0,2.91288614273071,0.757080614566803,8.38897037506104,1.63621711730957,5.70940208435059,26.9566612243652,94.4784317016602,8.08510875701904,1.8328195810318,0,0,
169,98.3998642,0,0,0,33.1442337,0,9.066665649,0,2.505046129,0,28.71054268,0,2.91572690010071,0.757852554321289,8.39933490753174,1.63936185836792,5.73864221572876,27.0165557861328,94.5136489868164,8.10978698730469,1.83470773696899,0,0,
170,98.58457947,0,0,0,33.17392349,0,9.0744419099999991,0,2.507476807,0,28.75743866,0,2.91851258277893,0.758610248565674,8.40950393676758,1.64244711399078,5.76751756668091,27.0760459899902,94.5493240356445,8.13403987884521,1.83656013011932,0,0,
171,98.76716614,0,0,0,33.20330811,0,9.082121849,0,2.509884119,0,28.80379295,0,2.92124676704407,0.759355247020721,8.41948318481445,1.6454746723175,5.79602861404419,27.1351261138916,94.5854721069336,8.15787601470947,1.83837795257568,0,0,
172,98.94553375,0,0,0,33.23198318,0,9.089615822,0,2.512239218,0,28.84906578,0,2.92393183708191,0.760088086128235,8.42927837371826,1.64844608306885,5.82417726516724,27.1937866210938,94.6220626831055,8.18130302429199,1.84016215801239,0,0,
173,99.12178802,0,0,0,33.26032257,0,9.097013474,0,2.514570475,0,28.89379692,0,2.92656946182251,0.760809123516083,8.43889236450195,1.651362657547,5.85196399688721,27.2520275115967,94.6591033935547,8.20432662963867,1.84191346168518,0,0,
174,99.29382324,0,0,0,33.28799057,0,9.104223251,0,2.516849279,0,28.93745041,0,2.92916011810303,0.761518537998199,8.44833087921143,1.65422570705414,5.87939071655273,27.3098411560059,94.6965789794922,8.22695350646973,1.84363269805908,0,0,
175,99.46372986,0,0,0,33.31529617,0,9.111335754,0,2.519103289,0,28.9805584,0,2.93170499801636,0.762216210365295,8.45759582519531,1.65703618526459,5.90645933151245,27.367223739624,94.734489440918,8.24918937683105,1.84532058238983,0,0,
176,99.62943268,0,0,0,33.3419342,0,9.118264198,0,2.521304846,0,29.02259254,0,2.93420362472534,0.762902200222015,8.46669101715088,1.65979492664337,5.93317127227783,27.4241676330566,94.7728118896484,8.27104091644287,1.8469774723053,0,0,
177,99.79092407,0,0,0,33.36789703,0,9.12501049,0,2.523453712,0,29.06355667,0,2.9366512298584,0.763574421405792,8.47561168670654,1.66250050067902,5.95952844619751,27.4806709289551,94.8115615844727,8.29250907897949,1.84860217571259,0,0,
178,99.95028687,0,0,0,33.39351273,0,9.131663322,0,2.525577545,0,29.1039753,0,2.93904995918274,0.764233767986298,8.48436164855957,1.66515374183655,5.98553276062012,27.5367298126221,94.8507080078125,8.3135986328125,1.85019552707672,0,0,
179,100.1075439,0,0,0,33.4187851,0,9.138216972,0,2.527675867,0,29.14385414,0,2.94140672683716,0.764882922172546,8.49294853210449,1.6677577495575,6.01118612289429,27.5923366546631,94.8902587890625,8.33432006835938,1.85175931453705,0,0,
180,100.2605896,0,0,0,33.44337845,0,9.144591331,0,2.529720783,0,29.18265915,0,2.94372010231018,0.765521049499512,8.50137519836426,1.67031288146973,6.03649044036865,27.6474914550781,94.9302062988281,8.35467720031738,1.85329401493073,0,0,
181,100.4115219,0,0,0,33.46762466,0,9.15086937,0,2.53173995,0,29.22092247,0,2.94598960876465,0.766147613525391,8.50964260101318,1.6728196144104,6.061448097229,27.7021884918213,94.9705276489258,8.37467479705811,1.85479938983917,0,0,
182,100.5603485,0,0,0,33.49155045,0,9.157054901,0,2.533734322,0,29.25865555,0,2.9482204914093,0.76676470041275,8.5177583694458,1.6752804517746,6.08606147766113,27.7564296722412,95.01123046875,8.39432144165039,1.85627746582031,0,0,
183,100.7049713,0,0,0,33.51478577,0,9.163059235,0,2.535674095,0,29.29530716,0,2.95041036605835,0.767370879650116,8.52572345733643,1.67769527435303,6.11033296585083,27.8102073669434,95.0523071289063,8.4136209487915,1.85772812366486,0,0,
184,100.8474655,0,0,0,33.53767014,0,9.168972015,0,2.53758812,0,29.33142471,0,2.95255732536316,0.76796555519104,8.53353691101074,1.6800639629364,6.13426542282104,27.8635215759277,95.0937423706055,8.43257808685303,1.85915088653564,0,0,
185,100.9878616,0,0,0,33.56023026,0,9.174790382,0,2.539475918,0,29.36700439,0,2.95466613769531,0.768550574779511,8.54120540618896,1.68238878250122,6.15786075592041,27.9163703918457,95.1355361938477,8.45119953155518,1.86054718494415,0,0,
186,101.124054,0,0,0,33.58211136,0,9.180429459,0,2.541309834,0,29.40151596,0,2.95673441886902,0.769124686717987,8.54872798919678,1.68466937541962,6.18112134933472,27.96875,95.1776733398438,8.46948909759521,1.86191701889038,0,0,
187,101.2581406,0,0,0,33.60364151,0,9.185976982,0,2.543117046,0,29.43548584,0,2.95876002311707,0.769687175750732,8.55610466003418,1.68690538406372,6.20405054092407,28.0206604003906,95.2201538085938,8.48744964599609,1.86326014995575,0,0,
188,101.3901138,0,0,0,33.6248436,0,9.191431046,0,2.544898272,0,29.46892166,0,2.96074771881104,0.770240008831024,8.56334114074707,1.68909883499146,6.22665071487427,28.0720977783203,95.2629623413086,8.50508689880371,1.86457753181458,0,0,
189,101.519989,0,0,0,33.64570236,0,9.19679451,0,2.546652794,0,29.50181961,0,2.96270060539246,0.770783960819244,8.57044315338135,1.69125139713287,6.24892473220825,28.1230602264404,95.3060989379883,8.52241039276123,1.86587059497833,0,0,
190,101.6477585,0,0,0,33.66621399,0,9.202066422,0,2.548380613,0,29.53418159,0,2.9646201133728,0.771319508552551,8.57741451263428,1.69336450099945,6.27087497711182,28.1735515594482,95.3495559692383,8.53942584991455,1.86714005470276,0,0,
191,101.7713242,0,0,0,33.68605423,0,9.20716095,0,2.550053596,0,29.56547546,0,2.96650195121765,0.771844565868378,8.58425331115723,1.69543719291687,6.29250478744507,28.2235660552979,95.3933334350586,8.55613422393799,1.86838519573212,0,0,
192,101.8948746,0,0,0,33.70590591,0,9.212249756,0,2.551728249,0,29.59676743,0,2.96834921836853,0.772360384464264,8.59096336364746,1.69747090339661,6.31381750106812,28.2731075286865,95.4374160766602,8.57254314422607,1.86960697174072,0,0,
193,102.0142365,0,0,0,33.72505569,0,9.217161179,0,2.553347349,0,29.62698555,0,2.97016286849976,0.772867560386658,8.59754848480225,1.69946670532227,6.33481550216675,28.322172164917,95.4817962646484,8.58865737915039,1.87080609798431,0,0,
194,102.131485,0,0,0,33.74389267,0,9.221985817,0,2.554939985,0,29.65667725,0,2.97193884849548,0.773364126682281,8.60400581359863,1.70142340660095,6.35550165176392,28.3707618713379,95.5264739990234,8.60447788238525,1.87198162078857,0,0,
195,102.2466354,0,0,0,33.76236725,0,9.226716995,0,2.556505203,0,29.68582344,0,2.97367978096008,0.773851335048676,8.61033821105957,1.70334219932556,6.37587928771973,28.418872833252,95.5714263916016,8.62001037597656,1.87313437461853,0,0,
196,102.3596802,0,0,0,33.78052139,0,9.231360435,0,2.55804348,0,29.71444321,0,2.97538757324219,0.774329721927643,8.61654949188232,1.7052241563797,6.39595127105713,28.4665088653564,95.6166687011719,8.63526058197021,1.87426495552063,0,0,
197,102.4706268,0,0,0,33.79833984,0,9.235913277,0,2.559554815,0,29.74253082,0,2.97706365585327,0.774799704551697,8.62264156341553,1.70707023143768,6.41572093963623,28.5136680603027,95.6621780395508,8.65023326873779,1.87537395954132,0,0,
198,102.5794754,0,0,0,33.81579971,0,9.240377426,0,2.561038256,0,29.77007675,0,2.97870826721191,0.775261282920837,8.62861824035645,1.70888090133667,6.43519067764282,28.5603523254395,95.7079544067383,8.66493320465088,1.87646186351776,0,0,
199,102.6862183,0,0,0,33.83293152,0,9.244752884,0,2.562494516,0,29.79709053,0,2.98032188415527,0.775714516639709,8.63448047637939,1.71065711975098,6.45436429977417,28.6065578460693,95.7540054321289,8.67936420440674,1.87752890586853,0,0,
200,102.7908707,0,0,0,33.84972763,0,9.249036789,0,2.563923836,0,29.82357788,0,2.98190450668335,0.776159465312958,8.64023113250732,1.71239924430847,6.47324466705322,28.6522903442383,95.8003082275391,8.69353199005127,1.87857568264008,0,0,
201,102.8934021,0,0,0,33.86619186,0,9.25323391,0,2.56532526,0,29.84952354,0,2.98345685005188,0.776596128940582,8.64587116241455,1.71410799026489,6.49183511734009,28.6975479125977,95.8468627929688,8.70743942260742,1.87960231304169,0,0,
202,102.9959488,0,0,0,33.88265991,0,9.257428169,0,2.566728354,0,29.87547493,0,2.98498439788818,0.777026653289795,8.65140914916992,1.71578574180603,6.51013851165771,28.7423362731934,95.8936462402344,8.72109603881836,1.88061058521271,0,0,
203,103.0942841,0,0,0,33.89843369,0,9.261445999,0,2.568074465,0,29.90035057,0,2.98648524284363,0.777450025081635,8.65684509277344,1.71743261814117,6.52815866470337,28.7866516113281,95.940673828125,8.73450565338135,1.88160037994385,0,0,
204,103.1905365,0,0,0,33.91386795,0,9.265375137,0,2.569393158,0,29.92469788,0,2.98795223236084,0.777863264083862,8.66217231750488,1.71904635429382,6.5458984375,28.8304977416992,95.9879379272461,8.74766540527344,1.88256978988647,0,0,
205,103.2867737,0,0,0,33.92931366,0,9.269306183,0,2.570712805,0,29.94904327,0,2.98939228057861,0.778269529342651,8.66739845275879,1.72062945365906,6.56336069107056,28.8738746643066,96.0354156494141,8.76058387756348,1.88352108001709,0,0,
206,103.37883,0,0,0,33.94408798,0,9.273058891,0,2.571976185,0,29.972332,0,2.99080443382263,0.77866804599762,8.67252349853516,1.72218203544617,6.5805492401123,28.916784286499,96.083122253418,8.77326393127441,1.88445389270782,0,0,
207,103.470871,0,0,0,33.9588623,0,9.2768116,0,2.573240042,0,29.99561119,0,2.9921875,0.779058516025543,8.6775484085083,1.72370409965515,6.59746694564819,28.9592266082764,96.1310424804688,8.7857084274292,1.88536834716797,0,0,
208,103.5608215,0,0,0,33.97328949,0,9.280477524,0,2.574476242,0,30.01836205,0,2.99354696273804,0.779443025588989,8.68247985839844,1.72519779205322,6.61411714553833,29.0012054443359,96.1791610717773,8.79792499542236,1.88626611232758,0,0,
209,103.6486664,0,0,0,33.98738098,0,9.284053802,0,2.575684547,0,30.04058075,0,2.99487996101379,0.779820203781128,8.68731689453125,1.72666275501251,6.63050317764282,29.0427227020264,96.2274856567383,8.80991554260254,1.88714635372162,0,0,
210,103.7344131,0,0,0,34.00114059,0,9.287545204,0,2.576864719,0,30.0622654,0,2.99618554115295,0.780189454555511,8.69205856323242,1.72809863090515,6.64662742614746,29.0837783813477,96.2760009765625,8.82168197631836,1.88800930976868,0,0,
211,103.8180847,0,0,0,34.01456833,0,9.290947914,0,2.578016996,0,30.08342171,0,2.99746227264404,0.780550479888916,8.69670391082764,1.72950553894043,6.66249418258667,29.1243743896484,96.3247146606445,8.83322715759277,1.8888543844223,0,0,
212,103.9017334,0,0,0,34.0279808,0,9.294347763,0,2.57916975,0,30.1045723,0,2.99871563911438,0.780905485153198,8.70125961303711,1.7308851480484,6.6781063079834,29.164514541626,96.3736114501953,8.84455680847168,1.88968324661255,0,0,
213,103.983284,0,0,0,34.04105759,0,9.297660828,0,2.580294371,0,30.12519264,0,2.99994850158691,0.781255304813385,8.70573043823242,1.73223912715912,6.69346618652344,29.2041969299316,96.4226913452148,8.85567760467529,1.89049696922302,0,0,
214,104.0627518,0,0,0,34.05381012,0,9.300886154,0,2.581390858,0,30.14528275,0,3.0011568069458,0.781598329544067,8.71011447906494,1.73356688022614,6.70857763290405,29.2434272766113,96.4719543457031,8.86659145355225,1.89129483699799,0,0,
215,104.1422119,0,0,0,34.06655121,0,9.304111481,0,2.58248806,0,30.16537094,0,3.00234460830688,0.781935811042786,8.71441745758057,1.73486995697021,6.72344398498535,29.2822074890137,96.5213775634766,8.87730407714844,1.89207792282104,0,0,
216,104.2174911,0,0,0,34.07863235,0,9.3071661,0,2.58352828,0,30.18440056,0,3.0035080909729,0.78226625919342,8.71863746643066,1.73614752292633,6.73806858062744,29.3205413818359,96.5709686279297,8.88781547546387,1.89284574985504,0,0,
217,104.2927551,0,0,0,34.09070587,0,9.310216904,0,2.584568977,0,30.20343018,0,3.00464487075806,0.78258889913559,8.72277069091797,1.73739886283875,6.75245380401611,29.3584289550781,96.620719909668,8.89812660217285,1.89359772205353,0,0,
218,104.3680191,0,0,0,34.10276794,0,9.313267708,0,2.585609913,0,30.22245026,0,3.00576519966125,0.782907724380493,8.72682857513428,1.73862791061401,6.76660346984863,29.3958740234375,96.6706237792969,8.90824794769287,1.89433634281158,0,0,
219,104.4391022,0,0,0,34.11417007,0,9.316145897,0,2.586593866,0,30.24041748,0,3.00686383247375,0.78322046995163,8.73080921173096,1.73983311653137,6.78052043914795,29.4328804016113,96.7206802368164,8.91818046569824,1.8950606584549,0,0,
220,104.5101776,0,0,0,34.12556076,0,9.319022179,0,2.587578058,0,30.25837708,0,3.00793719291687,0.783525586128235,8.73470783233643,1.74101376533508,6.79420804977417,29.4694499969482,96.7708892822266,8.92792415618896,1.89576995372772,0,0,
221,104.5812531,0,0,0,34.13696671,0,9.321899414,0,2.588563204,0,30.27634239,0,3.00899505615234,0.783827245235443,8.7385368347168,1.74217331409454,6.80766916275024,29.5055847167969,96.8212280273438,8.93748950958252,1.89646697044373,0,0,
222,104.64814,0,0,0,34.14768982,0,9.324606895,0,2.589490414,0,30.29324532,0,3.01003193855286,0.78412276506424,8.7422924041748,1.74331045150757,6.82090711593628,29.5412864685059,96.8717041015625,8.94687461853027,1.89715039730072,0,0,
223,104.7150269,0,0,0,34.15842438,0,9.327312469,0,2.590418577,0,30.31015587,0,3.0110445022583,0.784410834312439,8.74596977233887,1.74442374706268,6.83392477035522,29.5765628814697,96.9223098754883,8.95607948303223,1.89781951904297,0,0,
224,104.7819061,0,0,0,34.16914368,0,9.330014229,0,2.591346502,0,30.32704926,0,3.0120415687561,0.784695386886597,8.74958038330078,1.74551701545715,6.84672498703003,29.6114101409912,96.9730453491211,8.96511363983154,1.89847671985626,0,0,
225,104.8446121,0,0,0,34.17919159,0,9.332546234,0,2.592217207,0,30.34289551,0,3.01301741600037,0.784973740577698,8.75311946868896,1.74658858776093,6.8593111038208,29.6458358764648,97.0238952636719,8.97397708892822,1.89912068843842,0,0,
226,104.9094009,0,0,0,34.18957901,0,9.335161209,0,2.593117476,0,30.359264370000002,0,3.01397442817688,0.785246908664703,8.75658988952637,1.74763929843903,6.87168550491333,29.6798419952393,97.0748672485352,8.98267269134521,1.89975225925446,0,0,
227,104.9700012,0,0,0,34.19929886,0,9.337609291,0,2.593959808,0,30.37457657,0,3.01491403579712,0.785515367984772,8.75999450683594,1.74866998195648,6.88385200500488,29.7134304046631,97.1259536743164,8.99120426177979,1.90037167072296,0,0,
228,105.0306091,0,0,0,34.20902252,0,9.340053558,0,2.594802618,0,30.38988495,0,3.01583170890808,0.785777032375336,8.76332855224609,1.74967932701111,6.89581346511841,29.7466049194336,97.1771469116211,8.99957180023193,1.90097832679749,0,0,
229,105.0912094,0,0,0,34.21872711,0,9.342497826,0,2.595645428,0,30.40519333,0,3.01673531532288,0.786035418510437,8.7666015625,1.75067007541656,6.9075722694397,29.7793712615967,97.2284469604492,9.00778388977051,1.90157389640808,0,0,
230,105.1497192,0,0,0,34.2281189,0,9.344859123,0,2.596460104,0,30.41997719,0,3.01762461662292,0.786290049552917,8.76981449127197,1.75164306163788,6.9191312789917,29.8117275238037,97.2798461914063,9.01584339141846,1.90215861797333,0,0,
231,105.206131,0,0,0,34.23717117,0,9.3471317290000009,0,2.597245932,0,30.43423271,0,3.01849341392517,0.786538422107697,8.77296352386475,1.75259625911713,6.93049383163452,29.8436794281006,97.3313369750977,9.02374744415283,1.9027316570282,0,0,
232,105.262558,0,0,0,34.24620819,0,9.349404335,0,2.598031998,0,30.44848061,0,3.01934409141541,0.786781549453735,8.77604961395264,1.75353014469147,6.94166278839111,29.8752307891846,97.382926940918,9.03150081634521,1.90329301357269,0,0,
233,105.3168793,0,0,0,34.25491714,0,9.351592064,0,2.598788977,0,30.46220398,0,3.02017736434937,0.787019908428192,8.77907466888428,1.75444555282593,6.95264101028442,29.9063854217529,97.4346008300781,9.03910636901855,1.90384316444397,0,0,
234,105.3712006,0,0,0,34.26364136,0,9.353778839,0,2.599546671,0,30.47592735,0,3.02099418640137,0.787253618240356,8.78203964233398,1.75534284114838,6.96343088150024,29.9371433258057,97.4863586425781,9.0465669631958,1.90438258647919,0,0,
235,105.4234314,0,0,0,34.27200317,0,9.355881691,0,2.600275278,0,30.48911858,0,3.02179503440857,0.787482976913452,8.78494644165039,1.75622248649597,6.97403573989868,29.9675102233887,97.538200378418,9.0538854598999,1.90491127967834,0,0,
236,105.4756622,0,0,0,34.2803688,0,9.357981682,0,2.601003885,0,30.50230598,0,3.02258014678955,0.78770786523819,8.78779602050781,1.75708484649658,6.98445796966553,29.9974899291992,97.5901031494141,9.06106281280518,1.90542960166931,0,0,
237,105.5278854,0,0,0,34.28874588,0,9.360082626,0,2.601732969,0,30.51549721,0,3.02335548400879,0.78793066740036,8.79059600830078,1.75793242454529,6.99470043182373,30.0270862579346,97.64208984375,9.06810855865479,1.90593898296356,0,0,
238,105.5759354,0,0,0,34.29645157,0,9.362014771,0,2.602404356,0,30.52763557,0,3.02411341667175,0.788147985935211,8.79333972930908,1.7587628364563,7.00476551055908,30.0563011169434,97.6941375732422,9.07501888275146,1.90643835067749,0,0,
239,105.6260757,0,0,0,34.30448532,0,9.364028931,0,2.603104591,0,30.54029465,0,3.02485489845276,0.788360416889191,8.79602813720703,1.75957643985748,7.01465606689453,30.0851383209229,97.7462539672852,9.08179569244385,1.90692746639252,0,0,
240,105.67411800000001,0,0,0,34.31218338,0,9.365959167,0,2.603776217,0,30.55242729,0,3.02558541297913,0.788570404052734,8.79866790771484,1.76037573814392,7.02437496185303,30.1136016845703,97.7984237670898,9.08844661712646,1.9074079990387,0,0,
241,105.7200699,0,0,0,34.31956482,0,9.367807388,0,2.604418755,0,30.56403351,0,3.02629852294922,0.788774788379669,8.80125331878662,1.76115822792053,7.03392457962036,30.1416931152344,97.8506546020508,9.09496784210205,1.90787839889526,0,0,
242,105.7660141,0,0,0,34.32691574,0,9.369650841,0,2.605061293,0,30.575634,0,3.02699494361877,0.788974285125732,8.80378532409668,1.76192426681519,7.04330825805664,30.1694164276123,97.9029388427734,9.10136127471924,1.90833878517151,0,0,
243,105.8119736,0,0,0,34.33427811,0,9.371494293,0,2.605704308,0,30.5872345,0,3.02768039703369,0.789171278476715,8.80627059936523,1.76267611980438,7.05252742767334,30.19677734375,97.9552688598633,9.10763454437256,1.90879058837891,0,0,
244,105.8558426,0,0,0,34.34132004,0,9.373254776,0,2.606318235,0,30.59831429,0,3.0283534526825,0.78936493396759,8.80870723724365,1.76341366767883,7.06158542633057,30.2237758636475,98.0076522827148,9.11378860473633,1.90923404693604,0,0,
245,105.8996964,0,0,0,34.34835052,0,9.375015259,0,2.60693264,0,30.60938644,0,3.02901339530945,0.78955465555191,8.81109714508057,1.76413702964783,7.07048416137695,30.250415802002,98.0600738525391,9.11982536315918,1.90966892242432,0,0,
246,105.9414749,0,0,0,34.35503769,0,9.376690865,0,2.607517481,0,30.61993408,0,3.02965927124023,0.789740204811096,8.81343936920166,1.76484572887421,7.07922649383545,30.276704788208,98.1125335693359,9.12574481964111,1.91009485721588,0,0,
247,105.9832382,0,0,0,34.36174011,0,9.378365517,0,2.608102798,0,30.63047981,0,3.03029084205627,0.789921522140503,8.81573295593262,1.76553976535797,7.08781480789185,30.3026428222656,98.1650390625,9.13154983520508,1.91051197052002,0,0,
248,106.0250092,0,0,0,34.36843872,0,9.380039215,0,2.608688116,0,30.64102554,0,3.03091359138489,0.790100753307343,8.81798553466797,1.76622128486633,7.09625148773193,30.3282337188721,98.2175750732422,9.13724517822266,1.91092169284821,0,0,
249,106.0646896,0,0,0,34.37479019,0,9.381628036,0,2.609244347,0,30.65103912,0,3.03152441978455,0.790276765823364,8.82019519805908,1.76688992977142,7.1045389175415,30.3534812927246,98.2701416015625,9.14283180236816,1.91132378578186,0,0,
250,106.1043701,0,0,0,34.38114166,0,9.383217812,0,2.609800816,0,30.66105843,0,3.03212285041809,0.790448904037476,8.82236099243164,1.76754522323608,7.11267995834351,30.3783874511719,98.3227310180664,9.14831066131592,1.91171777248383,0,0,
251,106.1419525,0,0,0,34.3871727,0,9.384723663,0,2.610328197,0,30.67054749,0,3.03270745277405,0.790617048740387,8.82448196411133,1.76818704605103,7.12067651748657,30.4029579162598,98.3753509521484,9.15368366241455,1.91210353374481,0,0,
252,106.181633,0,0,0,34.39353943,0,9.386313438,0,2.610884905,0,30.68056488,0,3.03328347206116,0.790783166885376,8.82656478881836,1.76881730556488,7.12853050231934,30.4271965026855,98.4279861450195,9.15895366668701,1.91248250007629,0,0,
253,106.2171326,0,0,0,34.39921188,0,9.387731552,0,2.611382961,0,30.68951988,0,3.03384852409363,0.790946006774902,8.8286075592041,1.76943552494049,7.13624477386475,30.4511032104492,98.4806365966797,9.16412448883057,1.91285419464111,0,0,
254,106.2547226,0,0,0,34.40525055,0,9.389239311,0,2.61191082,0,30.69901276,0,3.03440070152283,0.791105031967163,8.83060836791992,1.77004098892212,7.14382171630859,30.4746837615967,98.5333023071289,9.16919422149658,1.9132182598114,0,0,
255,106.2902145,0,0,0,34.41093826,0,9.390658379,0,2.612409353,0,30.70797157,0,3.0349452495575,0.791262269020081,8.83257389068604,1.77063596248627,7.15126323699951,30.4979438781738,98.5859832763672,9.17416858673096,1.91357600688934,0,0,
256,106.3257065,0,0,0,34.41662598,0,9.392080307,0,2.612907887,0,30.7169342,0,3.03547930717468,0.791416227817535,8.83450126647949,1.77121949195862,7.15857172012329,30.5208835601807,98.638671875,9.17904758453369,1.91392695903778,0,0,
257,106.3591232,0,0,0,34.42198944,0,9.393417358,0,2.613377571,0,30.7253685,0,3.03600120544434,0.791566491127014,8.83639049530029,1.7717912197113,7.16574907302856,30.5435066223145,98.6913681030273,9.18383121490479,1.91427075862885,0,0,
258,106.3925171,0,0,0,34.42733002,0,9.394751549,0,2.613846779,0,30.73379517,0,3.03650951385498,0.791712582111359,8.83823871612549,1.7723503112793,7.17279815673828,30.5658187866211,98.7440719604492,9.18852138519287,1.91460692882538,0,0,
259,106.4259338,0,0,0,34.43267822,0,9.396086693,0,2.614316463,0,30.74222755,0,3.03700947761536,0.791856706142426,8.84005165100098,1.77289879322052,7.17972040176392,30.5878219604492,98.7967681884766,9.1931209564209,1.91493654251099,0,0,
260,106.4572525,0,0,0,34.43770218,0,9.397338867,0,2.614757061,0,30.75013351,0,3.03749871253967,0.791997671127319,8.84182739257813,1.77343606948853,7.1865177154541,30.6095180511475,98.8494720458984,9.19762992858887,1.91525948047638,0,0,
261,106.4885712,0,0,0,34.44271851,0,9.398589134,0,2.61519742,0,30.75803566,0,3.0379753112793,0.792134761810303,8.84356498718262,1.77396142482758,7.19319248199463,30.6309127807617,98.9021759033203,9.20205020904541,1.9155752658844,0,0,
262,106.5198822,0,0,0,34.44773483,0,9.399842262,0,2.615637779,0,30.76593781,0,3.03844380378723,0.792270004749298,8.84526824951172,1.77447664737701,7.19974660873413,30.652006149292,98.9548645019531,9.20638370513916,1.91588485240936,0,0,
263,106.5512009,0,0,0,34.45275116,0,9.401090622,0,2.616078615,0,30.77383995,0,3.03890752792358,0.792404234409332,8.84694290161133,1.77498304843903,7.20618200302124,30.6728057861328,99.0075454711914,9.21063709259033,1.91618931293488,0,0,
264,106.5804367,0,0,0,34.45743179,0,9.402258873,0,2.616490126,0,30.78121948,0,3.03936243057251,0.792535901069641,8.84858512878418,1.77548003196716,7.21250057220459,30.6933116912842,99.0602111816406,9.21480846405029,1.91648817062378,0,0,
265,106.6096497,0,0,0,34.46212387,0,9.403427124,0,2.616901398,0,30.78859329,0,3.0398063659668,0.792663991451263,8.85019302368164,1.77596664428711,7.21870470046997,30.7135276794434,99.1128616333008,9.21889781951904,1.91678047180176,0,0,
266,106.6388855,0,0,0,34.46680832,0,9.404592514,0,2.617312908,0,30.79597092,0,3.04024314880371,0.792790293693542,8.85177135467529,1.77644419670105,7.22479629516602,30.7334594726563,99.1655044555664,9.22290897369385,1.91706764698029,0,0,
267,106.6660233,0,0,0,34.4711647,0,9.405675888,0,2.617695332,0,30.80282211,0,3.04067015647888,0.792913436889648,8.8533182144165,1.77691185474396,7.23077726364136,30.7531089782715,99.2181167602539,9.22684192657471,1.91734898090363,0,0,
268,106.6952438,0,0,0,34.47582245,0,9.406841278,0,2.618106365,0,30.81018829,0,3.04109072685242,0.793035089969635,8.85483646392822,1.7773711681366,7.23664903640747,30.7724800109863,99.2707138061523,9.23070049285889,1.91762518882751,0,0,
269,106.7202911,0,0,0,34.47985077,0,9.407840729,0,2.618459702,0,30.81651115,0,3.04150128364563,0.793153762817383,8.8563232421875,1.77782118320465,7.24241399765015,30.7915725708008,99.3232879638672,9.23448276519775,1.91789567470551,0,0,
270,106.7474365,0,0,0,34.48420334,0,9.408924103,0,2.618842125,0,30.82336426,0,3.04190039634705,0.79326868057251,8.8577766418457,1.77826082706451,7.24807357788086,30.8103942871094,99.3758392333984,9.23818969726563,1.91816008090973,0,0,
271,106.7745743,0,0,0,34.48854446,0,9.41000843,0,2.619225025,0,30.83021164,0,3.04229807853699,0.793384194374084,8.85920906066895,1.77869415283203,7.25362920761108,30.8289470672607,99.428352355957,9.24182891845703,1.91842067241669,0,0,
272,106.799614,0,0,0,34.49256134,0,9.411005974,0,2.619577885,0,30.83653069,0,3.04268884658813,0.793497622013092,8.86061382293701,1.77911949157715,7.25908374786377,30.8472328186035,99.480842590332,9.24539852142334,1.91867661476135,0,0,
273,106.8246613,0,0,0,34.49656296,0,9.412003517,0,2.619930744,0,30.84284592,0,3.04306983947754,0.793607652187347,8.86198997497559,1.77953600883484,7.26443815231323,30.865255355835,99.5332946777344,9.24889850616455,1.91892695426941,0,0,
274,106.8476334,0,0,0,34.50024796,0,9.412920952,0,2.620254993,0,30.84864426,0,3.04343891143799,0.793713867664337,8.86333465576172,1.7799426317215,7.26969432830811,30.8830184936523,99.5857162475586,9.25232601165771,1.9191712141037,0,0,
275,106.8726807,0,0,0,34.50426102,0,9.413917542,0,2.620608091,0,30.8549633,0,3.04380059242249,0.793818175792694,8.86465167999268,1.78034102916718,7.27485370635986,30.9005260467529,99.6380996704102,9.25568580627441,1.91941058635712,0,0,
276,106.8956375,0,0,0,34.50793457,0,9.414834023,0,2.620931864,0,30.86075401,0,3.0441575050354,0.793921649456024,8.86594486236572,1.78073227405548,7.2799186706543,30.9177761077881,99.6904373168945,9.25898265838623,1.9196457862854,0,0,
277,106.918602,0,0,0,34.51161575,0,9.415747643,0,2.621255875,0,30.86654854,0,3.04450607299805,0.79402232170105,8.86721038818359,1.78111517429352,7.28489017486572,30.9347763061523,99.7427444458008,9.26221370697021,1.91987586021423,0,0,
278,106.9415588,0,0,0,34.51530075,0,9.416664124,0,2.621580124,0,30.87234306,0,3.04484915733337,0.794121742248535,8.86845302581787,1.78149092197418,7.28976964950562,30.9515285491943,99.7950057983398,9.26538276672363,1.92010176181793,0,0,
279,106.9645233,0,0,0,34.51897812,0,9.41757679,0,2.621904135,0,30.87813377,0,3.04518890380859,0.794220566749573,8.86967468261719,1.78186070919037,7.29455900192261,30.9680366516113,99.8472137451172,9.26849269866943,1.92032420635223,0,0,
280,106.9853973,0,0,0,34.52232742,0,9.418409348,0,2.62219882,0,30.88340187,0,3.04552054405212,0.794316709041595,8.87087249755859,1.7822231054306,7.29926013946533,30.9843044281006,99.8993835449219,9.27154159545898,1.92054212093353,0,0,
281,107.0062637,0,0,0,34.5256691,0,9.4192409519999991,0,2.622493744,0,30.88866806,0,3.04584217071533,0.794409394264221,8.87204265594482,1.78257691860199,7.30387449264526,31.0003337860107,99.9515075683594,9.27452945709229,1.92075479030609,0,0,
282,107.0271225,0,0,0,34.52899933,0,9.420070648,0,2.622788191,0,30.89392853,0,3.04615712165833,0.794500350952148,8.87318897247314,1.78292322158813,7.30840301513672,31.0161285400391,100.003578186035,9.27745723724365,1.92096304893494,0,0,
283,107.0479965,0,0,0,34.53234863,0,9.420903206,0,2.623082876,0,30.89919472,0,3.04646778106689,0.79459035396575906,8.87431335449219,1.78326344490051,7.31284761428833,31.0316905975342,100.055595397949,9.28032970428467,1.92116749286652,0,0,
284,107.0688782,0,0,0,34.53569794,0,9.421731949,0,2.623378038,0,30.90446091,0,3.04677581787109,0.794680058956146,8.87541961669922,1.78359842300415,7.31720924377441,31.0470199584961,100.107566833496,9.28314876556396,1.92136895656586,0,0,
285,107.0876541,0,0,0,34.53870392,0,9.422480583,0,2.62364316,0,30.90919685,0,3.04707646369934,0.794767320156097,8.87650394439697,1.78392648696899,7.32149028778076,31.0621242523193,100.159477233887,9.28591251373291,1.92156636714935,0,0,
286,107.1064377,0,0,0,34.5417099,0,9.423228264,0,2.62390852,0,30.91393661,0,3.04736709594727,0.794851005077362,8.87756252288818,1.78424656391144,7.32569169998169,31.0770053863525,100.211326599121,9.28861808776855,1.9217586517334,0,0,
287,107.1252213,0,0,0,34.54473114,0,9.423975945,0,2.624174118,0,30.91868019,0,3.04765105247498,0.794932961463928,8.87859916687012,1.7845597267150899,7.32981491088867,31.0916633605957,100.263122558594,9.2912712097168,1.92194712162018,0,0,
288,107.1439972,0,0,0,34.54773331,0,9.424722672,0,2.624439478,0,30.92341232,0,3.04793119430542,0.795014202594757,8.87961578369141,1.78486728668213,7.33386135101318,31.1061038970947,100.31485748291,9.29387283325195,1.92213213443756,0,0,
289,107.1627808,0,0,0,34.55073929,0,9.425469398,0,2.624705076,0,30.92815208,0,3.04820895195007,0.795095026493073,8.88061618804932,1.78516972064972,7.33783197402954,31.1203289031982,100.36653137207,9.29642486572266,1.92231404781342,0,0,
290,107.1815643,0,0,0,34.55376053,0,9.426218033,0,2.624970913,0,30.93289375,0,3.04848504066467,0.795175611972809,8.88160133361816,1.78546798229218,7.34172868728638,31.1343441009521,100.418144226074,9.29893112182617,1.92249357700348,0,0,
291,107.1982651,0,0,0,34.55643082,0,9.42688179,0,2.625206947,0,30.93710327,0,3.04875421524048,0.795253872871399,8.88256740570068,1.78576028347015,7.34555244445801,31.1481475830078,100.469696044922,9.30138874053955,1.92266964912415,0,0,
292,107.2149506,0,0,0,34.5591011,0,9.427544594,0,2.625442982,0,30.9413147,0,3.04901385307312,0.795328676700592,8.88350963592529,1.78604543209076,7.34930515289307,31.1617450714111,100.521179199219,9.30379486083984,1.92284119129181,0,0,
293,107.2316513,0,0,0,34.56176758,0,9.428211212,0,2.625678778,0,30.94552231,0,3.04926729202271,0.795401751995087,8.88443183898926,1.78632426261902,7.35298728942871,31.1751384735107,100.57258605957,9.30615329742432,1.92300879955292,0,0,
294,107.2483444,0,0,0,34.56444931,0,9.428874969,0,2.6259150509999998,0,30.94973373,0,3.04951691627502,0.795474052429199,8.88533687591553,1.78659808635712,7.35660028457642,31.1883296966553,100.623931884766,9.3084659576416,1.9231733083725,0,0,
295,107.2650375,0,0,0,34.56712341,0,9.429537773,0,2.626151085,0,30.95394135,0,3.04976391792297,0.795545995235443,8.88622665405273,1.78686738014221,7.36014556884766,31.201322555542,100.67520904541,9.31073570251465,1.92333519458771,0,0,
296,107.2796402,0,0,0,34.56946182,0,9.430117607,0,2.626357794,0,30.95763016,0,3.05000352859497,0.795615434646606,8.88709735870361,1.78713059425354,7.36362457275391,31.2141170501709,100.726417541504,9.31295967102051,1.92349338531494,0,0,
297,107.2963486,0,0,0,34.57214355,0,9.430781364,0,2.626594305,0,30.9618454,0,3.05023884773254,0.795683681964874,8.8879508972168,1.78738844394684,7.36703777313232,31.2267189025879,100.777542114258,9.31513977050781,1.92364859580994,0,0,
298,107.3109589,0,0,0,34.57447052,0,9.431361198,0,2.626801014,0,30.96552658,0,3.05047106742859,0.795751333236694,8.88878917694092,1.787642121315,7.37038707733154,31.2391300201416,100.828598022461,9.31727886199951,1.92380118370056,0,0,
299,107.3255615,0,0,0,34.57683182,0,9.431941986,0,2.627007961,0,30.96921349,0,3.05069613456726,0.795816421508789,8.88960838317871,1.7878897190094,7.37367343902588,31.2513523101807,100.879570007324,9.31937408447266,1.92394995689392,0,0,
