"Time Step","Softwood Merchantable","Hardwood Merchantable","Softwood Submerchantable","Hardwood Submerchantable","Softwood Other","Hardwood Other","Softwood Foliage","Hardwood Foliage","Softwood Fine Roots","Hardwood Fine Roots","Softwood Coarse Roots","Hardwood Coarse Roots","Aboveground Very Fast DOM","Belowground Very Fast DOM","Aboveground Fast DOM","Belowground Fast DOM","Medium DOM","Aboveground Slow DOM","Belowground Slow DOM","Softwood Stem Snag","Softwood Branch Snag","Hardwood Stem Snag","Hardwood Branch Snag",
0,0.008425734006,0,0,0,0,0,0.0954624936,0,0.009802273475,0,0.01326091308,0,12.0576677322388,1.15580272674561,39.2188758850098,8.41860103607178,10.0033235549927,32.9280815124512,89.061897277832,1.86667348316405e-5,0,0,0,
1,0.03549707681,0,0,0,0,0,0.3006355166,0,0.03155241534,0,0.043069016189999997,0,8.83142375946045,0.685071766376495,34.5968627929688,7.42664909362793,9.69605255126953,33.7731170654297,89.2208633422852,1.1510037438711e-4,0,0,0,
2,0.08229964972,0,0,0,0,0,0.5849338174,0,0.06217453629,0,0.08595129102,0,6.49760770797729,0.412595182657242,30.5199108123779,6.55192756652832,9.39822196960449,34.3546867370605,89.3308410644531,3.7067793891765e-4,0,0,0,
3,0.1493988484,0,0,0,0,0,0.9346499443,0,0.1000870988,0,0.1405717134,0,4.82317876815796,0.258485168218613,26.9238929748535,5.78072881698608,9.10954761505127,34.7322845458984,89.4070816040039,8.666202193126e-4,0,0,0,
4,0.237151742,0,0,0,0,0,1.340693593,0,0.1440981776,0,0.2061834782,0,3.63666653633118,0.175398319959641,23.7522239685059,5.10095262527466,8.82975578308105,34.9516334533691,89.4591979980469,0.00168238522019237,0,0,0,
5,0.3457870781,0,0,0,0,0,1.796163082,0,0.1932001114,0,0.2823128104,0,2.81191372871399,0.135225355625153,20.9549884796143,4.50191879272461,8.55858421325684,35.048095703125,89.4934158325195,0.00289500458166003,0,0,0,
6,0.4754396975,0,0,0,0,0,2.295417309,0,0.2464978993,0,0.368632406,0,2.25603914260864,0.121220506727695,18.4881439208984,3.97420263290405,8.29577922821045,35.0492248535156,89.5139236450195,0.00457870587706566,0,0,0,
7,0.6261686683,0,0,0,0,0,2.83362937,0,0.3031789064,0,0.4648962617,0,1.9005800485611,0.123353496193886,16.3128433227539,3.50948715209961,8.04109954833984,34.976634979248,89.5236663818359,0.00680466694757342,0,0,0,
8,0.797968328,0,0,0,0,0,3.406541109,0,0.3624992371,0,0.5709017515,0,1.69498753547668,0.135566025972366,14.3948106765747,3.10043430328369,7.7943115234375,34.8474311828613,89.5247802734375,0.00964084733277559,0,0,0,
9,0.9907752275,0,0,0,0,0,4.010314465,0,0.4237769842,0,0.6864649057,0,1.60185611248016,0.154152989387512,12.7038116455078,2.74056887626648,7.55519247055054,34.6752281188965,89.5188903808594,0.0131518691778183,0,0,0,
10,1.204473138,0,0,0,0,0,4.641438961,0,0.4863886833,0,0.8114037514,0,1.59342730045319,0.176807552576065,11.213171005249,2.42417740821838,7.32352733612061,34.4709510803223,89.5073089599609,0.0173989292234182,0,0,0,
11,1.438897252,0,0,0,0,0,5.296666145,0,0.5497679114,0,0.9455271363,0,1.64902806282043,0.202057778835297,9.89935684204102,2.14621782302856,7.09911012649536,34.2434387207031,89.491081237793,0.0224397294223309,0,0,0,
12,1.693836331,0,0,0,0,0,5.972970009,0,0.6134037971,0,1.088627219,0,1.7531943321228,0.228934496641159,8.74160957336426,1.90224075317383,6.88174247741699,33.9998588562012,89.471076965332,0.0283284373581409,0,0,0,
13,1.969035983,0,0,0,0,0,6.667512417,0,0.6768396497,0,1.240473986,0,1.89429700374603,0.256775110960007,7.72161293029785,1.68831932544708,6.67123460769653,33.7460823059082,89.4480590820313,0.0351156517863274,0,0,0,
14,2.264200687,0,0,0,0,0,7.377622604,0,0.7396720052,0,1.400812864,0,2.06353521347046,0.285107910633087,6.82320833206177,1.50098729133606,6.46740341186523,33.4869155883789,89.4226531982422,0.0428483821451664,0,0,0,
15,2.578994989,0,0,0,0.3250683248,0,7.775712013,0,0.8015482426,0,1.569361925,0,2.24232006072998,0.313583463430405,6.03643989562988,1.3371844291687,6.27007341384888,33.2256393432617,89.3954086303711,0.0515700280666351,0.00152956182137132,0,0,
16,2.913046598,0,0,0,0.8985202312,0,7.936083317,0,0.8621649742,0,1.74581337,0,2.40773439407349,0.341933935880661,5.35594463348389,1.19420874118805,6.07907485961914,32.9638404846191,89.3667831420898,0.0613204017281532,0.00705290166661143,0,0,
17,3.265947104,0,0,0,1.491704345,0,8.085133553,0,0.9212652445,0,1.929833055,0,2.55395150184631,0.369948476552963,4.77316522598267,1.06967377662659,5.89424562454224,32.7025146484375,89.3371658325195,0.0721357092261314,0.0172204077243805,0,0,
18,3.637254238,0,0,0,2.101421356,0,8.223930359,0,0.9786362052,0,2.121062517,0,2.68497037887573,0.397458553314209,4.27754020690918,0.961471438407898,5.71542930603027,32.4426536560059,89.3068771362305,0.0840485692024231,0.0314919948577881,0,0,
19,4.026493073,0,0,0,2.724720478,0,8.353404999,0,1.034105539,0,2.319119692,0,2.80374121665955,0.4243283867836,3.85961985588074,0.867738604545593,5.54247522354126,32.1852149963379,89.2761764526367,0.0970880538225174,0.0493812896311283,0,0,
20,4.433157921,0,0,0,3.358873606,0,8.474380493,0,1.087539077,0,2.523604393,0,2.91244864463806,0.450449049472809,3.51094746589661,0.786828458309174,5.37523794174194,31.9311046600342,89.2453002929688,0.111279703676701,0.070449635386467,0,0,
21,4.856714725,0,0,0,4.001353741,0,8.587580681,0,1.138836741,0,2.734097481,0,3.01271820068359,0.475734174251556,3.22395014762878,0.717284560203552,5.21357822418213,31.681131362915,89.2144317626953,0.126645535230637,0.094300776720047,0,0,
22,5.296601772,0,0,0,4.64981842,0,8.693652153,0,1.187930107,0,2.950165749,0,3.10576796531677,0.500117063522339,2.99184536933899,0.65781843662262,5.05736064910889,31.4360256195068,89.1837158203125,0.143204122781754,0.120576187968254,0,0,
23,5.752231598,0,0,0,5.302093983,0,8.793169975,0,1.234778404,0,3.171365738,0,3.19252038002014,0.523547887802124,2.80855393409729,0.607289493083954,4.90645503997803,31.1964225769043,89.1532821655273,0.160970628261566,0.148950964212418,0,0,
24,6.222992897,0,0,0,5.956166267,0,8.886650085,0,1.27936554,0,3.397243977,0,3.27368259429932,0.545992136001587,2.668625831604,0.564687728881836,4.7607364654541,30.9628715515137,89.1232147216797,0.179956838488579,0.179130181670189,0,0,
25,6.708253384,0,0,0,6.610167027,0,8.974556923,0,1.321697593,0,3.627343178,0,3.34980607032776,0.567428410053253,2.56717133522034,0.529118120670319,4.62008285522461,30.7358360290527,89.0936126708984,0.200171247124672,0.210845857858658,0,0,
26,7.207359314,0,0,0,7.262368202,0,9.057309151,0,1.361798406,0,3.861203671,0,3.42132997512817,0.58784693479538,2.49980211257935,0.499787092208862,4.48437643051147,30.5156955718994,89.0645217895508,0.221619054675102,0.243854030966759,0,0,
27,7.719638824,0,0,0,7.911171436,0,9.135284424,0,1.399708629,0,4.098364353,0,3.48861074447632,0.60724800825119,2.46257734298706,0.475990504026413,4.35350370407104,30.3027629852295,89.0359878540039,0.244302347302437,0.277932435274124,0,0,
28,8.244403839,0,0,0,8.555104256,0,9.208826065,0,1.43548131,0,4.33836937,0,3.55194759368896,0.625640690326691,2.45195627212524,0.457103163003922,4.22735452651978,30.0972805023193,89.008056640625,0.268220067024231,0.312878400087357,0,0,
29,8.780952454,0,0,0,9.192811966,0,9.278247833,0,1.469180703,0,4.580766201,0,3.61159682273865,0.643041431903839,2.46475625038147,0.442569583654404,4.10582208633423,29.8994274139404,88.9807510375977,0.293368101119995,0.348506927490234,0,0,
30,9.328567505,0,0,0,9.823050499,0,9.343833923,0,1.500879884,0,4.825110912,0,3.66778254508972,0.659472942352295,2.49811506271362,0.431895762681961,3.98880314826965,29.7093315124512,88.9540786743164,0.319739401340485,0.384649157524109,0,0,
31,9.886523247,0,0,0,10.44468594,0,9.405843735,0,1.530658245,0,5.070967674,0,3.72070741653442,0.674962818622589,2.54945755004883,0.424642086029053,3.87619638442993,29.5270729064941,88.9280624389648,0.347324103116989,0.421150833368301,0,0,
32,10.45408249,0,0,0,11.0566864,0,9.464517593,0,1.558599949,0,5.317913532,0,3.77055621147156,0.689542889595032,2.61646628379822,0.420416921377182,3.76790404319763,29.3526878356934,88.9027099609375,0.376109510660172,0.457871109247208,0,0,
33,11.03050327,0,0,0,11.65811729,0,9.520072937,0,1.584792614,0,5.565537453,0,3.81750178337097,0.703248202800751,2.69705414772034,0.418871134519577,3.66383123397827,29.1861724853516,88.8780136108398,0.40608024597168,0.494681477546692,0,0,
34,11.61503696,0,0,0,12.24813747,0,9.572710991,0,1.609325647,0,5.813441277,0,3.86170506477356,0.716116011142731,2.78934240341187,0.419693171977997,3.56388473510742,29.0274963378906,88.8539810180664,0.437218397855759,0.531464755535126,0,0,
35,12.20693111,0,0,0,12.8259964,0,9.622617722,0,1.632288933,0,6.061242104,0,3.90332007408142,0.72818523645401,2.89163851737976,0.422604709863663,3.46797394752502,28.8765964508057,88.8306121826172,0.469503462314606,0.568114161491394,0,0,
36,12.80543137,0,0,0,13.39103031,0,9.669963837,0,1.653772354,0,6.3085742,0,3.94249272346497,0.739495813846588,3.00241804122925,0.427356988191605,3.37601089477539,28.7333850860596,88.8078918457031,0.502912700176239,0.604532539844513,0,0,
37,13.40978432,0,0,0,13.94265366,0,9.714906693,0,1.673864365,0,6.555086136,0,3.97936272621155,0.750088214874268,3.1203076839447,0.433727383613586,3.28790879249573,28.5977516174316,88.7858276367188,0.537420988082886,0.640631914138794,0,0,
38,14.01923847,0,0,0,14.48036289,0,9.757593155,0,1.692651033,0,6.8004465100000004,0,4.01406383514404,0.760002493858337,3.24407148361206,0.44151645898819,3.20358324050903,28.4695720672607,88.7644119262695,0.573001086711884,0.676332414150238,0,0,
39,14.63304329,0,0,0,15.00372601,0,9.798157692,0,1.710216761,0,7.044338226,0,4.04672384262085,0.769278645515442,3.37259602546692,0.450545519590378,3.12295150756836,28.3487014770508,88.7436294555664,0.609623670578003,0.711562216281891,0,0,
40,15.25045586,0,0,0,15.51238346,0,9.836725235,0,1.726642251,0,7.286461353,0,4.07746505737305,0.777955710887909,3.50488018989563,0.460654079914093,3.04593229293823,28.2349872589111,88.7234878540039,0.647257626056671,0.746256649494171,0,0,
41,15.87074089,0,0,0,16.00604057,0,9.87341404,0,1.742005348,0,7.526538849,0,4.10640525817871,0.786071717739105,3.64002370834351,0.471698135137558,2.97244620323181,28.1282653808594,88.703971862793,0.685869812965393,0.780357778072357,0,0,
42,16.49316788,0,0,0,16.48446846,0,9.908331871,0,1.756379843,0,7.764306068,0,4.13365459442139,0.793663322925568,3.77721810340881,0.483548134565353,2.90241527557373,28.0283584594727,88.6850814819336,0.725425481796265,0.813814222812653,0,0,
43,17.11701775,0,0,0,16.94749641,0,9.941578865,0,1.769835949,0,7.999517918,0,4.15931940078735,0.800765812397003,3.9157381057739298,0.496087729930878,2.83576226234436,27.9350852966309,88.6668167114258,0.765888392925262,0.846580505371094,0,0,
44,17.74158478,0,0,0,17.39501381,0,9.973249435,0,1.782440186,0,8.231945992,0,4.18350028991699,0.807412803173065,4.05493402481079,0.509212076663971,2.77241182327271,27.8482608795166,88.649169921875,0.807220757007599,0.878616809844971,0,0,
45,18.3661747,0,0,0,17.82695961,0,10.00343227,0,1.794255137,0,8.461381912,0,4.20629262924194,0.813636422157288,4.19422483444214,0.522826731204987,2.71228909492493,27.767692565918,88.6321334838867,0.849383413791656,0.909888565540314,0,0,
46,18.99010658,0,0,0,18.24332237,0,10.03220844,0,1.805339217,0,8.687633514,0,4.22778606414795,0.819466888904572,4.33309268951416,0.536846697330475,2.65532088279724,27.6931858062744,88.6157073974609,0.892336070537567,0.940366208553314,0,0,
47,19.61271286,0,0,0,18.64414024,0,10.05965424,0,1.815747142,0,8.910516739,0,4.24806547164917,0.824932754039764,4.47107601165771,0.551195323467255,2.60143494606018,27.6245441436768,88.5998992919922,0.936037302017212,0.970024764537811,0,0,
48,20.23334885,0,0,0,19.02949524,0,10.08584213,0,1.825530171,0,9.129878044,0,4.26721096038818,0.830061018466949,4.60776662826538,0.565803468227386,2.55055975914001,27.5615692138672,88.5846939086914,0.980444669723511,0.998843789100647,0,0,
49,20.8513813,0,0,0,19.39950752,0,10.11083984,0,1.834735394,0,9.345567703,0,4.28529739379883,0.834876596927643,4.7428035736084,0.580608785152435,2.50262475013733,27.5040664672852,88.5700988769531,1.025514960289,1.02680671215057,0,0,
50,21.46619606,0,0,0,19.7543335,0,10.1347084,0,1.843406916,0,9.55745697,0,4.30239486694336,0.839402914047241,4.8758692741394,0.595555126667023,2.45756006240845,27.4518375396729,88.5561065673828,1.07120430469513,1.05390083789825,0,0,
51,22.07720375,0,0,0,20.09416962,0,10.15750885,0,1.851585031,0,9.765426636,0,4.31856870651245,0.843661785125732,5.00668621063232,0.610591769218445,2.41529679298401,27.4046859741211,88.542724609375,1.1174681186676,1.08011722564697,0,0,
52,22.68383217,0,0,0,20.41923714,0,10.17929459,0,1.85930717,0,9.969377518,0,4.33388042449951,0.84767347574234,5.13501262664795,0.625673055648804,2.37576675415039,27.362419128418,88.5299453735352,1.16426122188568,1.10545015335083,0,0,
53,23.28552818,0,0,0,20.72978973,0,10.20011997,0,1.866607904,0,10.16921997,0,4.34838724136353,0.8514564037323,5.26064109802246,0.640757918357849,2.33890199661255,27.3248424530029,88.5177688598633,1.21153831481934,1.12989699840546,0,0,
54,23.88176537,0,0,0,21.02610588,0,10.22003174,0,1.873518348,0,10.3648777,0,4.36214208602905,0.855028092861176,5.38339424133301,0.655809342861176,2.30463624000549,27.2917652130127,88.5061950683594,1.25925362110138,1.15345823764801,0,0,
55,24.47203636,0,0,0,21.30848885,0,10.23907661,0,1.880067825,0,10.55628395,0,4.37519454956055,0.858404278755188,5.50312280654907,0.670794069766998,2.27290296554565,27.2630004882813,88.4952239990234,1.30736124515533,1.17613673210144,0,0,
56,25.05585861,0,0,0,21.57726097,0,10.25729847,0,1.886282563,0,10.74339008,0,4.3875904083252,0.861599385738373,5.61970376968384,0.685682237148285,2.24363660812378,27.2383651733398,88.4848556518555,1.35581541061401,1.19793796539307,0,0,
57,25.63277435,0,0,0,21.83276176,0,10.27473831,0,1.892186761,0,10.92615318,0,4.39937210083008,0.864627003669739,5.73303651809692,0.700447082519531,2.21677207946777,27.217679977417,88.4750900268555,1.40457010269165,1.21886968612671,0,0,
58,26.20234871,0,0,0,22.0753479,0,10.29143333,0,1.897802711,0,11.10454464,0,4.41057920455933,0.867499232292175,5.84304237365723,0.715064764022827,2.19224500656128,27.2007656097412,88.4659271240234,1.45357990264893,1.23894190788269,0,0,
59,26.7641716,0,0,0,22.30539131,0,10.30742168,0,1.903149843,0,11.27854061,0,4.4212474822998,0.87022739648819,5.94966173171997,0.729513883590698,2.1699914932251,27.1874485015869,88.4573516845703,1.50279939174652,1.25816607475281,0,0,
60,27.31785965,0,0,0,22.52327156,0,10.32273579,0,1.908247113,0,11.44813061,0,4.43141174316406,0.872821629047394,6.05285358428955,0.743775486946106,2.14994812011719,27.1775608062744,88.4493789672852,1.55218327045441,1.27655589580536,0,0,
61,27.86304855,0,0,0,22.72938156,0,10.33740807,0,1.913110852,0,11.61331272,0,4.44110250473022,0.875291287899017,6.15259218215942,0.757832884788513,2.1320524215698202,27.1709403991699,88.4420013427734,1.60168719291687,1.29412651062012,0,0,
62,28.39940453,0,0,0,22.92411613,0,10.35147095,0,1.917756319,0,11.77409267,0,4.45034837722778,0.877644836902618,6.24886751174927,0.771671235561371,2.1162416934967,27.1674213409424,88.4352188110352,1.65126705169678,1.31089425086975,0,0,
63,28.92661858,0,0,0,23.10788155,0,10.36495113,0,1.922196984,0,11.93048096,0,4.4591760635376,0.879890024662018,6.34168243408203,0.785277545452118,2.10245442390442,27.1668491363525,88.4290313720703,1.70087957382202,1.3268768787384,0,0,
64,29.4444046,0,0,0,23.28108215,0,10.37787724,0,1.926445603,0,12.08250046,0,4.46760988235474,0.882033824920654,6.43105220794678,0.798640549182892,2.09062957763672,27.1690731048584,88.4234313964844,1.75048208236694,1.34209322929382,0,0,
65,29.9525013,0,0,0,23.44412994,0,10.390275,0,1.93051374,0,12.23017979,0,4.47567272186279,0.884082734584808,6.51700258255005,0.811750471591949,2.08070659637451,27.173942565918,88.4184112548828,1.80003273487091,1.35656321048737,0,0,
66,30.45067215,0,0,0,23.59742928,0,10.40216827,0,1.934411287,0,12.37354946,0,4.48338651657104,0.886042535305023,6.59956884384155,0.824599027633667,2.07262516021729,27.1813201904297,88.4139785766602,1.84949028491974,1.37030720710754,0,0,
67,30.93870735,0,0,0,23.74139404,0,10.41358089,0,1.938147783,0,12.51264954,0,4.4907693862915,0.887918531894684,6.67879581451416,0.837179183959961,2.06632590293884,27.1910629272461,88.4101257324219,1.89881479740143,1.38334667682648,0,0,
68,31.41641998,0,0,0,23.87642479,0,10.4245348,0,1.941732049,0,12.64752579,0,4.49783945083618,0.889715552330017,6.75473594665527,0.849485039710999,2.06175017356873,27.2030391693115,88.4068450927734,1.9479672908783,1.39570343494415,0,0,
69,31.8836441,0,0,0,24.00292778,0,10.43505001,0,1.945171714,0,12.77822971,0,4.50461387634277,0.891437888145447,6.82744789123535,0.861512005329132,2.05883955955505,27.2171192169189,88.4041442871094,1.99690937995911,1.40739977359772,0,0,
70,32.34024048,0,0,0,24.12129784,0,10.44514656,0,1.94847393,0,12.90480995,0,4.51110744476318,0.893089711666107,6.89699697494507,0.873256266117096,2.05753636360168,27.2331771850586,88.4020080566406,2.04560446739197,1.4184582233429,0,0,
71,32.78609085,0,0,0,24.23192596,0,10.45484447,0,1.951645494,0,13.02732944,0,4.51733446121216,0.894674599170685,6.96345329284668,0.88471508026123,2.05778360366821,27.2510948181152,88.4004287719727,2.09401679039001,1.42890191078186,0,0,
72,33.22109985,0,0,0,24.33519745,0,10.46415997,0,1.954692006,0,13.14585114,0,4.52330875396729,0.896195888519287,7.02689218521118,0.895886600017548,2.05952477455139,27.2707557678223,88.3994140625,2.1421115398407,1.4387538433075,0,0,
73,33.64519119,0,0,0,24.43148994,0,10.4731102,0,1.957619548,0,13.26043415,0,4.52904176712036,0.897656619548798,7.08739185333252,0.906769514083862,2.06270432472229,27.292049407959,88.3989486694336,2.18985557556152,1.44803714752197,0,0,
74,34.05831909,0,0,0,24.52117157,0,10.48171139,0,1.960432768,0,13.37115383,0,4.53454542160034,0.899059653282166,7.14503526687622,0.91736364364624,2.06726694107056,27.3148670196533,88.3990249633789,2.23721671104431,1.45677471160889,0,0,
75,34.46044159,0,0,0,24.604599,0,10.48997879,0,1.963136792,0,13.47807884,0,4.53983068466187,0.900407612323761,7.19990587234497,0.927669048309326,2.07315850257874,27.3391075134277,88.3996429443359,2.28416442871094,1.4649897813797,0,0,
76,35.16828156,0,0,0,24.6268158,0,10.70960999,0,1.968305945,0,13.68373871,0,4.55294275283813,0.9019455909729,7.25181102752686,0.938138604164124,2.08032512664795,27.3652057647705,88.4008331298828,2.33137106895447,1.47244465351105,0,0,
77,35.48739624,0,0,0,24.66918755,0,10.70140457,0,1.970220208,0,13.76025295,0,4.57108116149902,0.903521001338959,7.30035591125488,0.948618948459625,2.08873581886292,27.3933868408203,88.4026107788086,2.3786404132843,1.47906255722046,0,0,
78,35.79877853,0,0,0,24.71055031,0,10.69404888,0,1.972087622,0,13.83506203,0,4.5842113494873,0.904806613922119,7.34553813934326,0.958531498908997,2.09835457801819,27.4232025146484,88.4049453735352,2.4250910282135,1.48506164550781,0,0,
79,36.10493088,0,0,0,24.75124168,0,10.68742275,0,1.973923326,0,13.90875435,0,4.59372997283936,0.905914008617401,7.38766527175903,0.967930734157562,2.10911846160889,27.4543132781982,88.4077987670898,2.47073292732239,1.49052882194519,0,0,
80,36.40090561,0,0,0,24.79060555,0,10.68158245,0,1.975698352,0,13.98012829,0,4.60065364837646,0.906907558441162,7.42700910568237,0.976862013339996,2.12096738815308,27.486457824707,88.4111557006836,2.51556968688965,1.49553608894348,0,0,
81,36.68920135,0,0,0,24.82897377,0,10.67642117,0,1.977427721,0,14.04977322,0,4.60572195053101,0.907824099063873,7.46380805969238,0.985362708568573,2.13384318351746,27.5194396972656,88.4150085449219,2.55959939956665,1.50014269351959,0,0,
82,36.97232056,0,0,0,24.86667061,0,10.67184353,0,1.979126573,0,14.11827755,0,4.60947179794312,0.908688068389893,7.49829196929932,0.993470847606659,2.1476891040802,27.5531024932861,88.4193267822266,2.60283136367798,1.50440227985382,0,0,
83,37.2477951,0,0,0,24.90335846,0,10.66784763,0,1.980780482,0,14.18503857,0,4.61229181289673,0.909513890743256,7.53066873550415,1.00121998786926,2.16245055198669,27.5873241424561,88.4241180419922,2.64527487754822,1.50836002826691,0,0,
84,37.51563644,0,0,0,24.93904686,0,10.66439438,0,1.982389331,0,14.25004578,0,4.61446285247803,0.910308718681335,7.56111669540405,1.00863707065582,2.17807531356812,27.6220073699951,88.4293594360352,2.68693280220032,1.51205265522003,0,0,
85,37.77835083,0,0,0,24.97407913,0,10.66141224,0,1.983968616,0,14.31390381,0,4.61618757247925,0.911078214645386,7.58980703353882,1.01574838161469,2.19451212882996,27.657075881958,88.4350509643555,2.72781372070313,1.51551282405853,0,0,
86,38.03346634,0,0,0,25.00810623,0,10.65889168,0,1.985503316,0,14.3760004,0,4.6176118850708,0.911825895309448,7.61688995361328,1.02257704734802,2.2117121219635,27.6924667358398,88.4411773681641,2.76792597770691,1.51876854896545,0,0,
87,38.28099442,0,0,0,25.04113579,0,10.65679741,0,1.986993551,0,14.43632889,0,4.6188383102417,0.912552177906036,7.64249515533447,1.02914094924927,2.22962784767151,27.7281284332275,88.4477310180664,2.80727195739746,1.52184152603149,0,0,
88,38.52341843,0,0,0,25.07349777,0,10.65507412,0,1.98845458,0,14.49548721,0,4.61994075775146,0.913258969783783,7.66674661636353,1.03545820713043,2.24821376800537,27.7640190124512,88.454704284668,2.84585905075073,1.52475190162659,0,0,
89,38.76076508,0,0,0,25.10518265,0,10.65369701,0,1.989886165,0,14.55347538,0,4.6209716796875,0.913948655128479,7.68976068496704,1.04154765605927,2.26742553710938,27.8001003265381,88.4620971679688,2.88370060920715,1.52751815319061,0,0,
90,38.99055862,0,0,0,25.13588715,0,10.65265369,0,1.991273761,0,14.6096859,0,4.62196731567383,0.914621353149414,7.71163558959961,1.04742312431335,2.28722095489502,27.8363399505615,88.4699020385742,2.9208037853241,1.53015470504761,0,0,
91,39.21281815,0,0,0,25.16558838,0,10.65191269,0,1.992617369,0,14.66411304,0,4.62294912338257,0.915275692939758,7.73245191574097,1.05309402942657,2.30755925178528,27.8727111816406,88.4780960083008,2.95716953277588,1.53267204761505,0,0,
92,39.43001556,0,0,0,25.19461632,0,10.65143681,0,1.99393189,0,14.71735668,0,4.62393379211426,0.915912389755249,7.75228929519653,1.05857145786285,2.32840061187744,27.9091911315918,88.486686706543,2.99280452728271,1.53508043289185,0,0,
93,39.64464188,0,0,0,25.22331619,0,10.65120792,0,1.995232344,0,14.77002239,0,4.62493371963501,0.916534662246704,7.77123212814331,1.06387042999268,2.34970688819885,27.9457588195801,88.4956665039063,3.02772617340088,1.53739190101624,0,0,
94,39.84928894,0,0,0,25.25069427,0,10.65121365,0,1.996473908,0,14.82029247,0,4.62595415115356,0.917141377925873,7.78934240341187,1.06899905204773,2.37144207954407,27.9823932647705,88.5050201416016,3.06193995475769,1.53961360454559,0,0,
95,40.05137634,0,0,0,25.27772713,0,10.65142441,0,1.997701406,0,14.86997604,0,4.62699699401855,0.917732179164886,7.80667543411255,1.07396399974823,2.39357089996338,28.0190773010254,88.5147476196289,3.09545111656189,1.54175138473511,0,0,
96,40.24597168,0,0,0,25.30377388,0,10.65182209,0,1.998885036,0,14.91786289,0,4.62806367874146,0.918308079242706,7.82328653335571,1.07877421379089,2.41605925559998,28.0557918548584,88.5248336791992,3.12827086448669,1.54381155967712,0,0,
97,40.43802261,0,0,0,25.32948494,0,10.65239811,0,2.000054598,0,14.96516514,0,4.62915420532227,0.91886967420578,7.83922576904297,1.08343732357025,2.4388747215271,28.0925254821777,88.535285949707,3.16040897369385,1.54580008983612,0,0,
98,40.62260056,0,0,0,25.35419655,0,10.65312576,0,2.001179934,0,15.01066303,0,4.63026762008667,0.919417381286621,7.8545389175415,1.08796012401581,2.46198630332947,28.1292667388916,88.5460891723633,3.19187521934509,1.54772162437439,0,0,
99,40.80463409,0,0,0,25.378582,0,10.6540041,0,2.002291441,0,15.05557156,0,4.63140201568604,0.919951438903809,7.86926555633545,1.09234857559204,2.48536396026611,28.1660003662109,88.557243347168,3.22267889976501,1.5495799779892,0,0,
100,40.97921371,0,0,0,25.40196991,0,10.65499306,0,2.003358841,0,15.09867287,0,4.63255500793457,0.920472085475922,7.8834400177002,1.09660816192627,2.50897908210754,28.2027130126953,88.5687408447266,3.25282883644104,1.55137872695923,0,0,
101,41.15126801,0,0,0,25.42503548,0,10.65611649,0,2.004412174,0,15.14118576,0,4.63372278213501,0.920979142189026,7.89709568023682,1.10074329376221,2.53280377388,28.2393932342529,88.5805740356445,3.2823338508606,1.55312073230743,0,0,
102,41.31587982,0,0,0,25.44710159,0,10.65732098,0,2.0054214,0,15.18188572,0,4.63490295410156,0.921472728252411,7.91025924682617,1.1047580242157,2.55681180953979,28.2760334014893,88.5927429199219,3.31120204925537,1.55480861663818,0,0,
103,41.47797394,0,0,0,25.46882439,0,10.65863037,0,2.006416559,0,15.22198868,0,4.63609218597412,0.921952903270721,7.9229564666748,1.10865604877472,2.58097791671753,28.3126220703125,88.6052322387695,3.3394410610199,1.55644416809082,0,0,
104,41.6350975,0,0,0,25.48989868,0,10.66001606,0,2.007382393,0,15.26089001,0,4.63728952407837,0.922421097755432,7.93521547317505,1.11244308948517,2.60527753829956,28.3491458892822,88.618049621582,3.36706352233887,1.55803084373474,0,0,
105,41.78970718,0,0,0,25.51063919,0,10.66149235,0,2.008333921,0,15.29919338,0,4.63849353790283,0.92287814617157,7.94706392288208,1.11612439155579,2.62968754768372,28.3856010437012,88.6311798095703,3.39408206939697,1.55957138538361,0,0,
106,41.93690109,0,0,0,25.53038597,0,10.66299915,0,2.009241343,0,15.33568382,0,4.63970041275024,0.923323035240173,7.95851707458496,1.11970162391663,2.65418577194214,28.4219741821289,88.6446151733398,3.42050290107727,1.56106674671173,0,0,
107,42.08159637,0,0,0,25.5498085,0,10.66457939,0,2.010134459,0,15.37157536,0,4.64090585708618,0.923755288124084,7.96959018707275,1.12317657470703,2.67875099182129,28.4582595825195,88.6583633422852,3.44633221626282,1.56251752376556,0,0,
108,42.2237854,0,0,0,25.56889153,0,10.66622353,0,2.011013031,0,15.40686226,0,4.64211225509644,0.924177408218384,7.98030948638916,1.12655591964722,2.70336294174194,28.4944477081299,88.6724090576172,3.47158646583557,1.56392753124237,0,0,
109,42.36103058,0,0,0,25.5873127,0,10.66789627,0,2.011862278,0,15.44094467,0,4.64331769943237,0.924589276313782,7.99069261550903,1.12984299659729,2.72800207138062,28.5305309295654,88.6867446899414,3.49627637863159,1.56529831886292,0,0,
110,42.49333572,0,0,0,25.60508156,0,10.66958904,0,2.012682199,0,15.47381592,0,4.64451694488525,0.924989759922028,8.00074672698975,1.13303792476654,2.75265002250671,28.566499710083,88.7013702392578,3.5204062461853,1.56662952899933,0,0,
111,42.62314606,0,0,0,25.62251854,0,10.67132664,0,2.013487577,0,15.5060854,0,4.6457085609436,0.925379276275635,8.0104866027832,1.13614356517792,2.77728939056396,28.602352142334,88.7162857055664,3.54398608207703,1.56792259216309,0,0,
112,42.74802017,0,0,0,25.63928413,0,10.67306805,0,2.014263153,0,15.53713989,0,4.64689207077026,0.925758063793182,8.01992416381836,1.13916254043579,2.80190348625183,28.6380767822266,88.7314758300781,3.56702470779419,1.56917870044708,0,0,
113,42.87041473,0,0,0,25.65573311,0,10.67484188,0,2.015024424,0,15.56759644,0,4.64806509017944,0.926126420497894,8.02907180786133,1.14209699630737,2.82647585868835,28.6736660003662,88.746940612793,3.58953166007996,1.57039880752563,0,0,
114,42.99032593,0,0,0,25.6718483,0,10.67663956,0,2.015771151,0,15.59744549,0,4.64923000335693,0.926485896110535,8.03794574737549,1.14495158195496,2.85099172592163,28.7091159820557,88.7626724243164,3.61152052879334,1.57158553600311,0,0,
115,43.10531235,0,0,0,25.68730736,0,10.6784277,0,2.016488075,0,15.62608433,0,4.65038394927979,0.92683607339859,8.04655361175537,1.14772772789001,2.87543654441834,28.7444190979004,88.7786712646484,3.63299918174744,1.57273924350739,0,0,
116,43.2178154,0,0,0,25.702425,0,10.68023014,0,2.017190456,0,15.65411377,0,4.65152454376221,0.927176475524902,8.05490398406982,1.15042650699615,2.89979672431946,28.7795696258545,88.7949295043945,3.65397524833679,1.57386028766632,0,0,
117,43.32785797,0,0,0,25.71721649,0,10.68204594,0,2.017878294,0,15.6815424,0,4.65265321731567,0.927508354187012,8.06300830841064,1.15305197238922,2.92405915260315,28.8145599365234,88.8114395141602,3.67446112632751,1.57495045661926,0,0,
118,43.43297195,0,0,0,25.73135376,0,10.68382645,0,2.018536091,0,15.70775414,0,4.65376663208008,0.927831053733826,8.07087421417236,1.15560460090637,2.94821166992188,28.8493881225586,88.8282089233398,3.6944637298584,1.57600998878479,0,0,
119,43.53807068,0,0,0,25.74548912,0,10.68565655,0,2.019194365,0,15.7339716,0,4.65486669540405,0.928145468235016,8.07851219177246,1.15808761119843,2.97224283218384,28.8840465545654,88.8452224731445,3.71399450302124,1.57704031467438,0,0,
120,43.63824844,0,0,0,25.75895691,0,10.68744469,0,2.019822598,0,15.75896835,0,4.6559534072876,0.92845231294632,8.08593082427979,1.16050386428833,2.9961416721344,28.9185276031494,88.8624801635742,3.73306465148926,1.5780428647995,0,0,
121,43.73596573,0,0,0,25.77210426,0,10.6892271,0,2.020436287,0,15.7833643,0,4.65702342987061,0.928750455379486,8.0931339263916,1.16285312175751,3.01989769935608,28.9528312683105,88.8799819946289,3.75167989730835,1.579017162323,0,0,
122,43.8287735,0,0,0,25.78458786,0,10.69095993,0,2.021019459,0,15.80654144,0,4.65807437896729,0.929039180278778,8.10012340545654,1.16513538360596,3.04350161552429,28.9869499206543,88.8977127075195,3.76984453201294,1.57996296882629,0,0,
123,43.92156219,0,0,0,25.79707718,0,10.69272804,0,2.021603346,0,15.82971859,0,4.65910720825195,0.929319620132446,8.10690784454346,1.16735315322876,3.06694388389587,29.0208778381348,88.9156723022461,3.78756904602051,1.58088159561157,0,0,
124,44.01189423,0,0,0,25.80923271,0,10.69448376,0,2.022172451,0,15.85229301,0,4.66012573242188,0.929593741893768,8.11350059509277,1.16951131820679,3.0902156829834,29.0546112060547,88.9338607788086,3.80486845970154,1.58177554607391,0,0,
125,44.09732437,0,0,0,25.82073593,0,10.69617558,0,2.022711039,0,15.8736496,0,4.66112565994263,0.929859936237335,8.11990261077881,1.17160880565643,3.11330938339233,29.0881462097168,88.9522705078125,3.8217465877533,1.58264410495758,0,0,
126,44.18273926,0,0,0,25.83223152,0,10.69789886,0,2.023250103,0,15.89500618,0,4.66210746765137,0.930118560791016,8.12611961364746,1.17364752292633,3.13621711730957,29.1214790344238,88.9708938598633,3.83821201324463,1.58348798751831,0,0,
127,44.26569366,0,0,0,25.84339905,0,10.69959927,0,2.023774147,0,15.91575527,0,4.6630744934082,0.930371403694153,8.13216304779053,1.1756317615509,3.15893197059631,29.1546058654785,88.9897384643555,3.8542788028717,1.58430922031403,0,0,
128,44.34375381,0,0,0,25.85390854,0,10.70122623,0,2.024267912,0,15.93528461,0,4.66402196884155,0.930616497993469,8.13803100585938,1.17755973339081,3.18144750595093,29.187520980835,89.0087890625,3.86994934082031,1.58510684967041,0,0,
129,44.42180634,0,0,0,25.86442566,0,10.70287514,0,2.024761915,0,15.95481968,0,4.66495037078857,0.930854260921478,8.1437292098999,1.17943274974823,3.20375728607178,29.2202224731445,89.0280380249023,3.88523125648499,1.58588135242462,0,0,
130,44.49739838,0,0,0,25.87460709,0,10.70450115,0,2.025240898,0,15.97374439,0,4.66586208343506,0.931086301803589,8.14926719665527,1.18125474452972,3.22585582733154,29.25270652771,89.047492980957,3.90013742446899,1.58663463592529,0,0,
131,44.5705452,0,0,0,25.88445091,0,10.70609093,0,2.025704622,0,15.99205685,0,4.66675615310669,0.931312024593353,8.15464782714844,1.18302619457245,3.24773812294006,29.284969329834,89.0671463012695,3.91467452049255,1.58736681938171,0,0,
132,44.64123535,0,0,0,25.89398003,0,10.70765114,0,2.026153326,0,16.00976372,0,4.66763162612915,0.931531250476837,8.15987491607666,1.18474781513214,3.2693989276886,29.3170070648193,89.0869903564453,3.9288489818573,1.58807826042175,0,0,
133,44.7094841,0,0,0,25.90317726,0,10.70917702,0,2.026587009,0,16.02686119,0,4.66848754882813,0.931743741035461,8.16494941711426,1.18641996383667,3.29083395004272,29.3488178253174,89.1070175170898,3.94266724586487,1.58876883983612,0,0,
134,44.77772141,0,0,0,25.91236877,0,10.71072102,0,2.027020931,0,16.04395866,0,4.66932725906372,0.931950926780701,8.16988086700439,1.18804585933685,3.3120393753051798,29.3803997039795,89.1272354125977,3.95613980293274,1.58944022655487,0,0,
135,44.8410759,0,0,0,25.92090607,0,10.71217155,0,2.027424097,0,16.05983734,0,4.67014837265015,0.932152152061462,8.17467021942139,1.18962562084198,3.33301115036011,29.4117488861084,89.1476364135742,3.96927261352539,1.590092420578,0,0,
136,44.90441895,0,0,0,25.92944527,0,10.71363735,0,2.027827263,0,16.07571793,0,4.67094898223877,0.932346820831299,8.17931938171387,1.19115924835205,3.35374617576599,29.4428634643555,89.1682205200195,3.98207068443298,1.59072506427765,0,0,
137,44.96775818,0,0,0,25.93797493,0,10.71511745,0,2.028230906,0,16.09159851,0,4.67173671722412,0.932537734508514,8.18384170532227,1.19265222549438,3.3742413520813,29.4737396240234,89.1889724731445,3.99454927444458,1.59134125709534,0,0,
138,45.02620697,0,0,0,25.94586182,0,10.71650028,0,2.028603792,0,16.10625839,0,4.67250776290894,0.932723581790924,8.1882381439209,1.19410395622253,3.39449381828308,29.5043754577637,89.2098999023438,4.00671291351318,1.59194040298462,0,0,
139,45.08465576,0,0,0,25.95373344,0,10.71789742,0,2.028976917,0,16.12092018,0,4.67326021194458,0.932903587818146,8.19250679016113,1.19551384449005,3.41450142860413,29.5347709655762,89.2309951782227,4.01856565475464,1.59252202510834,0,0,
140,45.14066315,0,0,0,25.96128654,0,10.71924877,0,2.029334784,0,16.13497162,0,4.67399597167969,0.933078706264496,8.19665431976318,1.19688427448273,3.4342622756958,29.5649223327637,89.2522506713867,4.03011655807495,1.5930871963501,0,0,
141,45.19422531,0,0,0,25.96850967,0,10.72055054,0,2.029677153,0,16.1484127,0,4.67471265792847,0.933248043060303,8.20067977905273,1.19821441173553,3.45377421379089,29.5948295593262,89.2736663818359,4.04136896133423,1.59363555908203,0,0,
142,45.24777985,0,0,0,25.9757309,0,10.72186279,0,2.030019522,0,16.16185379,0,4.67541265487671,0.933412551879883,8.20458889007568,1.19950640201569,3.47303581237793,29.6244888305664,89.2952346801758,4.05233097076416,1.59416782855988,0,0,
143,45.29889679,0,0,0,25.98262215,0,10.72312832,0,2.03034687,0,16.17468643,0,4.67609643936157,0.933572769165039,8.20838642120361,1.20076203346252,3.49204587936401,29.6539001464844,89.3169708251953,4.06301116943359,1.59468495845795,0,0,
144,45.3500061,0,0,0,25.9895153,0,10.72440338,0,2.030674219,0,16.18751717,0,4.67676591873169,0.933728992938995,8.21207809448242,1.20198273658752,3.51080322265625,29.6830615997314,89.3388519287109,4.07341718673706,1.59518790245056,0,0,
145,45.39867783,0,0,0,25.9960804,0,10.72562599,0,2.030986071,0,16.19973946,0,4.67742109298706,0.933881402015686,8.21566772460938,1.20317018032074,3.52930736541748,29.711971282959,89.3608779907227,4.08355665206909,1.59567713737488,0,0,
146,45.44491196,0,0,0,26.00231552,0,10.72679806,0,2.031282663,0,16.21135139,0,4.67805862426758,0.934028744697571,8.21915149688721,1.20432281494141,3.54755759239197,29.7406272888184,89.3830413818359,4.09343147277832,1.59615182876587,0,0,
147,45.49113846,0,0,0,26.00855255,0,10.72797775,0,2.031579494,0,16.22296333,0,4.67868041992188,0.934171617031097,8.2225341796875,1.20544195175171,3.56555342674255,29.7690296173096,89.4053573608398,4.10304832458496,1.59661257266998,0,0,
148,45.53492737,0,0,0,26.0144577,0,10.72910309,0,2.03186059,0,16.23396492,0,4.67928600311279,0.934310376644135,8.22581958770752,1.20652890205383,3.58329486846924,29.7971782684326,89.4278030395508,4.11241388320923,1.59705984592438,0,0,
149,45.57871628,0,0,0,26.02036476,0,10.73023319,0,2.032141924,0,16.24496651,0,4.67987728118896,0.934445261955261,8.22901058197021,1.20758485794067,3.60078167915344,29.8250713348389,89.4503784179688,4.12153434753418,1.5974942445755,0,0,
150,45.6200676,0,0,0,26.02594376,0,10.73130894,0,2.032407761,0,16.25535774,0,4.68045377731323,0.934576392173767,8.23210906982422,1.20861065387726,3.6180143356323202,29.8527088165283,89.4730987548828,4.13041591644287,1.59791624546051,0,0,
151,45.66141129,0,0,0,26.03153229,0,10.73239517,0,2.032673836,0,16.2657547,0,4.68101692199707,0.934703946113586,8.23511981964111,1.2096072435379,3.63499307632446,29.8800888061523,89.4959411621094,4.13906478881836,1.59832632541656,0,0,
152,45.70031738,0,0,0,26.03676987,0,10.73341656,0,2.0329241750000002,0,16.27552795,0,4.68156623840332,0.934827923774719,8.23804378509521,1.21057534217834,3.6517186164856,29.9072113037109,89.5189056396484,4.14748573303223,1.59872448444366,0,0,
153,45.73922729,0,0,0,26.04203224,0,10.73445034,0,2.033174753,0,16.28531265,0,4.68210077285767,0.934948325157166,8.24088382720947,1.21151566505432,3.66819143295288,29.9340763092041,89.5419921875,4.15568447113037,1.59911108016968,0,0,
154,45.7756958,0,0,0,26.04694557,0,10.73541832,0,2.033409595,0,16.29448128,0,4.68262147903442,0.935065090656281,8.24364185333252,1.21242880821228,3.68441271781921,29.9606857299805,89.5651931762695,4.16366624832153,1.59948635101318,0,0,
155,45.81216812,0,0,0,26.05187035,0,10.73639584,0,2.033644676,0,16.3036499,0,4.68312835693359,0.935178339481354,8.24631881713867,1.21331524848938,3.70038318634033,29.9870357513428,89.5885162353516,4.17143535614014,1.59985065460205,0,0,
156,45.84863663,0,0,0,26.05679131,0,10.73737907,0,2.033879757,0,16.31282234,0,4.6836256980896,0.93528950214386,8.24892330169678,1.21417808532715,3.71610426902771,30.013126373291,89.6119537353516,4.1790018081665,1.60020542144775,0,0,
157,45.88266754,0,0,0,26.06138229,0,10.73829937,0,2.034099579,0,16.32138252,0,4.68411159515381,0.935397922992706,8.25145626068115,1.21501743793488,3.73157691955566,30.0389614105225,89.635498046875,4.18636989593506,1.600550532341,0,0,
158,45.91669464,0,0,0,26.06598091,0,10.73922539,0,2.034318924,0,16.3299427,0,4.68458604812622,0.935503244400024,8.2539176940918,1.21583330631256,3.74680280685425,30.0645370483398,89.6591415405273,4.19354343414307,1.60088622570038,0,0,
159,45.94829178,0,0,0,26.07024574,0,10.74009037,0,2.03452301,0,16.33789253,0,4.68504762649536,0.935605347156525,8.25630855560303,1.21662580966949,3.76178359985352,30.0898551940918,89.6828918457031,4.20052576065063,1.6012122631073,0,0,
160,45.97988129,0,0,0,26.07451057,0,10.74095535,0,2.034727335,0,16.34584045,0,4.68549585342407,0.935704052448273,8.25862979888916,1.21739506721497,3.77652072906494,30.114917755127,89.7067489624023,4.20732116699219,1.60152852535248,0,0,
161,46.00904846,0,0,0,26.07844734,0,10.74175835,0,2.034915686,0,16.35317802,0,4.6859302520752,0.935799360275269,8.26088237762451,1.21814107894897,3.79101586341858,30.139720916748,89.730712890625,4.21393251419067,1.60183501243591,0,0,
162,46.03820801,0,0,0,26.08238602,0,10.74256516,0,2.035104275,0,16.3605175,0,4.68635082244873,0.935891091823578,8.26306438446045,1.21886396408081,3.80527114868164,30.1642684936523,89.7547607421875,4.2203631401062,1.60213160514832,0,0,
163,46.06736374,0,0,0,26.08632278,0,10.74337578,0,2.035292864,0,16.36785507,0,4.68676137924194,0.935980796813965,8.26518440246582,1.21956634521484,3.81928777694702,30.1885604858398,89.7789154052734,4.22662210464478,1.60241985321045,0,0,
164,46.09409332,0,0,0,26.0899334,0,10.7441206,0,2.035465717,0,16.3745842,0,4.68716049194336,0.936067819595337,8.26724243164063,1.2202479839325,3.83306813240051,30.2125968933105,89.8031539916992,4.23271131515503,1.60269951820374,0,0,
165,46.12081909,0,0,0,26.09354019,0,10.74486923,0,2.035638809,0,16.38130951,0,4.68754720687866,0.936151802539825,8.26923751831055,1.22090864181519,3.84661388397217,30.2363758087158,89.8274841308594,4.23863410949707,1.60297036170959,0,0,
166,46.14754105,0,0,0,26.09714699,0,10.74562168,0,2.035811901,0,16.38803673,0,4.68792533874512,0.936233997344971,8.27117538452148,1.22155070304871,3.85992741584778,30.2599010467529,89.8518981933594,4.24439716339111,1.60323369503021,0,0,
167,46.174263,0,0,0,26.10076141,0,10.74637508,0,2.035984993,0,16.39476776,0,4.68829727172852,0.936315059661865,8.27306365966797,1.22217643260956,3.87301063537598,30.2831726074219,89.8763961791992,4.25000858306885,1.60349071025848,0,0,
168,46.19855499,0,0,0,26.10403633,0,10.74706173,0,2.036142349,0,16.40088081,0,4.68866062164307,0.936394035816193,8.27489948272705,1.222785115242,3.88586592674255,30.3061923980713,89.9009780883789,4.25547027587891,1.60374081134796,0,0,
169,46.22284317,0,0,0,26.10731888,0,10.74774933,0,2.036299944,0,16.40699577,0,4.68901300430298,0.936470329761505,8.27668190002441,1.22337603569031,3.8984956741333,30.3289585113525,89.9256362915039,4.26078319549561,1.60398352146149,0,0,
170,46.24470901,0,0,0,26.11027336,0,10.74837303,0,2.036441803,0,16.4125042,0,4.68935346603394,0.936543524265289,8.27840900421143,1.22394859790802,3.91090226173401,30.3514728546143,89.9503707885742,4.26594972610474,1.60421824455261,0,0,
171,46.26656342,0,0,0,26.11322212,0,10.74899769,0,2.036583424,0,16.4180069,0,4.68968152999878,0.936613500118256,8.28007984161377,1.22450220584869,3.92308831214905,30.3737392425537,89.9751739501953,4.27097082138062,1.60444486141205,0,0,
172,46.28842163,0,0,0,26.11617661,0,10.74962425,0,2.036725283,0,16.42351151,0,4.69000005722046,0.936681509017944,8.28170108795166,1.22503912448883,3.93505549430847,30.3957557678223,90.0000457763672,4.27585315704346,1.60466468334198,0,0,
173,46.31027603,0,0,0,26.11912918,0,10.75024986,0,2.036867142,0,16.42901611,0,4.69031143188477,0.936748385429382,8.28327655792236,1.22556138038635,3.94680666923523,30.4175243377686,90.0250015258789,4.28060340881348,1.60487866401672,0,0,
174,46.33213425,0,0,0,26.12208557,0,10.75088215,0,2.037009001,0,16.43452454,0,4.69061851501465,0.936814606189728,8.28481292724609,1.22607064247131,3.95834422111511,30.4390468597412,90.0500183105469,4.28522872924805,1.60508763790131,0,0,
175,46.35155869,0,0,0,26.12470627,0,10.75144291,0,2.037135124,0,16.43941498,0,4.69091796875,0.93687891960144,8.28630638122559,1.22656571865082,3.96967077255249,30.4603233337402,90.0751037597656,4.28972816467285,1.60529088973999,0,0,
176,46.37098312,0,0,0,26.12733269,0,10.75200367,0,2.037261486,0,16.444309230000002,0,4.69120740890503,0.936940670013428,8.28775405883789,1.22704553604126,3.98078918457031,30.4813537597656,90.1002426147461,4.29410266876221,1.60548770427704,0,0,
177,46.39040756,0,0,0,26.1299572,0,10.75256824,0,2.037387609,0,16.44920349,0,4.69148969650269,0.937000870704651,8.28916072845459,1.22751200199127,3.99170136451721,30.5021419525146,90.1254425048828,4.29835844039917,1.60567915439606,0,0,
178,46.40740585,0,0,0,26.13224792,0,10.7530632,0,2.037498236,0,16.45348549,0,4.69176244735718,0.937058806419373,8.29052448272705,1.22796404361725,4.00241041183472,30.5226879119873,90.1507034301758,4.30249547958374,1.60586452484131,0,0,
179,46.42683029,0,0,0,26.13487053,0,10.75362968,0,2.037624359,0,16.45837975,0,4.69202852249146,0.937115252017975,8.29184913635254,1.22840321063995,4.01291942596436,30.5429954528809,90.1760177612305,4.30651903152466,1.60604453086853,0,0,
180,46.44382477,0,0,0,26.137165069999998,0,10.7541256,0,2.037734747,0,16.46265984,0,4.69228935241699,0.937170922756195,8.29313945770264,1.22883117198944,4.02323007583618,30.5630645751953,90.2013854980469,4.31043481826782,1.60622012615204,0,0,
181,46.46081924,0,0,0,26.13946342,0,10.75462246,0,2.037845373,0,16.46694374,0,4.69254207611084,0.937224566936493,8.29439163208008,1.22924649715424,4.03334522247314,30.5828971862793,90.226806640625,4.31424283981323,1.60639047622681,0,0,
182,46.47538376,0,0,0,26.14143562,0,10.75505161,0,2.037940264,0,16.47061539,0,4.69278430938721,0.937275588512421,8.2956018447876,1.22964787483215,4.04326820373535,30.6024932861328,90.2522735595703,4.31794214248657,1.6065548658371,0,0,
183,46.49237442,0,0,0,26.14372826,0,10.75555229,0,2.03805089,0,16.47489548,0,4.69301986694336,0.937325060367584,8.29677581787109,1.23003697395325,4.05300092697144,30.6218566894531,90.2777862548828,4.32153797149658,1.60671412944794,0,0,
184,46.50693893,0,0,0,26.14570045,0,10.75598145,0,2.038145542,0,16.47856903,0,4.69325017929077,0.937373578548431,8.29791736602783,1.23041534423828,4.06254625320435,30.6409854888916,90.303352355957,4.32503461837769,1.60686922073364,0,0,
185,46.52150726,0,0,0,26.14766502,0,10.75641251,0,2.038240433,0,16.48223877,0,4.69347190856934,0.937420010566711,8.29902172088623,1.23078143596649,4.07190656661987,30.6598815917969,90.3289566040039,4.32843208312988,1.60701894760132,0,0,
186,46.53606796,0,0,0,26.14962578,0,10.75684261,0,2.038335323,0,16.4859066,0,4.693687915802,0.93746542930603,8.30009365081787,1.23113679885864,4.08108472824097,30.6785488128662,90.3545989990234,4.33173513412476,1.60716426372528,0,0,
187,46.55063248,0,0,0,26.15159607,0,10.75727367,0,2.038430214,0,16.48957825,0,4.69389915466309,0.937510132789612,8.30113697052002,1.23148262500763,4.09008359909058,30.6969890594482,90.3802871704102,4.33494758605957,1.60730588436127,0,0,
188,46.56519699,0,0,0,26.15357018,0,10.75770569,0,2.038524866,0,16.4932518,0,4.69410753250122,0.93755429983139,8.30215454101563,1.23182010650635,4.09890556335449,30.7152004241943,90.4060134887695,4.33807468414307,1.60744440555573,0,0,
189,46.57733154,0,0,0,26.1552124,0,10.75807095,0,2.038604021,0,16.4963131,0,4.69430923461914,0.937596797943115,8.30314159393311,1.23214745521545,4.10755348205566,30.7331886291504,90.431770324707,4.34111452102661,1.60757863521576,0,0,
190,46.58946609,0,0,0,26.15684891,0,10.75843048,0,2.038683176,0,16.49937057,0,4.6945013999939,0.937636733055115,8.30409526824951,1.23246324062347,4.11603021621704,30.7509536743164,90.4575729370117,4.34406518936157,1.60770785808563,0,0,
191,46.60159683,0,0,0,26.15849113,0,10.75879288,0,2.038762331,0,16.50242996,0,4.69468688964844,0.937675178050995,8.30501747131348,1.23276889324188,4.12433815002441,30.7684955596924,90.4834060668945,4.34693145751953,1.60783267021179,0,0,
192,46.61373138,0,0,0,26.16012764,0,10.75915337,0,2.038841248,0,16.50548744,0,4.69486713409424,0.937712788581848,8.30591297149658,1.23306548595428,4.13248014450073,30.7858200073242,90.5092620849609,4.3497166633606,1.60795378684998,0,0,
193,46.62586975,0,0,0,26.16177177,0,10.75951767,0,2.038920403,0,16.50854874,0,4.69504404067993,0.937749981880188,8.30678367614746,1.23335409164429,4.14045810699463,30.8029251098633,90.5351486206055,4.35242557525635,1.60807180404663,0,0,
194,46.63800049,0,0,0,26.16340637,0,10.75988007,0,2.038999557,0,16.51160622,0,4.69521856307983,0.937786757946014,8.30763244628906,1.23363566398621,4.14827489852905,30.8198146820068,90.5610656738281,4.35506105422974,1.60818731784821,0,0,
195,46.64770508,0,0,0,26.16471672,0,10.76017189,0,2.039062977,0,16.51405334,0,4.69538688659668,0.937821924686432,8.3084545135498,1.23390829563141,4.15593338012695,30.8364887237549,90.5870056152344,4.35762166976929,1.60829889774323,0,0,
196,46.65983963,0,0,0,26.16636276,0,10.76053715,0,2.039142132,0,16.51711273,0,4.69554996490479,0.937856137752533,8.30925369262695,1.2341730594635,4.16343593597412,30.8529510498047,90.6129760742188,4.36011028289795,1.60840725898743,0,0,
197,46.66954803,0,0,0,26.16767693,0,10.76082993,0,2.039205313,0,16.51956177,0,4.69571018218994,0.937889695167542,8.31003093719482,1.2344309091568,4.17078542709351,30.8692035675049,90.6389617919922,4.36253070831299,1.60851299762726,0,0,
198,46.67925262,0,0,0,26.16898727,0,10.76112175,0,2.039268732,0,16.5220089,0,4.69586324691772,0.937921464443207,8.31078243255615,1.23468005657196,4.1779842376709,30.8852462768555,90.6649703979492,4.36488103866577,1.60861492156982,0,0,
199,46.68895721,0,0,0,26.17030144,0,10.76141644,0,2.039332151,0,16.52445793,0,4.69601154327393,0.937952160835266,8.31151103973389,1.23492133617401,4.18503475189209,30.9010829925537,90.6909942626953,4.36716365814209,1.60871362686157,0,0,
200,46.69866562,0,0,0,26.17160797,0,10.76170921,0,2.039395571,0,16.52690315,0,4.69615650177002,0.937982201576233,8.31221866607666,1.23515582084656,4.19193935394287,30.9167137145996,90.717041015625,4.36938285827637,1.60880959033966,0,0,
201,46.70837021,0,0,0,26.17292404,0,10.76200199,0,2.039458752,0,16.52935219,0,4.69629859924316,0.938011884689331,8.31290721893311,1.23538422584534,4.19870090484619,30.9321422576904,90.7431030273438,4.37154102325439,1.60890328884125,0,0,
202,46.7180748,0,0,0,26.1742382,0,10.76229858,0,2.039522171,0,16.53180122,0,4.69643878936768,0.938041388988495,8.31357955932617,1.23560738563538,4.20532178878784,30.9473686218262,90.7691802978516,4.37364101409912,1.60899484157562,0,0,
203,46.72535324,0,0,0,26.17521667,0,10.76251602,0,2.039569616,0,16.53363609,0,4.69657278060913,0.938069224357605,8.31422996520996,1.23582315444946,4.21180438995361,30.9623947143555,90.7952728271484,4.3756799697876,1.60908317565918,0,0,
204,46.73505783,0,0,0,26.17652893,0,10.76281261,0,2.039633036,0,16.53608513,0,4.69670295715332,0.938096046447754,8.31486034393311,1.23603236675262,4.2181510925293,30.9772243499756,90.8213729858398,4.37766122817993,1.60916876792908,0,0,
205,46.74233627,0,0,0,26.17751503,0,10.76303387,0,2.039680719,0,16.53792,0,4.6968297958374,0.938122391700745,8.31547451019287,1.2362357378006,4.22436428070068,30.9918594360352,90.8474807739258,4.37958717346191,1.60925209522247,0,0,
206,46.74961472,0,0,0,26.17849159,0,10.76325417,0,2.039728165,0,16.53975487,0,4.69694948196411,0.938146889209747,8.31606483459473,1.23643136024475,4.23044633865356,31.0062999725342,90.8736038208008,4.3814549446106,1.60933184623718,0,0,
207,46.75931931,0,0,0,26.17980576,0,10.76355076,0,2.039791584,0,16.5422039,0,4.69706916809082,0.938171744346619,8.31664180755615,1.23662281036377,4.23639917373657,31.0205478668213,90.8997344970703,4.38327312469482,1.60941028594971,0,0,
208,46.76659775,0,0,0,26.18078804,0,10.76377201,0,2.039839029,0,16.54403877,0,4.69718837738037,0.938196897506714,8.31720733642578,1.2368106842041,4.24222612380981,31.0346050262451,90.9258651733398,4.38504409790039,1.60948765277863,0,0,
209,46.77387619,0,0,0,26.18177414,0,10.76399326,0,2.039886713,0,16.54587364,0,4.69730281829834,0.938220739364624,8.3177547454834,1.23699259757996,4.24792861938477,31.0484752655029,90.9520034790039,4.38676357269287,1.60956227779388,0,0,
210,46.77872849,0,0,0,26.18242836,0,10.76414108,0,2.039918423,0,16.54709625,0,4.69740915298462,0.938242316246033,8.31827926635742,1.23716652393341,4.25350952148438,31.0621585845947,90.978141784668,4.38842964172363,1.60963320732117,0,0,
211,46.78600311,0,0,0,26.18342018,0,10.76436329,0,2.039965868,0,16.54893494,0,4.697509765625,0.938262462615967,8.3187837600708,1.23733341693878,4.25897073745728,31.0756568908691,91.0042724609375,4.39004421234131,1.60970103740692,0,0,
212,46.79328537,0,0,0,26.18440819,0,10.76458645,0,2.040013552,0,16.55077171,0,4.69761085510254,0.938283324241638,8.3192777633667,1.23749685287476,4.2643141746521,31.0889720916748,91.0304107666016,4.39161539077759,1.60976779460907,0,0,
213,46.80056,0,0,0,26.18537903,0,10.76480865,0,2.040060997,0,16.55260468,0,4.69771194458008,0.938304543495178,8.31976127624512,1.2376571893692,4.26954174041748,31.1021099090576,91.0565490722656,4.3931450843811,1.6098335981369,0,0,
214,46.80541229,0,0,0,26.18603325,0,10.76495647,0,2.040092707,0,16.55382919,0,4.69780874252319,0.938324511051178,8.32022857666016,1.23781216144562,4.27465677261353,31.1150665283203,91.0826873779297,4.39462995529175,1.60989701747894,0,0,
215,46.81268692,0,0,0,26.18702507,0,10.76517868,0,2.04014039,0,16.55566597,0,4.6979022026062,0.93834388256073,8.32068157196045,1.23796236515045,4.27966070175171,31.1278457641602,91.1088180541992,4.39607238769531,1.60995841026306,0,0,
216,46.81753922,0,0,0,26.18767548,0,10.76533031,0,2.0401721,0,16.55688858,0,4.69799375534058,0.938362777233124,8.32112121582031,1.23810827732086,4.28455543518066,31.1404495239258,91.1349487304688,4.39747428894043,1.61001813411713,0,0,
217,46.82482147,0,0,0,26.18866348,0,10.76555252,0,2.040219784,0,16.55872536,0,4.69808340072632,0.938381433486938,8.32154941558838,1.23825061321259,4.28934383392334,31.1528797149658,91.1610717773438,4.39883661270142,1.61007642745972,0,0,
218,46.82966995,0,0,0,26.18931961,0,10.76570225,0,2.040251493,0,16.55995178,0,4.69817161560059,0.938399791717529,8.32196807861328,1.2383896112442,4.29402685165405,31.1651401519775,91.1871871948242,4.40016222000122,1.61013352870941,0,0,
219,46.83452225,0,0,0,26.18997383,0,10.76584911,0,2.040283203,0,16.56117439,0,4.69825458526611,0.938416659832001,8.3223705291748,1.2385231256485,4.29860734939575,31.1772327423096,91.2132949829102,4.40144729614258,1.61018812656403,0,0,
220,46.83937073,0,0,0,26.19063377,0,10.76600075,0,2.040314913,0,16.562397,0,4.69833326339722,0.938432574272156,8.32275867462158,1.23865163326263,4.30308675765991,31.1891555786133,91.2393951416016,4.40269374847412,1.61024045944214,0,0,
221,46.84421921,0,0,0,26.1912899,0,10.76614761,0,2.040346622,0,16.56362152,0,4.69840955734253,0.938448011875153,8.32313346862793,1.23877573013306,4.30746746063232,31.2009124755859,91.2654800415039,4.40390348434448,1.61029100418091,0,0,
222,46.8490715,0,0,0,26.19194221,0,10.76629829,0,2.040378332,0,16.56484413,0,4.69848346710205,0.938463032245636,8.3234977722168,1.23889601230621,4.31175088882446,31.2125053405762,91.2915573120117,4.40507745742798,1.61033999919891,0,0,
223,46.8539238,0,0,0,26.19259453,0,10.76644707,0,2.040410042,0,16.56606674,0,4.6985559463501,0.93847793340683,8.32385063171387,1.23901295661926,4.31593942642212,31.2239360809326,91.317626953125,4.4062180519104,1.61038768291473,0,0,
224,46.85877609,0,0,0,26.19325256,0,10.76659775,0,2.040441751,0,16.56729317,0,4.69862747192383,0.938492715358734,8.32419490814209,1.23912692070007,4.32003450393677,31.2352066040039,91.3436737060547,4.40732717514038,1.61043417453766,0,0,
225,46.86362457,0,0,0,26.19390869,0,10.76674747,0,2.040473461,0,16.56851578,0,4.69869756698608,0.938507437705994,8.32453060150146,1.23923826217651,4.3240385055542,31.2463188171387,91.3697052001953,4.40840530395508,1.61047971248627,0,0,
226,46.86847687,0,0,0,26.19456673,0,10.7668972,0,2.040505409,0,16.56974411,0,4.69876718521118,0.938522040843964,8.32485866546631,1.23934721946716,4.32795286178589,31.2572746276855,91.3957214355469,4.40945482254028,1.61052453517914,0,0,
227,46.87332916,0,0,0,26.19521904,0,10.76704693,0,2.040537119,0,16.57096481,0,4.69883680343628,0.938536703586578,8.32518100738525,1.23945415019989,4.33177947998047,31.2680740356445,91.4217300415039,4.41047620773315,1.61056864261627,0,0,
228,46.8757515,0,0,0,26.19555092,0,10.76712132,0,2.040553093,0,16.57157898,0,4.69890117645264,0.938549816608429,8.32548904418945,1.23955655097961,4.33552026748657,31.2787227630615,91.4477081298828,4.41146612167358,1.61061060428619,0,0,
229,46.88060379,0,0,0,26.19620323,0,10.76727104,0,2.040584564,0,16.57280159,0,4.69896221160889,0.938562095165253,8.32578659057617,1.23965501785278,4.33917713165283,31.2892189025879,91.4736709594727,4.41242551803589,1.61065077781677,0,0,
230,46.88545609,0,0,0,26.19686127,0,10.76742172,0,2.040616512,0,16.57402611,0,4.69902515411377,0.938575327396393,8.32608127593994,1.23975276947021,4.34275102615356,31.2995662689209,91.4996185302734,4.41336154937744,1.61069095134735,0,0,
231,46.88787842,0,0,0,26.19718552,0,10.76749611,0,2.040632248,0,16.57463455,0,4.69908475875854,0.938587546348572,8.32636547088623,1.23984706401825,4.34624433517456,31.3097667694092,91.5255508422852,4.41426944732666,1.61072969436646,0,0,
232,46.89273071,0,0,0,26.19784546,0,10.76764679,0,2.040663958,0,16.57586098,0,4.69914245605469,0.938599228858948,8.32664012908936,1.23993837833405,4.34965848922729,31.3198223114014,91.5514526367188,4.41515111923218,1.61076712608337,0,0,
233,46.89515686,0,0,0,26.19816971,0,10.76772022,0,2.040679932,0,16.57647324,0,4.6991982460022,0.9386106133461,8.32690715789795,1.24002695083618,4.35299491882324,31.3297328948975,91.5773315429688,4.41600799560547,1.6108033657074,0,0,
234,46.89757919,0,0,0,26.19849968,0,10.76779747,0,2.040695667,0,16.57708549,0,4.69924831390381,0.938620328903198,8.32715892791748,1.24011051654816,4.35625553131104,31.3395004272461,91.6031875610352,4.41683578491211,1.61083722114563,0,0,
235,46.90243149,0,0,0,26.19915962,0,10.76794624,0,2.040727615,0,16.57831001,0,4.69929838180542,0.938630521297455,8.32740592956543,1.24019229412079,4.35944175720215,31.3491287231445,91.629020690918,4.417640209198,1.61087048053741,0,0,
236,46.90485382,0,0,0,26.19948196,0,10.76802254,0,2.040743351,0,16.57892227,0,4.69934892654419,0.93864107131958,8.3276481628418,1.24027252197266,4.36255502700806,31.3586177825928,91.6548309326172,4.41842317581177,1.61090326309204,0,0,
237,46.90728378,0,0,0,26.19981003,0,10.76809692,0,2.040759325,0,16.57953262,0,4.69939517974854,0.938650369644165,8.32787895202637,1.24034869670868,4.36559677124023,31.3679676055908,91.6806182861328,4.41918039321899,1.61093413829803,0,0,
238,46.91213608,0,0,0,26.20046806,0,10.7682476,0,2.040791035,0,16.58075905,0,4.69944286346436,0.938660323619843,8.32810592651367,1.24042391777039,4.36856842041016,31.3771820068359,91.7063751220703,4.41991853713989,1.61096501350403,0,0,
239,46.91455841,0,0,0,26.20079994,0,10.76832199,0,2.040807009,0,16.5813694,0,4.69949150085449,0.938670754432678,8.32833003997803,1.24049842357635,4.37147188186646,31.3862628936768,91.7321014404297,4.42063760757446,1.61099576950073,0,0,
240,46.91698456,0,0,0,26.20112419,0,10.76839828,0,2.040822744,0,16.58198166,0,4.69953632354736,0.938679873943329,8.32854461669922,1.24056959152222,4.37430858612061,31.3952121734619,91.7577972412109,4.42133378982544,1.61102485656738,0,0,
241,46.91941071,0,0,0,26.201450349999998,0,10.76847458,0,2.040838718,0,16.58259392,0,4.69957828521729,0.938688158988953,8.32875061035156,1.24063777923584,4.37707996368408,31.40403175354,91.7834701538086,4.42200803756714,1.61105251312256,0,0,
242,46.92183304,0,0,0,26.20178223,0,10.76854992,0,2.040854692,0,16.58320618,0,4.69961833953857,0.938696086406708,8.32894897460938,1.2407032251358,4.3797869682312,31.4127216339111,91.8091125488281,4.42266178131104,1.61107909679413,0,0,
243,46.92425919,0,0,0,26.20210457,0,10.76862526,0,2.040870428,0,16.58381653,0,4.69965648651123,0.938703775405884,8.32913970947266,1.24076640605927,4.38243103027344,31.4212856292725,91.8347244262695,4.42329502105713,1.61110460758209,0,0,
244,46.92911148,0,0,0,26.20276451,0,10.76877594,0,2.040902138,0,16.58504105,0,4.69969844818115,0.9387127161026,8.32933139801025,1.24083030223846,4.38501310348511,31.429723739624,91.8603134155273,4.42391538619995,1.61113083362579,0,0,
245,46.93153381,0,0,0,26.20309448,0,10.76885128,0,2.040918112,0,16.58565521,0,4.69974327087402,0.938722550868988,8.32952404022217,1.24089479446411,4.387535572052,31.4380378723145,91.8858642578125,4.42452239990234,1.61115765571594,0,0,
246,46.93396378,0,0,0,26.20342255,0,10.76892567,0,2.040934086,0,16.58626747,0,4.69978475570679,0.93873131275177,8.32971096038818,1.24095702171326,4.38999938964844,31.4462280273438,91.9113845825195,4.42511177062988,1.61118364334106,0,0,
247,46.93396378,0,0,0,26.20342255,0,10.76892567,0,2.040934086,0,16.58626747,0,4.69981956481934,0.93873804807663,8.32988548278809,1.24101459980011,4.39240550994873,31.4542980194092,91.9368743896484,4.42567873001099,1.61120700836182,0,0,
248,46.93638611,0,0,0,26.20375252,0,10.76900196,0,2.04095006,0,16.58687973,0,4.6998496055603,0.938743531703949,8.33004856109619,1.24106812477112,4.39475536346436,31.4622459411621,91.9623260498047,4.42622470855713,1.61122846603394,0,0,
249,46.93880844,0,0,0,26.20406914,0,10.7690773,0,2.040965796,0,16.58748817,0,4.69988107681274,0.938749670982361,8.33020782470703,1.24112069606781,4.39704990386963,31.4700775146484,91.9877395629883,4.42675590515137,1.61124968528748,0,0,
250,46.94123459,0,0,0,26.20440102,0,10.76915169,0,2.04098177,0,16.58810234,0,4.69991302490234,0.938756287097931,8.33036422729492,1.24117243289948,4.39929056167603,31.4777927398682,92.0131225585938,4.42727279663086,1.61127066612244,0,0,
251,46.94365692,0,0,0,26.20473099,0,10.76922894,0,2.040997505,0,16.5887146,0,4.69994592666626,0.938763201236725,8.33051776885986,1.24122357368469,4.40147829055786,31.4853954315186,92.0384750366211,4.42777633666992,1.61129152774811,0,0,
252,46.94608688,0,0,0,26.20506477,0,10.76930428,0,2.041013479,0,16.58932686,0,4.69997930526733,0.938770353794098,8.33066940307617,1.24127399921417,4.40361452102661,31.492883682251,92.0637893676758,4.42826700210571,1.61131238937378,0,0,
253,46.94850922,0,0,0,26.20538139,0,10.76937866,0,2.041029215,0,16.58993721,0,4.70001268386841,0.938777506351471,8.33081912994385,1.24132394790649,4.40570020675659,31.5002593994141,92.0890579223633,4.42874526977539,1.61133301258087,0,0,
254,46.94850922,0,0,0,26.20538139,0,10.76937866,0,2.041029215,0,16.58993721,0,4.70004177093506,0.938783228397369,8.33096027374268,1.241370677948,4.40773677825928,31.5075283050537,92.1142883300781,4.42920684814453,1.6113520860672,0,0,
255,46.95093536,0,0,0,26.20571518,0,10.76945305,0,2.041045189,0,16.59054947,0,4.7000675201416,0.938788056373596,8.33109283447266,1.24141454696655,4.40972518920898,31.5146827697754,92.1394882202148,4.42965173721313,1.61136984825134,0,0,
256,46.95336151,0,0,0,26.20603943,0,10.7695303,0,2.041061163,0,16.59116173,0,4.70009565353394,0.938793957233429,8.33122634887695,1.24145877361298,4.41166639328003,31.5217304229736,92.1646423339844,4.43008661270142,1.61138784885406,0,0,
257,46.95578384,0,0,0,26.20637131,0,10.76960659,0,2.041077137,0,16.59177399,0,4.7001256942749,0.938800394535065,8.33135890960693,1.24150311946869,4.41356134414673,31.5286731719971,92.1897583007813,4.43051195144653,1.61140632629395,0,0,
258,46.95578384,0,0,0,26.20637131,0,10.76960659,0,2.041077137,0,16.59177399,0,4.70015239715576,0.938805758953094,8.3314847946167,1.24154496192932,4.41541147232056,31.5355110168457,92.2148284912109,4.43092250823975,1.61142349243164,0,0,
259,46.95820999,0,0,0,26.20669556,0,10.76968098,0,2.041092873,0,16.59238434,0,4.70017623901367,0.938810408115387,8.33160495758057,1.24158453941345,4.41721725463867,31.5422477722168,92.239860534668,4.43131971359253,1.61143946647644,0,0,
260,46.96063614,0,0,0,26.20702744,0,10.76975918,0,2.041108847,0,16.5929985,0,4.70020294189453,0.938816130161285,8.33172607421875,1.24162483215332,4.41898012161255,31.5488834381104,92.2648544311523,4.43170881271362,1.61145627498627,0,0,
261,46.96063614,0,0,0,26.20702744,0,10.76975918,0,2.041108847,0,16.5929985,0,4.7002272605896,0.938821017742157,8.33184146881104,1.24166309833527,4.4207010269165,31.5554161071777,92.2898101806641,4.43208503723145,1.61147201061249,0,0,
262,46.96306229,0,0,0,26.20735168,0,10.76983261,0,2.041124582,0,16.59361076,0,4.70024967193604,0.93882542848587,8.33195114135742,1.24169957637787,4.4223804473877,31.5618495941162,92.3147201538086,4.43244934082031,1.6114866733551,0,0,
263,46.96306229,0,0,0,26.20735168,0,10.76983261,0,2.041124582,0,16.59361076,0,4.700270652771,0.938829481601715,8.33205604553223,1.24173450469971,4.4240198135376,31.568187713623,92.3395843505859,4.43280124664307,1.61150074005127,0,0,
264,46.96548462,0,0,0,26.20768356,0,10.76990891,0,2.041140556,0,16.59421921,0,4.70029067993164,0.938833296298981,8.33215713500977,1.24176788330078,4.42561960220337,31.5744304656982,92.3644027709961,4.43314218521118,1.61151421070099,0,0,
265,46.96790695,0,0,0,26.20800781,0,10.76998425,0,2.04115653,0,16.59483337,0,4.70031452178955,0.938838660717011,8.33226203918457,1.24180281162262,4.42718076705933,31.5805759429932,92.3891906738281,4.43347787857056,1.61152863502502,0,0,
266,46.96790695,0,0,0,26.20800781,0,10.76998425,0,2.04115653,0,16.59483337,0,4.70033645629883,0.938843250274658,8.33236312866211,1.24183619022369,4.42870473861694,31.5866279602051,92.413932800293,4.43380355834961,1.61154246330261,0,0,
267,46.9703331,0,0,0,26.20833588,0,10.77006054,0,2.041172266,0,16.59544563,0,4.70035696029663,0.938847482204437,8.33246040344238,1.24186837673187,4.43019199371338,31.592586517334,92.4386215209961,4.43411874771118,1.61155569553375,0,0,
268,46.9703331,0,0,0,26.20833588,0,10.77006054,0,2.041172266,0,16.59544563,0,4.70037651062012,0.938851416110992,8.33255481719971,1.24189949035645,4.43164300918579,31.5984554290771,92.4632720947266,4.43442487716675,1.61156845092773,0,0,
269,46.97276306,0,0,0,26.20866966,0,10.77013779,0,2.041188478,0,16.5960598,0,4.70039558410645,0.938855350017548,8.33264636993408,1.24192976951599,4.4330587387085,31.6042366027832,92.4878768920898,4.43472194671631,1.61158072948456,0,0,
270,46.97276306,0,0,0,26.20866966,0,10.77013779,0,2.041188478,0,16.5960598,0,4.70041418075562,0.938859164714813,8.33273410797119,1.24195909500122,4.43444013595581,31.6099262237549,92.5124282836914,4.43501091003418,1.61159288883209,0,0,
271,46.97518539,0,0,0,26.20898819,0,10.77021027,0,2.041203976,0,16.59666824,0,4.70043230056763,0.938862919807434,8.33281993865967,1.24198770523071,4.43578863143921,31.6155300140381,92.5369415283203,4.4352912902832,1.61160469055176,0,0,
272,46.97518539,0,0,0,26.20898819,0,10.77021027,0,2.041203976,0,16.59666824,0,4.70044994354248,0.93886661529541,8.33290386199951,1.24201548099518,4.43710374832153,31.6210479736328,92.561408996582,4.4355640411377,1.61161613464355,0,0,
273,46.97760773,0,0,0,26.20931816,0,10.77028751,0,2.041220188,0,16.59728241,0,4.70046758651733,0.938870251178741,8.33298587799072,1.24204277992249,4.43838739395142,31.6264801025391,92.585823059082,4.43582916259766,1.61162734031677,0,0,
274,46.97760773,0,0,0,26.20931816,0,10.77028751,0,2.041220188,0,16.59728241,0,4.70048522949219,0.938873887062073,8.3330659866333,1.24206960201263,4.43963956832886,31.6318283081055,92.6101913452148,4.4360876083374,1.6116384267807,0,0,
275,46.97760773,0,0,0,26.20931816,0,10.77028751,0,2.041220188,0,16.59728241,0,4.70049810409546,0.938876092433929,8.33313751220703,1.24209320545197,4.44086170196533,31.637092590332,92.6345138549805,4.43633365631104,1.61164784431458,0,0,
276,46.98003769,0,0,0,26.20965195,0,10.77036381,0,2.041235924,0,16.59789276,0,4.70051240921021,0.938878834247589,8.33320903778076,1.2421168088913,4.44205331802368,31.642276763916,92.6587905883789,4.43657398223877,1.61165738105774,0,0,
277,46.98003769,0,0,0,26.20965195,0,10.77036381,0,2.041235924,0,16.59789276,0,4.70052719116211,0.938881993293762,8.33327960968018,1.2421402931213399,4.44321584701538,31.6473789215088,92.6830139160156,4.43680810928345,1.61166703701019,0,0,
278,46.98246002,0,0,0,26.2099762,0,10.77043819,0,2.041251898,0,16.59850693,0,4.70054292678833,0.93888533115387,8.33335018157959,1.24216365814209,4.44435024261475,31.652400970459,92.7071914672852,4.43703699111938,1.61167681217194,0,0,
279,46.98246002,0,0,0,26.2099762,0,10.77043819,0,2.041251898,0,16.59850693,0,4.70055866241455,0.938888788223267,8.33341979980469,1.24218702316284,4.44545698165894,31.6573448181152,92.731315612793,4.43725967407227,1.61168646812439,0,0,
280,46.98246002,0,0,0,26.2099762,0,10.77043819,0,2.041251898,0,16.59850693,0,4.70057058334351,0.938890814781189,8.33348274230957,1.24220764636993,4.44653606414795,31.6622123718262,92.7553939819336,4.43747234344482,1.61169457435608,0,0,
281,46.98488617,0,0,0,26.21030617,0,10.77051544,0,2.041267633,0,16.59911919,0,4.70058345794678,0.938893556594849,8.33354568481445,1.24222850799561,4.44758939743042,31.6670074462891,92.7794189453125,4.43768072128296,1.61170315742493,0,0,
282,46.98488617,0,0,0,26.21030617,0,10.77051544,0,2.041267633,0,16.59911919,0,4.70059776306152,0.938896656036377,8.33360958099365,1.24224960803986,4.44861650466919,31.6717262268066,92.8033981323242,4.43788433074951,1.61171185970306,0,0,
283,46.98488617,0,0,0,26.21030617,0,10.77051544,0,2.041267633,0,16.59911919,0,4.700608253479,0.938898503780365,8.33366584777832,1.24226820468903,4.44961833953857,31.6763706207275,92.8273315429688,4.43807888031006,1.61171925067902,0,0,
284,46.98731232,0,0,0,26.21063232,0,10.77059269,0,2.041283607,0,16.59973145,0,4.70062065124512,0.938901007175446,8.33372402191162,1.24228739738464,4.45059537887573,31.680944442749,92.851203918457,4.43826913833618,1.61172699928284,0,0,
285,46.98731232,0,0,0,26.21063232,0,10.77059269,0,2.041283607,0,16.59973145,0,4.70063447952271,0.938904047012329,8.33378314971924,1.24230694770813,4.45154809951782,31.6854476928711,92.8750305175781,4.4384560585022,1.61173510551453,0,0,
286,46.98731232,0,0,0,26.21063232,0,10.77059269,0,2.041283607,0,16.59973145,0,4.70064449310303,0.938905775547028,8.33383560180664,1.24232423305511,4.45247793197632,31.6898784637451,92.8988037109375,4.43863391876221,1.61174201965332,0,0,
287,46.98973465,0,0,0,26.21095657,0,10.77066612,0,2.041299343,0,16.6003418,0,4.70065593719482,0.938908338546753,8.33388996124268,1.24234211444855,4.45338439941406,31.694242477417,92.9225234985352,4.43880891799927,1.61174941062927,0,0,
288,46.98973465,0,0,0,26.21095657,0,10.77066612,0,2.041299343,0,16.6003418,0,4.70066928863525,0.938911378383636,8.33394527435303,1.24236071109772,4.45426845550537,31.6985359191895,92.9461898803711,4.43898153305054,1.61175715923309,0,0,
289,46.98973465,0,0,0,26.21095657,0,10.77066612,0,2.041299343,0,16.6003418,0,4.70067930221558,0.938913106918335,8.33399391174316,1.24237704277039,4.4551305770874,31.7027626037598,92.9698104858398,4.43914604187012,1.61176371574402,0,0,
290,46.98973465,0,0,0,26.21095657,0,10.77066612,0,2.041299343,0,16.6003418,0,4.70068645477295,0.938914179801941,8.33403778076172,1.24239146709442,4.45597124099731,31.7069244384766,92.9933776855469,4.43930292129517,1.61176931858063,0,0,
291,46.99215698,0,0,0,26.21129036,0,10.77074337,0,2.041315556,0,16.60095596,0,4.70069599151611,0.938916325569153,8.33408355712891,1.24240684509277,4.45679140090942,31.7110176086426,93.0168991088867,4.43945741653442,1.61177575588226,0,0,
292,46.99215698,0,0,0,26.21129036,0,10.77074337,0,2.041315556,0,16.60095596,0,4.70070791244507,0.938919126987457,8.33413219451904,1.24242317676544,4.45759105682373,31.7150459289551,93.0403594970703,4.43961048126221,1.61178267002106,0,0,
293,46.99215698,0,0,0,26.21129036,0,10.77074337,0,2.041315556,0,16.60095596,0,4.70071697235107,0.938920736312866,8.3341760635376,1.24243760108948,4.45837068557739,31.7190113067627,93.0637664794922,4.43975639343262,1.61178851127625,0,0,
294,46.99215698,0,0,0,26.21129036,0,10.77074337,0,2.041315556,0,16.60095596,0,4.70072317123413,0.938921689987183,8.33421516418457,1.24245023727417,4.45913076400757,31.7229156494141,93.0871276855469,4.43989515304565,1.61179339885712,0,0,
295,46.99458313,0,0,0,26.21161461,0,10.77082062,0,2.041331291,0,16.60156631,0,4.70073223114014,0.93892377614975,8.33425712585449,1.24246418476105,4.45987176895142,31.7267570495605,93.1104354858398,4.44003295898438,1.61179912090302,0,0,
296,46.99458313,0,0,0,26.21161461,0,10.77082062,0,2.041331291,0,16.60156631,0,4.70074415206909,0.938926458358765,8.33430194854736,1.24247908592224,4.46059465408325,31.7305393218994,93.1336898803711,4.44016885757446,1.61180555820465,0,0,
297,46.99458313,0,0,0,26.21161461,0,10.77082062,0,2.041331291,0,16.60156631,0,4.70075225830078,0.938928008079529,8.33434104919434,1.24249219894409,4.46129941940308,31.7342624664307,93.1568832397461,4.44029855728149,1.61181092262268,0,0,
298,46.99458313,0,0,0,26.21161461,0,10.77082062,0,2.041331291,0,16.60156631,0,4.70075845718384,0.938928961753845,8.33437633514404,1.24250376224518,4.46198654174805,31.737922668457,93.1800231933594,4.44042253494263,1.61181545257568,0,0,
299,46.99458313,0,0,0,26.21161461,0,10.77082062,0,2.041331291,0,16.60156631,0,4.70076274871826,0.938929557800293,8.33440780639648,1.24251401424408,4.46265649795532,31.741527557373,93.2031097412109,4.44054079055786,1.61181926727295,0,0,
