"Time Step","Softwood Merchantable","Hardwood Merchantable","Softwood Submerchantable","Hardwood Submerchantable","Softwood Other","Hardwood Other","Softwood Foliage","Hardwood Foliage","Softwood Fine Roots","Hardwood Fine Roots","Softwood Coarse Roots","Hardwood Coarse Roots","Aboveground Very Fast DOM","Belowground Very Fast DOM","Aboveground Fast DOM","Belowground Fast DOM","Medium DOM","Aboveground Slow DOM","Belowground Slow DOM","Softwood Stem Snag","Softwood Branch Snag","Hardwood Stem Snag","Hardwood Branch Snag",
0,0,0,0,0,0,0,0,0,0,0,0,0,0.579089999198914,1.95051598548889,12.958080291748,9.33006858825684,7.78847122192383,15.7439298629761,82.256103515625,45.5787200927734,21.2903308868408,0,0,
1,0.008425734006,0,0,0,0,0,0.0954624936,0,0.009802273475,0,0.01326091308,0,0.427852749824524,1.15045189857483,13.3090333938599,8.23050308227539,8.96294975280762,16.1464691162109,82.4042663574219,43.4426002502441,18.0321407318115,0,0,
2,0.03549707681,0,0,0,0,0,0.3006355166,0,0.03155241534,0,0.043069016189999997,0,0.332004964351654,0.681918323040009,13.331395149231,7.26071977615356,10.0350961685181,16.5076274871826,82.4768524169922,41.4066734313965,15.272572517395,0,0,
3,0.08229964972,0,0,0,0,0,0.5849338174,0,0.06217453629,0,0.08595129102,0,0.285976141691208,0.410736709833145,13.1080093383789,6.40555429458618,11.0111608505249,16.8301277160645,82.4997787475586,39.4663276672363,12.9353170394897,0,0,
4,0.1493988484,0,0,0,0,0,0.9346499443,0,0.1000870988,0,0.1405717134,0,0.283531188964844,0.25738987326622,12.7052021026611,5.65160703659058,11.8970594406128,17.1170558929443,82.4891815185547,37.6171722412109,10.9557466506958,0,0,
5,0.237151742,0,0,0,0,0,1.340693593,0,0.1440981776,0,0.2061834782,0,0.318955481052399,0.174752801656723,12.1757726669312,4.9870491027832,12.6983909606934,17.3716869354248,82.4553527832031,35.8550224304199,9.27912139892578,0,0,
6,0.3457870781,0,0,0,0,0,1.796163082,0,0.1932001114,0,0.2823128104,0,0.387230604887009,0.134844914078712,11.5614643096924,4.40143966674805,13.4204511642456,17.5973625183105,82.4050369262695,34.175895690918,7.85908079147339,0,0,
7,0.4754396975,0,0,0,0,0,2.295417309,0,0.2464978993,0,0.368632406,0,0.484007775783539,0.120996296405792,10.8950061798096,3.88556575775146,14.0682506561279,17.7974166870117,82.3427734375,32.5759925842285,6.6563572883606,0,0,
8,0.6261686683,0,0,0,0,0,2.83362937,0,0.3031789064,0,0.4648962617,0,0.605526208877563,0.123221352696419,10.2018032073975,3.43129682540894,14.6465272903442,17.9751071929932,82.2717742919922,31.0516948699951,5.63769435882568,0,0,
9,0.797968328,0,0,0,0,0,3.406541109,0,0.3624992371,0,0.5709017515,0,0.748523235321045,0.135488137602806,9.5013313293457,3.03145933151245,15.159761428833,18.1335697174072,82.1943588256836,29.5995483398438,4.77492332458496,0,0,
10,0.9907752275,0,0,0,0,0,4.010314465,0,0.4237769842,0,0.6864649057,0,0.910151541233063,0.154107093811035,8.80828475952148,2.67972326278687,15.6121892929077,18.2757911682129,82.1122894287109,28.2162685394287,4.04418754577637,0,0,
11,1.204473138,0,0,0,0,0,4.641438961,0,0.4863886833,0,0.8114037514,0,1.0879088640213,0.176780492067337,8.13351821899414,2.37050294876099,16.0078144073486,18.4045791625977,82.0269470214844,26.8987197875977,3.42528080940247,0,0,
12,1.438897252,0,0,0,0,0,5.296666145,0,0.5497679114,0,0.9455271363,0,1.27957987785339,0.202041834592819,7.48482513427734,2.09886932373047,16.3504219055176,18.5225524902344,81.9394302368164,25.6439113616943,2.90108895301819,0,0,
13,1.693836331,0,0,0,0,0,5.972970009,0,0.6134037971,0,1.088627219,0,1.48319041728973,0.228925094008446,6.86756706237793,1.86047255992889,16.6435832977295,18.632137298584,81.8506393432617,24.4489994049072,2.45711755752563,0,0,
14,1.969035983,0,0,0,0,0,6.667512417,0,0.6768396497,0,1.240473986,0,1.69696986675262,0.256769567728043,6.28519439697266,1.65147387981415,16.8906784057617,18.7355499267578,81.7613220214844,23.3112621307373,2.08108973503113,0,0,
15,2.264200687,0,0,0,0,0,7.377622604,0,0.7396720052,0,1.400812864,0,1.91932249069214,0.285104632377625,5.73966503143311,1.46848428249359,17.0948944091797,18.8348140716553,81.6721038818359,22.2281112670898,1.76260781288147,0,0,
16,2.578994989,0,0,0,0.3250683248,0,7.775712013,0,0.8015482426,0,1.569361925,0,2.1369252204895,0.313581556081772,5.23608827590942,1.30851209163666,17.259241104126,18.9310684204102,81.5835037231445,21.1970748901367,1.49439454078674,0,0,
17,2.913046598,0,0,0,0.8985202312,0,7.936083317,0,0.8621649742,0,1.74581337,0,2.33070850372314,0.341932833194733,4.78161287307739,1.16891574859619,17.3865604400635,19.0242729187012,81.4959487915039,20.215799331665,1.27145564556122,0,0,
18,3.265947104,0,0,0,1.491704345,0,8.085133553,0,0.9212652445,0,1.929833055,0,2.49765849113464,0.369947850704193,4.37806129455566,1.04736185073853,17.4795322418213,19.1141757965088,81.409782409668,19.2820339202881,1.08812379837036,0,0,
19,3.637254238,0,0,0,2.101421356,0,8.223930359,0,0.9786362052,0,2.121062517,0,2.6438295841217,0.397458165884018,4.02347135543823,0.941789150238037,17.5406856536865,19.2008419036865,81.3252792358398,18.3936347961426,0.938508450984955,0,0,
20,4.026493073,0,0,0,2.724720478,0,8.353404999,0,1.034105539,0,2.319119692,0,2.77367424964905,0.424328178167343,3.71550679206848,0.850376009941101,17.5724048614502,19.2845287322998,81.2426681518555,17.5485591888428,0.817591428756714,0,0,
21,4.433157921,0,0,0,3.358873606,0,8.474380493,0,1.087539077,0,2.523604393,0,2.89047479629517,0.450448900461197,3.45158624649048,0.771512150764465,17.5769367218018,19.3656177520752,81.1621170043945,16.74485206604,0.721095860004425,0,0,
22,4.856714725,0,0,0,4.001353741,0,8.587580681,0,1.138836741,0,2.734097481,0,2.99665880203247,0.475734084844589,3.22898149490356,0.703773379325867,17.5564022064209,19.4445533752441,81.0837554931641,15.9806518554688,0.645374655723572,0,0,
23,5.296601772,0,0,0,4.64981842,0,8.693652153,0,1.187930107,0,2.950165749,0,3.09403133392334,0.500117003917694,3.04489612579346,0.645899653434753,17.5127944946289,19.521800994873,81.007682800293,15.2541799545288,0.587315857410431,0,0,
24,5.752231598,0,0,0,5.302093983,0,8.793169975,0,1.234778404,0,3.171365738,0,3.18394255638123,0.523547887802124,2.89652538299561,0.59677541255950906,17.4479942321777,19.597827911377,80.933967590332,14.5637397766113,0.544262588024139,0,0,
25,6.222992897,0,0,0,5.956166267,0,8.886650085,0,1.27936554,0,3.397243977,0,3.26741361618042,0.545992136001587,2.78110098838806,0.555412828922272,17.3637676239014,19.6730785369873,80.862678527832,13.9077110290527,0.513944864273071,0,0,
26,6.708253384,0,0,0,6.610167027,0,8.974556923,0,1.321697593,0,3.627343178,0,3.34522461891174,0.567428410053253,2.69592571258545,0.520936369895935,17.2617816925049,19.7479686737061,80.7938232421875,13.2845468521118,0.494421780109406,0,0,
27,7.207359314,0,0,0,7.262368202,0,9.057309151,0,1.361798406,0,3.861203671,0,3.41798162460327,0.58784693479538,2.6383969783783,0.492569625377655,17.1435985565186,19.8228740692139,80.727409362793,12.6927690505981,0.484032601118088,0,0,
28,7.719638824,0,0,0,7.911171436,0,9.135284424,0,1.399708629,0,4.098364353,0,3.486163854599,0.60724800825119,2.60602474212646,0.469623655080795,17.0106906890869,19.8981323242188,80.663444519043,12.1309661865234,0.481354981660843,0,0,
29,8.244403839,0,0,0,8.555104256,0,9.208826065,0,1.43548131,0,4.33836937,0,3.5501594543457,0.625640690326691,2.59644174575806,0.451486706733704,16.8644409179688,19.9740352630615,80.6019134521484,11.5977907180786,0.485169947147369,0,0,
30,8.780952454,0,0,0,9.192811966,0,9.278247833,0,1.469180703,0,4.580766201,0,3.61029005050659,0.643041431903839,2.60741138458252,0.437615066766739,16.7061462402344,20.0508365631104,80.5427856445313,11.0919561386108,0.494431644678116,0,0,
31,9.328567505,0,0,0,9.823050499,0,9.343833923,0,1.500879884,0,4.825110912,0,3.66682767868042,0.659472942352295,2.63682985305786,0.427525192499161,16.5370235443115,20.1287479400635,80.4860305786133,10.6122303009033,0.508242130279541,0,0,
32,9.886523247,0,0,0,10.44468594,0,9.405843735,0,1.530658245,0,5.070967674,0,3.72000956535339,0.674962818622589,2.68272638320923,0.420786619186401,16.3582153320313,20.207950592041,80.4316177368164,10.1574363708496,0.525829613208771,0,0,
33,10.45408249,0,0,0,11.0566864,0,9.464517593,0,1.558599949,0,5.317913532,0,3.77004647254944,0.689542889595032,2.74326229095459,0.417015850543976,16.1707935333252,20.2885837554932,80.379508972168,9.72645092010498,0.546530246734619,0,0,
34,11.03050327,0,0,0,11.65811729,0,9.520072937,0,1.584792614,0,5.565537453,0,3.81712889671326,0.703248202800751,2.81672739982605,0.415870904922485,15.9757614135742,20.3707618713379,80.3296661376953,9.31819820404053,0.56977254152298,0,0,
35,11.61503696,0,0,0,12.24813747,0,9.572710991,0,1.609325647,0,5.813441277,0,3.86143255233765,0.716116011142731,2.90153527259827,0.417046546936035,15.774055480957,20.4545650482178,80.2820358276367,8.9316520690918,0.595064163208008,0,0,
36,12.20693111,0,0,0,12.8259964,0,9.622617722,0,1.632288933,0,6.061242104,0,3.90312075614929,0.72818523645401,2.99621891975403,0.420270025730133,15.566556930542,20.5400543212891,80.2365798950195,8.56582736968994,0.621980547904968,0,0,
37,12.80543137,0,0,0,13.39103031,0,9.669963837,0,1.653772354,0,6.3085742,0,3.94234704971313,0.739495813846588,3.0994246006012,0.425297468900681,15.3540859222412,20.6272621154785,80.1932525634766,8.21978664398193,0.650155484676361,0,0,
38,13.40978432,0,0,0,13.94265366,0,9.714906693,0,1.673864365,0,6.555086136,0,3.97925615310669,0.750088214874268,3.20990586280823,0.43191060423851,15.1374073028564,20.7162036895752,80.1520004272461,7.89262771606445,0.679272830486298,0,0,
39,14.01923847,0,0,0,14.48036289,0,9.757593155,0,1.692651033,0,6.8004465100000004,0,4.01398611068726,0.760002493858337,3.32651829719543,0.439913839101791,14.9172372817993,20.8068733215332,80.1127853393555,7.58349084854126,0.70905989408493,0,0,
40,14.63304329,0,0,0,15.00372601,0,9.798157692,0,1.710216761,0,7.044338226,0,4.04666709899902,0.769278645515442,3.44821286201477,0.44913175702095,14.694242477417,20.8992538452148,80.075553894043,7.29155254364014,0.739281177520752,0,0,
41,15.25045586,0,0,0,15.51238346,0,9.836725235,0,1.726642251,0,7.286461353,0,4.07742357254028,0.777955710887909,3.57403016090393,0.459406942129135,14.4690418243408,20.9933109283447,80.0402679443359,7.01602411270142,0.769733548164368,0,0,
42,15.87074089,0,0,0,16.00604057,0,9.87341404,0,1.742005348,0,7.526538849,0,4.10637426376343,0.786071717739105,3.70309495925903,0.470597952604294,14.2422122955322,21.0889987945557,80.0068969726563,6.75615119934082,0.800241827964783,0,0,
43,16.49316788,0,0,0,16.48446846,0,9.908331871,0,1.756379843,0,7.764306068,0,4.13363218307495,0.793663322925568,3.83460998535156,0.482577621936798,14.014289855957,21.1862659454346,79.9753875732422,6.51121044158936,0.83065527677536,0,0,
44,17.11701775,0,0,0,16.94749641,0,9.941578865,0,1.769835949,0,7.999517918,0,4.15930318832397,0.800765812397003,3.96785187721252,0.495231568813324,13.7857713699341,21.2850494384766,79.9457015991211,6.28051090240479,0.860844314098358,0,0,
45,17.74158478,0,0,0,17.39501381,0,9.973249435,0,1.782440186,0,8.231945992,0,4.18348836898804,0.807412803173065,4.10216379165649,0.508456826210022,13.5571165084839,21.3852767944336,79.9178085327148,6.06338930130005,0.890697717666626,0,0,
46,18.3661747,0,0,0,17.82695961,0,10.00343227,0,1.794255137,0,8.461381912,0,4.2062840461731,0.813636422157288,4.23695421218872,0.522160530090332,13.3287515640259,21.4868698120117,79.8916625976563,5.85921096801758,0.920120656490326,0,0,
47,18.99010658,0,0,0,18.24332237,0,10.03220844,0,1.805339217,0,8.687633514,0,4.22777986526489,0.819466888904572,4.37168884277344,0.53625905513763406,13.1010675430298,21.589750289917,79.8672332763672,5.66736793518066,0.949032485485077,0,0,
48,19.61271286,0,0,0,18.64414024,0,10.05965424,0,1.815747142,0,8.910516739,0,4.24806118011475,0.824932754039764,4.50588798522949,0.550676941871643,12.8744268417358,21.6938285827637,79.844482421875,5.48727750778198,0.977364838123322,0,0,
49,20.23334885,0,0,0,19.02949524,0,10.08584213,0,1.825530171,0,9.129878044,0,4.26720809936523,0.830061018466949,4.63912343978882,0.56534618139267,12.6491613388062,21.7990188598633,79.8233795166016,5.31838178634644,1.00506043434143,0,0,
50,20.8513813,0,0,0,19.39950752,0,10.11083984,0,1.834735394,0,9.345567703,0,4.28529500961304,0.834876596927643,4.77101278305054,0.580205380916595,12.4255771636963,21.9052314758301,79.8038940429688,5.16014575958252,1.03207194805145,0,0,
51,21.46619606,0,0,0,19.7543335,0,10.1347084,0,1.843406916,0,9.55745697,0,4.30239295959473,0.839402914047241,4.90121793746948,0.595199286937714,12.2039527893066,22.0123710632324,79.7859954833984,5.01205682754517,1.05836045742035,0,0,
52,22.07720375,0,0,0,20.09416962,0,10.15750885,0,1.851585031,0,9.765426636,0,4.31856727600098,0.843661785125732,5.02944040298462,0.610277891159058,11.9845428466797,22.1203460693359,79.769645690918,4.87362480163574,1.08389437198639,0,0,
53,22.68383217,0,0,0,20.41923714,0,10.17929459,0,1.85930717,0,9.969377518,0,4.3338794708252,0.84767347574234,5.15541791915894,0.625396192073822,11.7675790786743,22.2290649414063,79.7548217773438,4.74437808990479,1.1086493730545,0,0,
54,23.28552818,0,0,0,20.72978973,0,10.20011997,0,1.866607904,0,10.16921997,0,4.34838676452637,0.8514564037323,5.27892351150513,0.640513718128204,11.5532703399658,22.3384323120117,79.7415008544922,4.62386560440063,1.13260674476624,0,0,
55,23.88176537,0,0,0,21.02610588,0,10.22003174,0,1.873518348,0,10.3648777,0,4.36214160919189,0.855028092861176,5.39976072311401,0.655593931674957,11.3418064117432,22.4483547210693,79.7296524047852,4.51165533065796,1.15575325489044,0,0,
56,24.47203636,0,0,0,21.30848885,0,10.23907661,0,1.880067825,0,10.55628395,0,4.37519454956055,0.858404278755188,5.51776313781738,0.670604050159454,11.133358001709,22.5587406158447,79.71923828125,4.40733242034912,1.17808043956757,0,0,
57,25.05585861,0,0,0,21.57726097,0,10.25729847,0,1.886282563,0,10.74339008,0,4.3875904083252,0.861599385738373,5.63279008865356,0.685514628887177,10.9280776977539,22.6694984436035,79.7102508544922,4.3105001449585,1.19958436489105,0,0,
58,25.63277435,0,0,0,21.83276176,0,10.27473831,0,1.892186761,0,10.92615318,0,4.39937210083008,0.864627003669739,5.74472570419312,0.700299263000488,10.7260980606079,22.7805404663086,79.7026443481445,4.22077751159668,1.22026419639587,0,0,
59,26.20234871,0,0,0,22.0753479,0,10.29143333,0,1.897802711,0,11.10454464,0,4.41057920455933,0.867499232292175,5.85347652435303,0.714934349060059,10.5275402069092,22.8917789459229,79.696403503418,4.13779973983765,1.24012291431427,0,0,
60,26.7641716,0,0,0,22.30539131,0,10.30742168,0,1.903149843,0,11.27854061,0,4.4212474822998,0.87022739648819,5.95897054672241,0.729398846626282,10.3325080871582,23.0031299591064,79.691520690918,4.06121730804443,1.25916635990143,0,0,
61,27.31785965,0,0,0,22.52327156,0,10.32273579,0,1.908247113,0,11.44813061,0,4.43141174316406,0.872821629047394,6.06115341186523,0.743674039840698,10.1410913467407,23.1145076751709,79.6879501342773,3.99069595336914,1.2774031162262,0,0,
62,27.86304855,0,0,0,22.72938156,0,10.33740807,0,1.913110852,0,11.61331272,0,4.44110250473022,0.875291287899017,6.15998888015747,0.757743358612061,9.95336723327637,23.2258338928223,79.685676574707,3.92591404914856,1.29484415054321,0,0,
63,28.39940453,0,0,0,22.92411613,0,10.35147095,0,1.917756319,0,11.77409267,0,4.45034837722778,0.877644836902618,6.25545597076416,0.771592259407043,9.76939964294434,23.3370304107666,79.6846694946289,3.86656451225281,1.31150209903717,0,0,
64,28.92661858,0,0,0,23.10788155,0,10.36495113,0,1.922196984,0,11.93048096,0,4.4591760635376,0.879890024662018,6.34754848480225,0.785207867622375,9.58924198150635,23.44801902771,79.6849136352539,3.81235241889954,1.32739174365997,0,0,
65,29.4444046,0,0,0,23.28108215,0,10.37787724,0,1.926445603,0,12.08250046,0,4.46760988235474,0.882033824920654,6.43627214431763,0.798579096794128,9.41293716430664,23.5587272644043,79.6863708496094,3.76299643516541,1.342529296875,0,0,
66,29.9525013,0,0,0,23.44412994,0,10.390275,0,1.93051374,0,12.23017979,0,4.47567272186279,0.884082734584808,6.52164602279663,0.811696231365204,9.24051666259766,23.6690864562988,79.6890258789063,3.71822643280029,1.35693252086639,0,0,
67,30.45067215,0,0,0,23.59742928,0,10.40216827,0,1.934411287,0,12.37354946,0,4.48338651657104,0.886042535305023,6.60369777679443,0.824551165103912,9.0720043182373,23.7790279388428,79.6928634643555,3.67778396606445,1.37062013149261,0,0,
68,30.93870735,0,0,0,23.74139404,0,10.41358089,0,1.938147783,0,12.51264954,0,4.4907693862915,0.887918531894684,6.68246603012085,0.83713698387146,8.90741348266602,23.8884906768799,79.6978530883789,3.64142179489136,1.38361167907715,0,0,
69,31.41641998,0,0,0,23.87642479,0,10.4245348,0,1.941732049,0,12.64752579,0,4.49783945083618,0.889715552330017,6.75799703598022,0.849447846412659,8.746750831604,23.9974117279053,79.7039794921875,3.60890340805054,1.39592778682709,0,0,
70,31.8836441,0,0,0,24.00292778,0,10.43505001,0,1.945171714,0,12.77822971,0,4.50461387634277,0.891437888145447,6.83034467697144,0.861479163169861,8.59001445770264,24.10573387146,79.7112121582031,3.58000230789185,1.40758979320526,0,0,
71,32.34024048,0,0,0,24.12129784,0,10.44514656,0,1.94847393,0,12.90480995,0,4.51110744476318,0.893089711666107,6.89956903457642,0.87322735786438,8.43719577789307,24.213399887085,79.7195358276367,3.5545027256012,1.41861915588379,0,0,
72,32.78609085,0,0,0,24.23192596,0,10.45484447,0,1.951645494,0,13.02732944,0,4.51733446121216,0.894674599170685,6.96573638916016,0.884689629077911,8.28828048706055,24.3203601837158,79.7289276123047,3.53219747543335,1.42903816699982,0,0,
73,33.22109985,0,0,0,24.33519745,0,10.46415997,0,1.954692006,0,13.14585114,0,4.52330875396729,0.896195888519287,7.02891826629639,0.895864069461823,8.14324760437012,24.4265632629395,79.7393646240234,3.51288890838623,1.43886923789978,0,0,
74,33.64519119,0,0,0,24.43148994,0,10.4731102,0,1.957619548,0,13.26043415,0,4.52904176712036,0.897656619548798,7.08918952941895,0.906749665737152,8.00207042694092,24.5319652557373,79.7508163452148,3.49638867378235,1.44813477993011,0,0,
75,34.05831909,0,0,0,24.52117157,0,10.48171139,0,1.960432768,0,13.37115383,0,4.53454542160034,0.899059653282166,7.14662933349609,0.917346060276031,7.86471796035767,24.6365203857422,79.7632675170898,3.4825165271759,1.45685744285583,0,0,
76,34.46044159,0,0,0,24.604599,0,10.48997879,0,1.963136792,0,13.47807884,0,4.53983068466187,0.900407612323761,7.2013201713562,0.927653610706329,7.73115491867065,24.7401905059814,79.7766952514648,3.47110080718994,1.46505975723267,0,0,
77,35.16828156,0,0,0,24.6268158,0,10.70960999,0,1.968305945,0,13.68373871,0,4.55294275283813,0.9019455909729,7.25306510925293,0.93812507390976,7.60134029388428,24.8434677124023,79.7911224365234,3.46267914772034,1.47250390052795,0,0,
78,35.48739624,0,0,0,24.66918755,0,10.70140457,0,1.970220208,0,13.76025295,0,4.57108116149902,0.903521001338959,7.3014669418335,0.948606908321381,7.4752516746521,24.9466419219971,79.8065414428711,3.45692729949951,1.47911274433136,0,0,
79,35.79877853,0,0,0,24.71055031,0,10.69404888,0,1.972087622,0,13.83506203,0,4.5842113494873,0.904806613922119,7.34652233123779,0.958520829677582,7.35285758972168,25.04931640625,79.8229064941406,3.45284199714661,1.48510420322418,0,0,
80,36.10493088,0,0,0,24.75124168,0,10.68742275,0,1.973923326,0,13.90875435,0,4.59372997283936,0.905914008617401,7.38853740692139,0.967921376228333,7.23409652709961,25.1512126922607,79.8401794433594,3.45031595230103,1.49056482315063,0,0,
81,36.40090561,0,0,0,24.79060555,0,10.68158245,0,1.975698352,0,13.98012829,0,4.60065364837646,0.906907558441162,7.42778158187866,0.976853847503662,7.11890554428101,25.252124786377,79.8583221435547,3.44924235343933,1.49556660652161,0,0,
82,36.68920135,0,0,0,24.82897377,0,10.67642117,0,1.977427721,0,14.04977322,0,4.60572195053101,0.907824099063873,7.4644923210144,0.98535543680191,7.0072193145752,25.3519058227539,79.877311706543,3.44951367378235,1.50016856193542,0,0,
83,36.97232056,0,0,0,24.86667061,0,10.67184353,0,1.979126573,0,14.11827755,0,4.60947179794312,0.908688068389893,7.49889802932739,0.993464410305023,6.89897203445435,25.4504547119141,79.8971176147461,3.45103812217712,1.50442409515381,0,0,
84,37.2477951,0,0,0,24.90335846,0,10.66784763,0,1.980780482,0,14.18503857,0,4.61229181289673,0.909513890743256,7.53120470046997,1.00121438503265,6.79409694671631,25.547700881958,79.9177169799805,3.45372867584229,1.50837850570679,0,0,
85,37.51563644,0,0,0,24.93904686,0,10.66439438,0,1.982389331,0,14.25004578,0,4.61446285247803,0.910308718681335,7.56159162521362,1.00863206386566,6.69252729415894,25.6435985565186,79.9390869140625,3.45749664306641,1.51206827163696,0,0,
86,37.77835083,0,0,0,24.97407913,0,10.66141224,0,1.983968616,0,14.31390381,0,4.61618757247925,0.911078214645386,7.59022665023804,1.01574397087097,6.59419441223145,25.7381191253662,79.9612121582031,3.46226358413696,1.51552605628967,0,0,
87,38.03346634,0,0,0,25.00810623,0,10.65889168,0,1.985503316,0,14.3760004,0,4.6176118850708,0.911825895309448,7.61726093292236,1.02257323265076,6.49902963638306,25.8312492370605,79.9840621948242,3.46795439720154,1.51877975463867,0,0,
88,38.28099442,0,0,0,25.04113579,0,10.65679741,0,1.986993551,0,14.43632889,0,4.6188383102417,0.912552177906036,7.64282417297363,1.02913761138916,6.40696430206299,25.922981262207,80.0076293945313,3.47449207305908,1.52185094356537,0,0,
89,38.52341843,0,0,0,25.07349777,0,10.65507412,0,1.98845458,0,14.49548721,0,4.61994075775146,0.913258969783783,7.66703796386719,1.03545522689819,6.31792974472046,26.0133190155029,80.0318908691406,3.48180866241455,1.52475988864899,0,0,
90,38.76076508,0,0,0,25.10518265,0,10.65369701,0,1.989886165,0,14.55347538,0,4.6209716796875,0.913948655128479,7.69001817703247,1.0415450334549,6.23185729980469,26.1022701263428,80.0568313598633,3.48984551429749,1.52752506732941,0,0,
91,38.99055862,0,0,0,25.13588715,0,10.65265369,0,1.991273761,0,14.6096859,0,4.62196731567383,0.914621353149414,7.71186351776123,1.04742085933685,6.14867830276489,26.1898460388184,80.0824279785156,3.49854063987732,1.5301605463028,0,0,
92,39.21281815,0,0,0,25.16558838,0,10.65191269,0,1.992617369,0,14.66411304,0,4.62294912338257,0.915275692939758,7.73265409469604,1.05309200286865,6.06832361221313,26.2760620117188,80.1086654663086,3.5078296661377,1.53267693519592,0,0,
93,39.43001556,0,0,0,25.19461632,0,10.65143681,0,1.99393189,0,14.71735668,0,4.62393379211426,0.915912389755249,7.7524676322937,1.05856966972351,5.99072504043579,26.360933303833,80.1355285644531,3.5176568031311,1.53508460521698,0,0,
94,39.64464188,0,0,0,25.22331619,0,10.65120792,0,1.995232344,0,14.77002239,0,4.62493371963501,0.916534662246704,7.77138948440552,1.06386888027191,5.91581535339355,26.4444808959961,80.1630020141602,3.52798008918762,1.53739547729492,0,0,
95,39.84928894,0,0,0,25.25069427,0,10.65121365,0,1.996473908,0,14.82029247,0,4.62595415115356,0.917141377925873,7.7894811630249,1.06899762153625,5.84352684020996,26.5267219543457,80.1910629272461,3.53874850273132,1.53961646556854,0,0,
96,40.05137634,0,0,0,25.27772713,0,10.65142441,0,1.997701406,0,14.86997604,0,4.62699699401855,0.917732179164886,7.80679750442505,1.07396280765533,5.7737922668457,26.6076774597168,80.2197036743164,3.54991316795349,1.54175353050232,0,0,
97,40.24597168,0,0,0,25.30377388,0,10.65182209,0,1.998885036,0,14.91786289,0,4.62806367874146,0.918308079242706,7.82339382171631,1.07877314090729,5.70654678344727,26.687370300293,80.2489013671875,3.56143355369568,1.54381334781647,0,0,
98,40.43802261,0,0,0,25.32948494,0,10.65239811,0,2.000054598,0,14.96516514,0,4.62915420532227,0.91886967420578,7.83932113647461,1.08343636989594,5.64172410964966,26.7658214569092,80.2786636352539,3.57327055931091,1.5458015203476,0,0,
99,40.62260056,0,0,0,25.35419655,0,10.65312576,0,2.001179934,0,15.01066303,0,4.63026762008667,0.919417381286621,7.85462284088135,1.08795928955078,5.57925939559937,26.8430500030518,80.3089599609375,3.58538722991943,1.54772281646729,0,0,
100,40.80463409,0,0,0,25.378582,0,10.6540041,0,2.002291441,0,15.05557156,0,4.63140201568604,0.919951438903809,7.86933946609497,1.0923478603363,5.51908922195435,26.9190807342529,80.3397674560547,3.59774804115295,1.5495810508728,0,0,
101,40.97921371,0,0,0,25.40196991,0,10.65499306,0,2.003358841,0,15.09867287,0,4.63255500793457,0.920472085475922,7.88350582122803,1.09660744667053,5.46115112304688,26.9939346313477,80.3710861206055,3.6103196144104,1.55137968063354,0,0,
102,41.15126801,0,0,0,25.42503548,0,10.65611649,0,2.004412174,0,15.14118576,0,4.63372278213501,0.920979142189026,7.8971529006958,1.10074269771576,5.40538215637207,27.0676307678223,80.4028930664063,3.62307000160217,1.55312156677246,0,0,
103,41.31587982,0,0,0,25.44710159,0,10.65732098,0,2.0054214,0,15.18188572,0,4.63490295410156,0.921472728252411,7.91030979156494,1.10475754737854,5.35172176361084,27.1401920318604,80.4351959228516,3.63596892356873,1.55480921268463,0,0,
104,41.47797394,0,0,0,25.46882439,0,10.65863037,0,2.006416559,0,15.22198868,0,4.63609218597412,0.921952903270721,7.92300128936768,1.10865557193756,5.30010986328125,27.2116394042969,80.4679641723633,3.64898705482483,1.55644452571869,0,0,
105,41.6350975,0,0,0,25.48989868,0,10.66001606,0,2.007382393,0,15.26089001,0,4.63728952407837,0.922421097755432,7.9352560043335,1.1124427318573,5.25048685073853,27.2819919586182,80.5011901855469,3.66210198402405,1.55803120136261,0,0,
106,41.78970718,0,0,0,25.51063919,0,10.66149235,0,2.008333921,0,15.29919338,0,4.63849353790283,0.92287814617157,7.94709920883179,1.11612403392792,5.20279550552368,27.3512687683105,80.5348663330078,3.67529296875,1.55957186222076,0,0,
107,41.93690109,0,0,0,25.53038597,0,10.66299915,0,2.009241343,0,15.33568382,0,4.63970041275024,0.923323035240173,7.9585485458374,1.11970138549805,5.15697813034058,27.419490814209,80.5689697265625,3.68853425979614,1.5610671043396,0,0,
108,42.08159637,0,0,0,25.5498085,0,10.66457939,0,2.010134459,0,15.37157536,0,4.64090585708618,0.923755288124084,7.96961784362793,1.12317633628845,5.11297845840454,27.4866771697998,80.6035003662109,3.70180177688599,1.56251776218414,0,0,
109,42.2237854,0,0,0,25.56889153,0,10.66622353,0,2.011013031,0,15.40686226,0,4.64211225509644,0.924177408218384,7.98033428192139,1.12655568122864,5.07074213027954,27.5528469085693,80.6384429931641,3.71508312225342,1.56392776966095,0,0,
110,42.36103058,0,0,0,25.5873127,0,10.66789627,0,2.011862278,0,15.44094467,0,4.64331769943237,0.924589276313782,7.99071455001831,1.12984275817871,5.03021478652954,27.6180191040039,80.6737823486328,3.72836089134216,1.5652984380722,0,0,
111,42.49333572,0,0,0,25.60508156,0,10.66958904,0,2.012682199,0,15.47381592,0,4.64451694488525,0.924989759922028,8.00076580047607,1.13303768634796,4.9913444519043,27.6822090148926,80.7095184326172,3.7416136264801,1.56662952899933,0,0,
112,42.62314606,0,0,0,25.62251854,0,10.67132664,0,2.013487577,0,15.5060854,0,4.6457085609436,0.925379276275635,8.01050281524658,1.13614332675934,4.95407867431641,27.7454376220703,80.7456359863281,3.75482606887817,1.56792259216309,0,0,
113,42.74802017,0,0,0,25.63928413,0,10.67306805,0,2.014263153,0,15.53713989,0,4.64689207077026,0.925758063793182,8.01993846893311,1.13916230201721,4.91836786270142,27.8077182769775,80.7821197509766,3.76798343658447,1.56917870044708,0,0,
114,42.87041473,0,0,0,25.65573311,0,10.67484188,0,2.015024424,0,15.56759644,0,4.64806509017944,0.926126420497894,8.02908420562744,1.14209675788879,4.88416194915771,27.8690700531006,80.8189544677734,3.78107213973999,1.57039880752563,0,0,
115,42.99032593,0,0,0,25.6718483,0,10.67663956,0,2.015771151,0,15.59744549,0,4.64923000335693,0.926485896110535,8.03795623779297,1.14495146274567,4.85141277313232,27.9295101165771,80.8561401367188,3.79408407211304,1.57158553600311,0,0,
116,43.10531235,0,0,0,25.68730736,0,10.6784277,0,2.016488075,0,15.62608433,0,4.65038394927979,0.92683607339859,8.04656314849854,1.14772760868073,4.82007312774658,27.9890537261963,80.893669128418,3.80700659751892,1.57273924350739,0,0,
117,43.2178154,0,0,0,25.702425,0,10.68023014,0,2.017190456,0,15.65411377,0,4.65152454376221,0.927176475524902,8.05491256713867,1.15042650699615,4.7900972366333,28.0477142333984,80.9315338134766,3.81982731819153,1.57386028766632,0,0,
118,43.32785797,0,0,0,25.71721649,0,10.68204594,0,2.017878294,0,15.6815424,0,4.65265321731567,0.927508354187012,8.06301593780518,1.15305197238922,4.76143932342529,28.1055107116699,80.9697113037109,3.8325400352478,1.57495045661926,0,0,
119,43.43297195,0,0,0,25.73135376,0,10.68382645,0,2.018536091,0,15.70775414,0,4.65376663208008,0.927831053733826,8.07088088989258,1.15560460090637,4.73405599594116,28.1624546051025,81.0082168579102,3.84513401985168,1.57600998878479,0,0,
120,43.53807068,0,0,0,25.74548912,0,10.68565655,0,2.019194365,0,15.7339716,0,4.65486669540405,0.928145468235016,8.07851791381836,1.15808761119843,4.70790481567383,28.218563079834,81.0470199584961,3.85760354995728,1.57704031467438,0,0,
121,43.63824844,0,0,0,25.75895691,0,10.68744469,0,2.019822598,0,15.75896835,0,4.6559534072876,0.92845231294632,8.08593654632568,1.16050386428833,4.68294334411621,28.2738475799561,81.0861206054688,3.86994314193726,1.5780428647995,0,0,
122,43.73596573,0,0,0,25.77210426,0,10.6892271,0,2.020436287,0,15.7833643,0,4.65702342987061,0.928750455379486,8.09313869476318,1.16285312175751,4.65913152694702,28.3283252716064,81.1255111694336,3.88214302062988,1.579017162323,0,0,
123,43.8287735,0,0,0,25.78458786,0,10.69095993,0,2.021019459,0,15.80654144,0,4.65807437896729,0.929039180278778,8.10012722015381,1.16513538360596,4.63642930984497,28.382007598877,81.1651763916016,3.89419341087341,1.57996296882629,0,0,
124,43.92156219,0,0,0,25.79707718,0,10.69272804,0,2.021603346,0,15.82971859,0,4.65910720825195,0.929319620132446,8.10691070556641,1.16735315322876,4.6147985458374,28.434907913208,81.2051162719727,3.90609002113342,1.58088159561157,0,0,
125,44.01189423,0,0,0,25.80923271,0,10.69448376,0,2.022172451,0,15.85229301,0,4.66012573242188,0.929593741893768,8.11350345611572,1.16951131820679,4.59420108795166,28.48703956604,81.2453231811523,3.91783452033997,1.58177554607391,0,0,
126,44.09732437,0,0,0,25.82073593,0,10.69617558,0,2.022711039,0,15.8736496,0,4.66112565994263,0.929859936237335,8.11990547180176,1.17160880565643,4.57460021972656,28.5384140014648,81.2857818603516,3.92941808700562,1.58264410495758,0,0,
127,44.18273926,0,0,0,25.83223152,0,10.69789886,0,2.023250103,0,15.89500618,0,4.66210746765137,0.930118560791016,8.12612152099609,1.17364752292633,4.55596113204956,28.5890445709229,81.3264923095703,3.94083738327026,1.58348798751831,0,0,
128,44.26569366,0,0,0,25.84339905,0,10.69959927,0,2.023774147,0,15.91575527,0,4.6630744934082,0.930371403694153,8.13216495513916,1.1756317615509,4.53824853897095,28.6389427185059,81.3674468994141,3.95209455490112,1.58430922031403,0,0,
129,44.34375381,0,0,0,25.85390854,0,10.70122623,0,2.024267912,0,15.93528461,0,4.66402196884155,0.930616497993469,8.13803291320801,1.17755973339081,4.52142953872681,28.688117980957,81.4086303710938,3.96318078041077,1.58510684967041,0,0,
130,44.42180634,0,0,0,25.86442566,0,10.70287514,0,2.024761915,0,15.95481968,0,4.66495037078857,0.930854260921478,8.14373111724854,1.17943274974823,4.50547122955322,28.7365837097168,81.4500427246094,3.97409319877625,1.58588135242462,0,0,
131,44.49739838,0,0,0,25.87460709,0,10.70450115,0,2.025240898,0,15.97374439,0,4.66586208343506,0.931086301803589,8.14926910400391,1.18125474452972,4.49034118652344,28.7843532562256,81.4916763305664,3.98483467102051,1.58663463592529,0,0,
132,44.5705452,0,0,0,25.88445091,0,10.70609093,0,2.025704622,0,15.99205685,0,4.66675615310669,0.931312024593353,8.15464973449707,1.18302619457245,4.47600936889648,28.8314342498779,81.5335235595703,3.99540209770203,1.58736681938171,0,0,
133,44.64123535,0,0,0,25.89398003,0,10.70765114,0,2.026153326,0,16.00976372,0,4.66763162612915,0.931531250476837,8.15987682342529,1.18474781513214,4.46244525909424,28.8778381347656,81.5755767822266,4.00579261779785,1.58807826042175,0,0,
134,44.7094841,0,0,0,25.90317726,0,10.70917702,0,2.026587009,0,16.02686119,0,4.66848754882813,0.931743741035461,8.16495132446289,1.18641996383667,4.44962024688721,28.9235763549805,81.6178283691406,4.01600456237793,1.58876883983612,0,0,
135,44.77772141,0,0,0,25.91236877,0,10.71072102,0,2.027020931,0,16.04395866,0,4.66932725906372,0.931950926780701,8.16988277435303,1.18804585933685,4.43750619888306,28.968656539917,81.6602783203125,4.02604007720947,1.58944022655487,0,0,
136,44.8410759,0,0,0,25.92090607,0,10.71217155,0,2.027424097,0,16.05983734,0,4.67014837265015,0.932152152061462,8.17467212677002,1.18962562084198,4.42607498168945,29.0130920410156,81.7029113769531,4.03589725494385,1.590092420578,0,0,
137,44.90441895,0,0,0,25.92944527,0,10.71363735,0,2.027827263,0,16.07571793,0,4.67094898223877,0.932346820831299,8.1793212890625,1.19115924835205,4.4153003692627,29.0568904876709,81.7457275390625,4.04557275772095,1.59072506427765,0,0,
138,44.96775818,0,0,0,25.93797493,0,10.71511745,0,2.028230906,0,16.09159851,0,4.67173671722412,0.932537734508514,8.1838436126709,1.19265222549438,4.40515756607056,29.1000633239746,81.7887115478516,4.05507516860962,1.59134125709534,0,0,
139,45.02620697,0,0,0,25.94586182,0,10.71650028,0,2.028603792,0,16.10625839,0,4.67250776290894,0.932723581790924,8.18823909759521,1.19410395622253,4.39562034606934,29.1426181793213,81.8318786621094,4.06440210342407,1.59194040298462,0,0,
140,45.08465576,0,0,0,25.95373344,0,10.71789742,0,2.028976917,0,16.12092018,0,4.67326021194458,0.932903587818146,8.19250679016113,1.19551384449005,4.38666534423828,29.1845645904541,81.8752059936523,4.07355117797852,1.59252202510834,0,0,
141,45.14066315,0,0,0,25.96128654,0,10.71924877,0,2.029334784,0,16.13497162,0,4.67399597167969,0.933078706264496,8.19665431976318,1.19688427448273,4.37826919555664,29.2259101867676,81.9186859130859,4.08252477645874,1.5930871963501,0,0,
142,45.19422531,0,0,0,25.96850967,0,10.72055054,0,2.029677153,0,16.1484127,0,4.67471265792847,0.933248043060303,8.20067977905273,1.19821441173553,4.37040996551514,29.2666664123535,81.9623260498047,4.09132099151611,1.59363555908203,0,0,
143,45.24777985,0,0,0,25.9757309,0,10.72186279,0,2.030019522,0,16.16185379,0,4.67541265487671,0.933412551879883,8.20458889007568,1.19950640201569,4.36306476593018,29.3068408966064,82.0061111450195,4.09994220733643,1.59416782855988,0,0,
144,45.29889679,0,0,0,25.98262215,0,10.72312832,0,2.03034687,0,16.17468643,0,4.67609643936157,0.933572769165039,8.20838642120361,1.20076203346252,4.35621213912964,29.3464412689209,82.0500411987305,4.10839080810547,1.59468495845795,0,0,
145,45.3500061,0,0,0,25.9895153,0,10.72440338,0,2.030674219,0,16.18751717,0,4.67676591873169,0.933728992938995,8.21207809448242,1.20198273658752,4.34983205795288,29.38547706604,82.094108581543,4.11667013168335,1.59518790245056,0,0,
146,45.39867783,0,0,0,25.9960804,0,10.72562599,0,2.030986071,0,16.19973946,0,4.67742109298706,0.933881402015686,8.21566772460938,1.20317018032074,4.34390497207642,29.4239559173584,82.138313293457,4.12478256225586,1.59567713737488,0,0,
147,45.44491196,0,0,0,26.00231552,0,10.72679806,0,2.031282663,0,16.21135139,0,4.67805862426758,0.934028744697571,8.21915149688721,1.20432281494141,4.33841133117676,29.4618835449219,82.1826324462891,4.13272476196289,1.59615182876587,0,0,
148,45.49113846,0,0,0,26.00855255,0,10.72797775,0,2.031579494,0,16.22296333,0,4.67868041992188,0.934171617031097,8.2225341796875,1.20544195175171,4.33333301544189,29.4992713928223,82.2270736694336,4.14050006866455,1.59661257266998,0,0,
149,45.53492737,0,0,0,26.0144577,0,10.72910309,0,2.03186059,0,16.23396492,0,4.67928600311279,0.934310376644135,8.22581958770752,1.20652890205383,4.32865190505981,29.5361289978027,82.2716293334961,4.14811038970947,1.59705984592438,0,0,
150,45.57871628,0,0,0,26.02036476,0,10.73023319,0,2.032141924,0,16.24496651,0,4.67987728118896,0.934445261955261,8.22901058197021,1.20758485794067,4.32435083389282,29.5724582672119,82.3162994384766,4.15555763244629,1.5974942445755,0,0,
151,45.6200676,0,0,0,26.02594376,0,10.73130894,0,2.032407761,0,16.25535774,0,4.68045377731323,0.934576392173767,8.23210906982422,1.20861065387726,4.32041311264038,29.608268737793,82.3610763549805,4.16284465789795,1.59791624546051,0,0,
152,45.66141129,0,0,0,26.03153229,0,10.73239517,0,2.032673836,0,16.2657547,0,4.68101692199707,0.934703946113586,8.23511981964111,1.2096072435379,4.31682205200195,29.6435699462891,82.4059524536133,4.16997337341309,1.59832632541656,0,0,
153,45.70031738,0,0,0,26.03676987,0,10.73341656,0,2.0329241750000002,0,16.27552795,0,4.68156623840332,0.934827923774719,8.23804378509521,1.21057534217834,4.31356239318848,29.6783657073975,82.4509353637695,4.17694616317749,1.59872448444366,0,0,
154,45.73922729,0,0,0,26.04203224,0,10.73445034,0,2.033174753,0,16.28531265,0,4.68210077285767,0.934948325157166,8.24088382720947,1.21151566505432,4.31061935424805,29.71266746521,82.4960098266602,4.18376445770264,1.59911108016968,0,0,
155,45.7756958,0,0,0,26.04694557,0,10.73541832,0,2.033409595,0,16.29448128,0,4.68262147903442,0.935065090656281,8.24364185333252,1.21242880821228,4.30797815322876,29.7464771270752,82.5411758422852,4.19043016433716,1.59948635101318,0,0,
156,45.81216812,0,0,0,26.05187035,0,10.73639584,0,2.033644676,0,16.3036499,0,4.68312835693359,0.935178339481354,8.24631881713867,1.21331524848938,4.30562448501587,29.7798023223877,82.58642578125,4.19694519042969,1.59985065460205,0,0,
157,45.84863663,0,0,0,26.05679131,0,10.73737907,0,2.033879757,0,16.31282234,0,4.6836256980896,0.93528950214386,8.24892330169678,1.21417808532715,4.3035454750061,29.8126525878906,82.6317520141602,4.20331621170044,1.60020542144775,0,0,
158,45.88266754,0,0,0,26.06138229,0,10.73829937,0,2.034099579,0,16.32138252,0,4.68411159515381,0.935397922992706,8.25145626068115,1.21501743793488,4.30172777175903,29.8450336456299,82.6771621704102,4.20954465866089,1.600550532341,0,0,
159,45.91669464,0,0,0,26.06598091,0,10.73922539,0,2.034318924,0,16.3299427,0,4.68458604812622,0.935503244400024,8.2539176940918,1.21583330631256,4.3001594543457,29.876953125,82.7226409912109,4.21563196182251,1.60088622570038,0,0,
160,45.94829178,0,0,0,26.07024574,0,10.74009037,0,2.03452301,0,16.33789253,0,4.68504762649536,0.935605347156525,8.25630855560303,1.21662580966949,4.29882764816284,29.9084167480469,82.7681884765625,4.22157955169678,1.6012122631073,0,0,
161,45.97988129,0,0,0,26.07451057,0,10.74095535,0,2.034727335,0,16.34584045,0,4.68549585342407,0.935704052448273,8.25862979888916,1.21739506721497,4.29772138595581,29.9394302368164,82.8138046264648,4.22738885879517,1.60152852535248,0,0,
162,46.00904846,0,0,0,26.07844734,0,10.74175835,0,2.034915686,0,16.35317802,0,4.6859302520752,0.935799360275269,8.26088237762451,1.21814107894897,4.29682922363281,29.9699974060059,82.859489440918,4.23305988311768,1.60183501243591,0,0,
163,46.03820801,0,0,0,26.08238602,0,10.74256516,0,2.035104275,0,16.3605175,0,4.68635082244873,0.935891091823578,8.26306438446045,1.21886396408081,4.29614067077637,30.0001277923584,82.9052200317383,4.23859405517578,1.60213160514832,0,0,
164,46.06736374,0,0,0,26.08632278,0,10.74337578,0,2.035292864,0,16.36785507,0,4.68676137924194,0.935980796813965,8.26518440246582,1.21956634521484,4.29564476013184,30.0298252105713,82.9510116577148,4.24399852752686,1.60241985321045,0,0,
165,46.09409332,0,0,0,26.0899334,0,10.7441206,0,2.035465717,0,16.3745842,0,4.68716049194336,0.936067819595337,8.26724243164063,1.2202479839325,4.29533195495605,30.0590953826904,82.9968566894531,4.2492733001709,1.60269951820374,0,0,
166,46.12081909,0,0,0,26.09354019,0,10.74486923,0,2.035638809,0,16.38130951,0,4.68754720687866,0.936151802539825,8.26923751831055,1.22090864181519,4.2951922416687,30.0879459381104,83.0427551269531,4.25441932678223,1.60297036170959,0,0,
167,46.14754105,0,0,0,26.09714699,0,10.74562168,0,2.035811901,0,16.38803673,0,4.68792533874512,0.936233997344971,8.27117538452148,1.22155070304871,4.29521608352661,30.116382598877,83.0886917114258,4.2594428062439,1.60323369503021,0,0,
168,46.174263,0,0,0,26.10076141,0,10.74637508,0,2.035984993,0,16.39476776,0,4.68829727172852,0.936315059661865,8.27306365966797,1.22217643260956,4.29539489746094,30.1444110870361,83.1346740722656,4.26434946060181,1.60349071025848,0,0,
169,46.19855499,0,0,0,26.10403633,0,10.74706173,0,2.036142349,0,16.40088081,0,4.68866062164307,0.936394035816193,8.27489948272705,1.222785115242,4.29572105407715,30.1720352172852,83.1806869506836,4.2691388130188,1.60374081134796,0,0,
170,46.22284317,0,0,0,26.10731888,0,10.74774933,0,2.036299944,0,16.40699577,0,4.68901300430298,0.936470329761505,8.27668190002441,1.22337603569031,4.29618549346924,30.1992645263672,83.2267379760742,4.27381134033203,1.60398352146149,0,0,
171,46.24470901,0,0,0,26.11027336,0,10.74837303,0,2.036441803,0,16.4125042,0,4.68935346603394,0.936543524265289,8.27840900421143,1.22394859790802,4.29678058624268,30.2261009216309,83.272819519043,4.2783670425415,1.60421824455261,0,0,
172,46.26656342,0,0,0,26.11322212,0,10.74899769,0,2.036583424,0,16.4180069,0,4.68968152999878,0.936613500118256,8.28007984161377,1.22450220584869,4.29749870300293,30.2525501251221,83.3189239501953,4.28280639648438,1.60444486141205,0,0,
173,46.28842163,0,0,0,26.11617661,0,10.74962425,0,2.036725283,0,16.42351151,0,4.69000005722046,0.936681509017944,8.28170108795166,1.22503912448883,4.29833221435547,30.2786159515381,83.3650588989258,4.28713417053223,1.60466468334198,0,0,
174,46.31027603,0,0,0,26.11912918,0,10.75024986,0,2.036867142,0,16.42901611,0,4.69031143188477,0.936748385429382,8.28327655792236,1.22556138038635,4.29927444458008,30.3043060302734,83.4112167358398,4.2913556098938,1.60487866401672,0,0,
175,46.33213425,0,0,0,26.12208557,0,10.75088215,0,2.037009001,0,16.43452454,0,4.69061851501465,0.936814606189728,8.28481292724609,1.22607064247131,4.30031871795654,30.3296241760254,83.457389831543,4.29547643661499,1.60508763790131,0,0,
176,46.35155869,0,0,0,26.12470627,0,10.75144291,0,2.037135124,0,16.43941498,0,4.69091796875,0.93687891960144,8.28630638122559,1.22656571865082,4.30145883560181,30.3545761108398,83.5035858154297,4.29949522018433,1.60529088973999,0,0,
177,46.37098312,0,0,0,26.12733269,0,10.75200367,0,2.037261486,0,16.444309230000002,0,4.69120740890503,0.936940670013428,8.28775405883789,1.22704553604126,4.30268859863281,30.3791675567627,83.5497894287109,4.30341243743896,1.60548770427704,0,0,
178,46.39040756,0,0,0,26.1299572,0,10.75256824,0,2.037387609,0,16.44920349,0,4.69148969650269,0.937000870704651,8.28916072845459,1.22751200199127,4.3040018081665,30.4034023284912,83.5960159301758,4.30723190307617,1.60567915439606,0,0,
179,46.40740585,0,0,0,26.13224792,0,10.7530632,0,2.037498236,0,16.45348549,0,4.69176244735718,0.937058806419373,8.29052448272705,1.22796404361725,4.30539321899414,30.4272842407227,83.6422500610352,4.31095314025879,1.60586452484131,0,0,
180,46.42683029,0,0,0,26.13487053,0,10.75362968,0,2.037624359,0,16.45837975,0,4.69202852249146,0.937115252017975,8.29184913635254,1.22840321063995,4.30685758590698,30.4508209228516,83.6884841918945,4.31458044052124,1.60604453086853,0,0,
181,46.44382477,0,0,0,26.137165069999998,0,10.7541256,0,2.037734747,0,16.46265984,0,4.69228935241699,0.937170922756195,8.29313945770264,1.22883117198944,4.30838966369629,30.4740142822266,83.7347183227539,4.31811857223511,1.60622012615204,0,0,
182,46.46081924,0,0,0,26.13946342,0,10.75462246,0,2.037845373,0,16.46694374,0,4.69254207611084,0.937224566936493,8.29439163208008,1.22924649715424,4.30998420715332,30.4968700408936,83.7809524536133,4.32156610488892,1.60639047622681,0,0,
183,46.47538376,0,0,0,26.14143562,0,10.75505161,0,2.037940264,0,16.47061539,0,4.69278430938721,0.937275588512421,8.2956018447876,1.22964787483215,4.31163644790649,30.5193939208984,83.8271865844727,4.32492208480835,1.6065548658371,0,0,
184,46.49237442,0,0,0,26.14372826,0,10.75555229,0,2.03805089,0,16.47489548,0,4.69301986694336,0.937325060367584,8.29677581787109,1.23003697395325,4.31334257125854,30.5415897369385,83.873420715332,4.32819032669067,1.60671412944794,0,0,
185,46.50693893,0,0,0,26.14570045,0,10.75598145,0,2.038145542,0,16.47856903,0,4.69325017929077,0.937373578548431,8.29791736602783,1.23041534423828,4.31509733200073,30.5634593963623,83.9196472167969,4.33137559890747,1.60686922073364,0,0,
186,46.52150726,0,0,0,26.14766502,0,10.75641251,0,2.038240433,0,16.48223877,0,4.69347190856934,0.937420010566711,8.29902172088623,1.23078143596649,4.31689691543579,30.5850105285645,83.9658660888672,4.33447599411011,1.60701894760132,0,0,
187,46.53606796,0,0,0,26.14962578,0,10.75684261,0,2.038335323,0,16.4859066,0,4.693687915802,0.93746542930603,8.30009365081787,1.23113679885864,4.31873750686646,30.6062450408936,84.0120697021484,4.33749580383301,1.60716426372528,0,0,
188,46.55063248,0,0,0,26.15159607,0,10.75727367,0,2.038430214,0,16.48957825,0,4.69389915466309,0.937510132789612,8.30113697052002,1.23148262500763,4.3206148147583,30.6271686553955,84.0582656860352,4.34043884277344,1.60730588436127,0,0,
189,46.56519699,0,0,0,26.15357018,0,10.75770569,0,2.038524866,0,16.4932518,0,4.69410753250122,0.93755429983139,8.30215454101563,1.23182010650635,4.32252597808838,30.6477851867676,84.1044540405273,4.3433084487915,1.60744440555573,0,0,
190,46.57733154,0,0,0,26.1552124,0,10.75807095,0,2.038604021,0,16.4963131,0,4.69430923461914,0.937596797943115,8.30314159393311,1.23214745521545,4.32446718215942,30.6681003570557,84.1506195068359,4.34610271453857,1.60757863521576,0,0,
191,46.58946609,0,0,0,26.15684891,0,10.75843048,0,2.038683176,0,16.49937057,0,4.6945013999939,0.937636733055115,8.30409526824951,1.23246324062347,4.32643556594849,30.6881198883057,84.1967697143555,4.34881925582886,1.60770785808563,0,0,
192,46.60159683,0,0,0,26.15849113,0,10.75879288,0,2.038762331,0,16.50242996,0,4.69468688964844,0.937675178050995,8.30501747131348,1.23276889324188,4.32842779159546,30.7078418731689,84.2428970336914,4.35146284103394,1.60783267021179,0,0,
193,46.61373138,0,0,0,26.16012764,0,10.75915337,0,2.038841248,0,16.50548744,0,4.69486713409424,0.937712788581848,8.30591297149658,1.23306548595428,4.33044099807739,30.72727394104,84.2890014648438,4.3540358543396,1.60795378684998,0,0,
194,46.62586975,0,0,0,26.16177177,0,10.75951767,0,2.038920403,0,16.50854874,0,4.69504404067993,0.937749981880188,8.30678367614746,1.23335409164429,4.33247184753418,30.7464199066162,84.335075378418,4.35654258728027,1.60807180404663,0,0,
195,46.63800049,0,0,0,26.16340637,0,10.75988007,0,2.038999557,0,16.51160622,0,4.69521856307983,0.937786757946014,8.30763244628906,1.23363566398621,4.33451843261719,30.7652835845947,84.3811264038086,4.35898494720459,1.60818731784821,0,0,
196,46.64770508,0,0,0,26.16471672,0,10.76017189,0,2.039062977,0,16.51405334,0,4.69538688659668,0.937821924686432,8.3084545135498,1.23390829563141,4.33657789230347,30.7838687896729,84.4271469116211,4.36136102676392,1.60829889774323,0,0,
197,46.65983963,0,0,0,26.16636276,0,10.76053715,0,2.039142132,0,16.51711273,0,4.69554996490479,0.937856137752533,8.30925369262695,1.2341730594635,4.33864784240723,30.8021793365479,84.4731369018555,4.36367464065552,1.60840725898743,0,0,
198,46.66954803,0,0,0,26.16767693,0,10.76082993,0,2.039205313,0,16.51956177,0,4.69571018218994,0.937889695167542,8.31003093719482,1.2344309091568,4.34072589874268,30.820219039917,84.5190887451172,4.36592817306519,1.60851299762726,0,0,
199,46.67925262,0,0,0,26.16898727,0,10.76112175,0,2.039268732,0,16.5220089,0,4.69586324691772,0.937921464443207,8.31078243255615,1.23468005657196,4.34280967712402,30.8379917144775,84.5650024414063,4.36811876296997,1.60861492156982,0,0,
200,46.68895721,0,0,0,26.17030144,0,10.76141644,0,2.039332151,0,16.52445793,0,4.69601154327393,0.937952160835266,8.31151103973389,1.23492133617401,4.34489774703979,30.8554992675781,84.6108779907227,4.37024974822998,1.60871362686157,0,0,
201,46.69866562,0,0,0,26.17160797,0,10.76170921,0,2.039395571,0,16.52690315,0,4.69615650177002,0.937982201576233,8.31221866607666,1.23515582084656,4.3469877243042,30.8727474212646,84.6567153930664,4.37232446670532,1.60880959033966,0,0,
202,46.70837021,0,0,0,26.17292404,0,10.76200199,0,2.039458752,0,16.52935219,0,4.69629859924316,0.938011884689331,8.31290721893311,1.23538422584534,4.34907817840576,30.8897399902344,84.702522277832,4.37434434890747,1.60890328884125,0,0,
203,46.7180748,0,0,0,26.1742382,0,10.76229858,0,2.039522171,0,16.53180122,0,4.69643878936768,0.938041388988495,8.31357955932617,1.23560738563538,4.35116672515869,30.9064807891846,84.748291015625,4.37631273269653,1.60899484157562,0,0,
204,46.72535324,0,0,0,26.17521667,0,10.76251602,0,2.039569616,0,16.53363609,0,4.69657278060913,0.938069224357605,8.31422996520996,1.23582315444946,4.35325193405151,30.9229736328125,84.7940139770508,4.37822675704956,1.60908317565918,0,0,
205,46.73505783,0,0,0,26.17652893,0,10.76281261,0,2.039633036,0,16.53608513,0,4.69670295715332,0.938096046447754,8.31486034393311,1.23603236675262,4.35533285140991,30.9392185211182,84.8396835327148,4.38008880615234,1.60916876792908,0,0,
206,46.74233627,0,0,0,26.17751503,0,10.76303387,0,2.039680719,0,16.53792,0,4.6968297958374,0.938122391700745,8.31547451019287,1.2362357378006,4.35740756988525,30.9552211761475,84.8853073120117,4.38190078735352,1.60925209522247,0,0,
207,46.74961472,0,0,0,26.17849159,0,10.76325417,0,2.039728165,0,16.53975487,0,4.69694948196411,0.938146889209747,8.31606483459473,1.23643136024475,4.35947465896606,30.970983505249,84.9308929443359,4.38366031646729,1.60933184623718,0,0,
208,46.75931931,0,0,0,26.17980576,0,10.76355076,0,2.039791584,0,16.5422039,0,4.69706916809082,0.938171744346619,8.31664180755615,1.23662281036377,4.36153268814087,30.9865093231201,84.9764251708984,4.38537502288818,1.60941028594971,0,0,
209,46.76659775,0,0,0,26.18078804,0,10.76377201,0,2.039839029,0,16.54403877,0,4.69718837738037,0.938196897506714,8.31720733642578,1.2368106842041,4.36358118057251,31.0018043518066,85.0219039916992,4.38704681396484,1.60948765277863,0,0,
210,46.77387619,0,0,0,26.18177414,0,10.76399326,0,2.039886713,0,16.54587364,0,4.69730281829834,0.938220739364624,8.3177547454834,1.23699259757996,4.36561822891235,31.0168704986572,85.0673370361328,4.38867235183716,1.60956227779388,0,0,
211,46.77872849,0,0,0,26.18242836,0,10.76414108,0,2.039918423,0,16.54709625,0,4.69740915298462,0.938242316246033,8.31827926635742,1.23716652393341,4.36764335632324,31.0317096710205,85.1127090454102,4.39024877548218,1.60963320732117,0,0,
212,46.78600311,0,0,0,26.18342018,0,10.76436329,0,2.039965868,0,16.54893494,0,4.697509765625,0.938262462615967,8.3187837600708,1.23733341693878,4.3696551322937,31.0463256835938,85.1580200195313,4.39177799224854,1.60970103740692,0,0,
213,46.79328537,0,0,0,26.18440819,0,10.76458645,0,2.040013552,0,16.55077171,0,4.69761085510254,0.938283324241638,8.3192777633667,1.23749685287476,4.37165212631226,31.0607223510742,85.2032852172852,4.39326763153076,1.60976779460907,0,0,
214,46.80056,0,0,0,26.18537903,0,10.76480865,0,2.040060997,0,16.55260468,0,4.69771194458008,0.938304543495178,8.31976127624512,1.2376571893692,4.37363433837891,31.0749034881592,85.2484893798828,4.39472007751465,1.6098335981369,0,0,
215,46.80541229,0,0,0,26.18603325,0,10.76495647,0,2.040092707,0,16.55382919,0,4.69780874252319,0.938324511051178,8.32022857666016,1.23781216144562,4.37560081481934,31.0888710021973,85.2936401367188,4.39613103866577,1.60989701747894,0,0,
216,46.81268692,0,0,0,26.18702507,0,10.76517868,0,2.04014039,0,16.55566597,0,4.6979022026062,0.93834388256073,8.32068157196045,1.23796236515045,4.37755012512207,31.1026248931885,85.3387222290039,4.39750337600708,1.60995841026306,0,0,
217,46.81753922,0,0,0,26.18767548,0,10.76533031,0,2.0401721,0,16.55688858,0,4.69799375534058,0.938362777233124,8.32112121582031,1.23810827732086,4.37948226928711,31.1161708831787,85.3837432861328,4.39883804321289,1.61001813411713,0,0,
218,46.82482147,0,0,0,26.18866348,0,10.76555252,0,2.040219784,0,16.55872536,0,4.69808340072632,0.938381433486938,8.32154941558838,1.23825061321259,4.38139677047729,31.1295127868652,85.4287033081055,4.40013694763184,1.61007642745972,0,0,
219,46.82966995,0,0,0,26.18931961,0,10.76570225,0,2.040251493,0,16.55995178,0,4.69817161560059,0.938399791717529,8.32196807861328,1.2383896112442,4.38329267501831,31.1426544189453,85.4736022949219,4.40140151977539,1.61013352870941,0,0,
220,46.83452225,0,0,0,26.18997383,0,10.76584911,0,2.040283203,0,16.56117439,0,4.69825458526611,0.938416659832001,8.3223705291748,1.2385231256485,4.385169506073,31.1555957794189,85.5184326171875,4.40262842178345,1.61018812656403,0,0,
221,46.83937073,0,0,0,26.19063377,0,10.76600075,0,2.040314913,0,16.562397,0,4.69833326339722,0.938432574272156,8.32275867462158,1.23865163326263,4.3870267868042,31.1683406829834,85.5632019042969,4.40381956100464,1.61024045944214,0,0,
222,46.84421921,0,0,0,26.1912899,0,10.76614761,0,2.040346622,0,16.56362152,0,4.69840955734253,0.938448011875153,8.32313346862793,1.23877573013306,4.3888635635376,31.1808929443359,85.6078948974609,4.40497636795044,1.61029100418091,0,0,
223,46.8490715,0,0,0,26.19194221,0,10.76629829,0,2.040378332,0,16.56484413,0,4.69848346710205,0.938463032245636,8.3234977722168,1.23889601230621,4.39068031311035,31.1932525634766,85.6525192260742,4.40610027313232,1.61033999919891,0,0,
224,46.8539238,0,0,0,26.19259453,0,10.76644707,0,2.040410042,0,16.56606674,0,4.6985559463501,0.93847793340683,8.32385063171387,1.23901295661926,4.39247560501099,31.2054252624512,85.6970825195313,4.40719318389893,1.61038768291473,0,0,
225,46.85877609,0,0,0,26.19325256,0,10.76659775,0,2.040441751,0,16.56729317,0,4.69862747192383,0.938492715358734,8.32419490814209,1.23912692070007,4.39424991607666,31.2174129486084,85.7415771484375,4.40825605392456,1.61043417453766,0,0,
226,46.86362457,0,0,0,26.19390869,0,10.76674747,0,2.040473461,0,16.56851578,0,4.69869756698608,0.938507437705994,8.32453060150146,1.23923826217651,4.39600276947021,31.2292156219482,85.7859954833984,4.40929079055786,1.61047971248627,0,0,
227,46.86847687,0,0,0,26.19456673,0,10.7668972,0,2.040505409,0,16.56974411,0,4.69876718521118,0.938522040843964,8.32485866546631,1.23934721946716,4.39773368835449,31.2408409118652,85.8303375244141,4.41029834747314,1.61052453517914,0,0,
228,46.87332916,0,0,0,26.19521904,0,10.76704693,0,2.040537119,0,16.57096481,0,4.69883680343628,0.938536703586578,8.32518100738525,1.23945415019989,4.39944267272949,31.2522850036621,85.8746109008789,4.41128015518188,1.61056864261627,0,0,
229,46.8757515,0,0,0,26.19555092,0,10.76712132,0,2.040553093,0,16.57157898,0,4.69890117645264,0.938549816608429,8.32548904418945,1.23955655097961,4.40112972259521,31.263557434082,85.9188079833984,4.41223239898682,1.61061060428619,0,0,
230,46.88060379,0,0,0,26.19620323,0,10.76727104,0,2.040584564,0,16.57280159,0,4.69896221160889,0.938562095165253,8.32578659057617,1.23965501785278,4.40279483795166,31.274658203125,85.9629364013672,4.41315603256226,1.61065077781677,0,0,
231,46.88545609,0,0,0,26.19686127,0,10.76742172,0,2.040616512,0,16.57402611,0,4.69902515411377,0.938575327396393,8.32608127593994,1.23975276947021,4.40443706512451,31.285587310791,86.0069885253906,4.41405773162842,1.61069095134735,0,0,
232,46.88787842,0,0,0,26.19718552,0,10.76749611,0,2.040632248,0,16.57463455,0,4.69908475875854,0.938587546348572,8.32636547088623,1.23984706401825,4.40605688095093,31.2963485717773,86.0509567260742,4.41493368148804,1.61072969436646,0,0,
233,46.89273071,0,0,0,26.19784546,0,10.76764679,0,2.040663958,0,16.57586098,0,4.69914245605469,0.938599228858948,8.32664012908936,1.23993837833405,4.40765428543091,31.3069438934326,86.094841003418,4.41578435897827,1.61076712608337,0,0,
234,46.89515686,0,0,0,26.19816971,0,10.76772022,0,2.040679932,0,16.57647324,0,4.6991982460022,0.9386106133461,8.32690715789795,1.24002695083618,4.40922880172729,31.3173751831055,86.1386566162109,4.41661167144775,1.6108033657074,0,0,
235,46.89757919,0,0,0,26.19849968,0,10.76779747,0,2.040695667,0,16.57708549,0,4.69924831390381,0.938620328903198,8.32715892791748,1.24011051654816,4.41078090667725,31.3276481628418,86.1823959350586,4.4174108505249,1.61083722114563,0,0,
236,46.90243149,0,0,0,26.19915962,0,10.76794624,0,2.040727615,0,16.57831001,0,4.69929838180542,0.938630521297455,8.32740592956543,1.24019229412079,4.41230964660645,31.3377628326416,86.2260513305664,4.41818857192993,1.61087048053741,0,0,
237,46.90485382,0,0,0,26.19948196,0,10.76802254,0,2.040743351,0,16.57892227,0,4.69934892654419,0.93864107131958,8.3276481628418,1.24027252197266,4.41381597518921,31.3477191925049,86.2696304321289,4.41894578933716,1.61090326309204,0,0,
238,46.90728378,0,0,0,26.19981003,0,10.76809692,0,2.040759325,0,16.57953262,0,4.69939517974854,0.938650369644165,8.32787895202637,1.24034869670868,4.41529941558838,31.3575229644775,86.313117980957,4.41967868804932,1.61093413829803,0,0,
239,46.91213608,0,0,0,26.20046806,0,10.7682476,0,2.040791035,0,16.58075905,0,4.69944286346436,0.938660323619843,8.32810592651367,1.24042391777039,4.41675996780396,31.3671760559082,86.3565292358398,4.4203929901123,1.61096501350403,0,0,
240,46.91455841,0,0,0,26.20079994,0,10.76832199,0,2.040807009,0,16.5813694,0,4.69949150085449,0.938670754432678,8.32833003997803,1.24049842357635,4.4181981086731,31.3766784667969,86.3998565673828,4.42108964920044,1.61099576950073,0,0,
241,46.91698456,0,0,0,26.20112419,0,10.76839828,0,2.040822744,0,16.58198166,0,4.69953632354736,0.938679873943329,8.32854461669922,1.24056959152222,4.41961336135864,31.3860359191895,86.4430999755859,4.42176485061646,1.61102485656738,0,0,
242,46.91941071,0,0,0,26.201450349999998,0,10.76847458,0,2.040838718,0,16.58259392,0,4.69957828521729,0.938688158988953,8.32875061035156,1.24063777923584,4.42100620269775,31.3952484130859,86.4862594604492,4.42241907119751,1.61105251312256,0,0,
243,46.92183304,0,0,0,26.20178223,0,10.76854992,0,2.040854692,0,16.58320618,0,4.69961833953857,0.938696086406708,8.32894897460938,1.2407032251358,4.42237663269043,31.4043159484863,86.5293273925781,4.42305326461792,1.61107909679413,0,0,
244,46.92425919,0,0,0,26.20210457,0,10.76862526,0,2.040870428,0,16.58381653,0,4.69965648651123,0.938703775405884,8.32913970947266,1.24076640605927,4.42372465133667,31.4132442474365,86.5723190307617,4.423668384552,1.61110460758209,0,0,
245,46.92911148,0,0,0,26.20276451,0,10.76877594,0,2.040902138,0,16.58504105,0,4.69969844818115,0.9387127161026,8.32933139801025,1.24083030223846,4.42504978179932,31.4220314025879,86.6152191162109,4.42427110671997,1.61113083362579,0,0,
246,46.93153381,0,0,0,26.20309448,0,10.76885128,0,2.040918112,0,16.58565521,0,4.69974327087402,0.938722550868988,8.32952404022217,1.24089479446411,4.42635345458984,31.430685043335,86.6580276489258,4.42486143112183,1.61115765571594,0,0,
247,46.93396378,0,0,0,26.20342255,0,10.76892567,0,2.040934086,0,16.58626747,0,4.69978475570679,0.93873131275177,8.32971096038818,1.24095702171326,4.42763519287109,31.4392032623291,86.7007522583008,4.42543506622314,1.61118364334106,0,0,
248,46.93396378,0,0,0,26.20342255,0,10.76892567,0,2.040934086,0,16.58626747,0,4.69981956481934,0.93873804807663,8.32988548278809,1.24101459980011,4.42889547348022,31.4475879669189,86.7433929443359,4.42598676681519,1.61120700836182,0,0,
249,46.93638611,0,0,0,26.20375252,0,10.76900196,0,2.04095006,0,16.58687973,0,4.6998496055603,0.938743531703949,8.33004856109619,1.24106812477112,4.43013429641724,31.4558429718018,86.7859420776367,4.42651844024658,1.61122846603394,0,0,
250,46.93880844,0,0,0,26.20406914,0,10.7690773,0,2.040965796,0,16.58748817,0,4.69988107681274,0.938749670982361,8.33020782470703,1.24112069606781,4.43135166168213,31.4639663696289,86.8284072875977,4.42703580856323,1.61124968528748,0,0,
251,46.94123459,0,0,0,26.20440102,0,10.76915169,0,2.04098177,0,16.58810234,0,4.69991302490234,0.938756287097931,8.33036422729492,1.24117243289948,4.43254709243774,31.4719619750977,86.8707733154297,4.42753982543945,1.61127066612244,0,0,
252,46.94365692,0,0,0,26.20473099,0,10.76922894,0,2.040997505,0,16.5887146,0,4.69994592666626,0.938763201236725,8.33051776885986,1.24122357368469,4.4337215423584,31.4798355102539,86.9130554199219,4.42803049087524,1.61129152774811,0,0,
253,46.94608688,0,0,0,26.20506477,0,10.76930428,0,2.041013479,0,16.58932686,0,4.69997930526733,0.938770353794098,8.33066940307617,1.24127399921417,4.43487548828125,31.487585067749,86.9552459716797,4.42850923538208,1.61131238937378,0,0,
254,46.94850922,0,0,0,26.20538139,0,10.76937866,0,2.041029215,0,16.58993721,0,4.70001268386841,0.938777506351471,8.33081912994385,1.24132394790649,4.43600845336914,31.4952125549316,86.9973373413086,4.42897605895996,1.61133301258087,0,0,
255,46.94850922,0,0,0,26.20538139,0,10.76937866,0,2.041029215,0,16.58993721,0,4.70004177093506,0.938783228397369,8.33096027374268,1.241370677948,4.43712139129639,31.502721786499,87.0393371582031,4.42942667007446,1.6113520860672,0,0,
256,46.95093536,0,0,0,26.20571518,0,10.76945305,0,2.041045189,0,16.59054947,0,4.7000675201416,0.938788056373596,8.33109283447266,1.24141454696655,4.43821430206299,31.5101127624512,87.0812530517578,4.42986106872559,1.61136984825134,0,0,
257,46.95336151,0,0,0,26.20603943,0,10.7695303,0,2.041061163,0,16.59116173,0,4.70009565353394,0.938793957233429,8.33122634887695,1.24145877361298,4.43928670883179,31.5173854827881,87.1230773925781,4.4302864074707,1.61138784885406,0,0,
258,46.95578384,0,0,0,26.20637131,0,10.76960659,0,2.041077137,0,16.59177399,0,4.7001256942749,0.938800394535065,8.33135890960693,1.24150311946869,4.44033908843994,31.5245456695557,87.1648101806641,4.43070220947266,1.61140632629395,0,0,
259,46.95578384,0,0,0,26.20637131,0,10.76960659,0,2.041077137,0,16.59177399,0,4.70015239715576,0.938805758953094,8.3314847946167,1.24154496192932,4.44137239456177,31.5315914154053,87.2064437866211,4.43110418319702,1.61142349243164,0,0,
260,46.95820999,0,0,0,26.20669556,0,10.76968098,0,2.041092873,0,16.59238434,0,4.70017623901367,0.938810408115387,8.33160495758057,1.24158453941345,4.44238615036011,31.5385284423828,87.2479858398438,4.43149280548096,1.61143946647644,0,0,
261,46.96063614,0,0,0,26.20702744,0,10.76975918,0,2.041108847,0,16.5929985,0,4.70020294189453,0.938816130161285,8.33172607421875,1.24162483215332,4.44338083267212,31.5453548431396,87.289436340332,4.43187427520752,1.61145627498627,0,0,
262,46.96063614,0,0,0,26.20702744,0,10.76975918,0,2.041108847,0,16.5929985,0,4.7002272605896,0.938821017742157,8.33184146881104,1.24166309833527,4.44435691833496,31.5520763397217,87.3307876586914,4.43224287033081,1.61147201061249,0,0,
263,46.96306229,0,0,0,26.20735168,0,10.76983261,0,2.041124582,0,16.59361076,0,4.70024967193604,0.93882542848587,8.33195114135742,1.24169957637787,4.44531488418579,31.5586891174316,87.3720474243164,4.43259954452515,1.6114866733551,0,0,
264,46.96306229,0,0,0,26.20735168,0,10.76983261,0,2.041124582,0,16.59361076,0,4.700270652771,0.938829481601715,8.33205604553223,1.24173450469971,4.44625425338745,31.5652008056641,87.4132080078125,4.43294477462769,1.61150074005127,0,0,
265,46.96548462,0,0,0,26.20768356,0,10.76990891,0,2.041140556,0,16.59421921,0,4.70029067993164,0.938833296298981,8.33215713500977,1.24176788330078,4.4471755027771,31.5716075897217,87.4542694091797,4.43327903747559,1.61151421070099,0,0,
266,46.96790695,0,0,0,26.20800781,0,10.76998425,0,2.04115653,0,16.59483337,0,4.70031452178955,0.938838660717011,8.33226203918457,1.24180281162262,4.44807863235474,31.5779113769531,87.4952392578125,4.4336085319519,1.61152863502502,0,0,
267,46.96790695,0,0,0,26.20800781,0,10.76998425,0,2.04115653,0,16.59483337,0,4.70033645629883,0.938843250274658,8.33236312866211,1.24183619022369,4.44896411895752,31.5841159820557,87.5361175537109,4.4339280128479,1.61154246330261,0,0,
268,46.9703331,0,0,0,26.20833588,0,10.77006054,0,2.041172266,0,16.59544563,0,4.70035696029663,0.938847482204437,8.33246040344238,1.24186837673187,4.44983243942261,31.5902233123779,87.5768966674805,4.43423748016357,1.61155569553375,0,0,
269,46.9703331,0,0,0,26.20833588,0,10.77006054,0,2.041172266,0,16.59544563,0,4.70037651062012,0.938851416110992,8.33255481719971,1.24189949035645,4.45068407058716,31.5962314605713,87.6175689697266,4.43453788757324,1.61156845092773,0,0,
270,46.97276306,0,0,0,26.20866966,0,10.77013779,0,2.041188478,0,16.5960598,0,4.70039558410645,0.938855350017548,8.33264636993408,1.24192976951599,4.45151853561401,31.6021461486816,87.6581497192383,4.43482971191406,1.61158072948456,0,0,
271,46.97276306,0,0,0,26.20866966,0,10.77013779,0,2.041188478,0,16.5960598,0,4.70041418075562,0.938859164714813,8.33273410797119,1.24195909500122,4.45233631134033,31.6079692840576,87.6986312866211,4.43511390686035,1.61159288883209,0,0,
272,46.97518539,0,0,0,26.20898819,0,10.77021027,0,2.041203976,0,16.59666824,0,4.70043230056763,0.938862919807434,8.33281993865967,1.24198770523071,4.45313787460327,31.613697052002,87.739013671875,4.43538999557495,1.61160469055176,0,0,
273,46.97518539,0,0,0,26.20898819,0,10.77021027,0,2.041203976,0,16.59666824,0,4.70044994354248,0.93886661529541,8.33290386199951,1.24201548099518,4.45392370223999,31.6193351745605,87.7793045043945,4.43565797805786,1.61161613464355,0,0,
274,46.97760773,0,0,0,26.20931816,0,10.77028751,0,2.041220188,0,16.59728241,0,4.70046758651733,0.938870251178741,8.33298587799072,1.24204277992249,4.45469331741333,31.6248817443848,87.8194961547852,4.4359188079834,1.61162734031677,0,0,
275,46.97760773,0,0,0,26.20931816,0,10.77028751,0,2.041220188,0,16.59728241,0,4.70048522949219,0.938873887062073,8.3330659866333,1.24206960201263,4.45544719696045,31.6303405761719,87.8595809936523,4.43617248535156,1.6116384267807,0,0,
276,46.97760773,0,0,0,26.20931816,0,10.77028751,0,2.041220188,0,16.59728241,0,4.70049810409546,0.938876092433929,8.33313751220703,1.24209320545197,4.45618581771851,31.6357135772705,87.8995742797852,4.43641471862793,1.61164784431458,0,0,
277,46.98003769,0,0,0,26.20965195,0,10.77036381,0,2.041235924,0,16.59789276,0,4.70051240921021,0.938878834247589,8.33320903778076,1.2421168088913,4.45690965652466,31.640998840332,87.9394683837891,4.43665075302124,1.61165738105774,0,0,
278,46.98003769,0,0,0,26.20965195,0,10.77036381,0,2.041235924,0,16.59789276,0,4.70052719116211,0.938881993293762,8.33327960968018,1.2421402931213399,4.45761871337891,31.6462020874023,87.9792633056641,4.43688106536865,1.61166703701019,0,0,
279,46.98246002,0,0,0,26.2099762,0,10.77043819,0,2.041251898,0,16.59850693,0,4.70054292678833,0.93888533115387,8.33335018157959,1.24216365814209,4.45831298828125,31.6513233184814,88.0189514160156,4.43710613250732,1.61167681217194,0,0,
280,46.98246002,0,0,0,26.2099762,0,10.77043819,0,2.041251898,0,16.59850693,0,4.70055866241455,0.938888788223267,8.33341979980469,1.24218702316284,4.45899295806885,31.6563606262207,88.0585403442383,4.43732595443726,1.61168646812439,0,0,
281,46.98246002,0,0,0,26.2099762,0,10.77043819,0,2.041251898,0,16.59850693,0,4.70057058334351,0.938890814781189,8.33348274230957,1.24220764636993,4.4596586227417,31.6613159179688,88.0980377197266,4.43753528594971,1.61169457435608,0,0,
282,46.98488617,0,0,0,26.21030617,0,10.77051544,0,2.041267633,0,16.59911919,0,4.70058345794678,0.938893556594849,8.33354568481445,1.24222850799561,4.46031045913696,31.6661930084229,88.1374359130859,4.43774080276489,1.61170315742493,0,0,
283,46.98488617,0,0,0,26.21030617,0,10.77051544,0,2.041267633,0,16.59911919,0,4.70059776306152,0.938896656036377,8.33360958099365,1.24224960803986,4.4609489440918,31.670991897583,88.1767272949219,4.4379415512085,1.61171185970306,0,0,
284,46.98488617,0,0,0,26.21030617,0,10.77051544,0,2.041267633,0,16.59911919,0,4.700608253479,0.938898503780365,8.33366584777832,1.24226820468903,4.46157360076904,31.6757144927979,88.2159194946289,4.43813323974609,1.61171925067902,0,0,
285,46.98731232,0,0,0,26.21063232,0,10.77059269,0,2.041283607,0,16.59973145,0,4.70062065124512,0.938901007175446,8.33372402191162,1.24228739738464,4.46218490600586,31.6803607940674,88.255012512207,4.43832111358643,1.61172699928284,0,0,
286,46.98731232,0,0,0,26.21063232,0,10.77059269,0,2.041283607,0,16.59973145,0,4.70063447952271,0.938904047012329,8.33378314971924,1.24230694770813,4.46278381347656,31.6849327087402,88.2939987182617,4.43850564956665,1.61173510551453,0,0,
287,46.98731232,0,0,0,26.21063232,0,10.77059269,0,2.041283607,0,16.59973145,0,4.70064449310303,0.938905775547028,8.33383560180664,1.24232423305511,4.46336984634399,31.689432144165,88.3328857421875,4.43868160247803,1.61174201965332,0,0,
288,46.98973465,0,0,0,26.21095657,0,10.77066612,0,2.041299343,0,16.6003418,0,4.70065593719482,0.938908338546753,8.33388996124268,1.24234211444855,4.46394348144531,31.6938591003418,88.3716735839844,4.4388542175293,1.61174941062927,0,0,
289,46.98973465,0,0,0,26.21095657,0,10.77066612,0,2.041299343,0,16.6003418,0,4.70066928863525,0.938911378383636,8.33394527435303,1.24236071109772,4.46450424194336,31.6982135772705,88.4103622436523,4.43902492523193,1.61175715923309,0,0,
290,46.98973465,0,0,0,26.21095657,0,10.77066612,0,2.041299343,0,16.6003418,0,4.70067930221558,0.938913106918335,8.33399391174316,1.24237704277039,4.46505355834961,31.7024955749512,88.4489440917969,4.43918704986572,1.61176371574402,0,0,
291,46.98973465,0,0,0,26.21095657,0,10.77066612,0,2.041299343,0,16.6003418,0,4.70068645477295,0.938914179801941,8.33403778076172,1.24239146709442,4.4655909538269,31.7067089080811,88.4874267578125,4.43934154510498,1.61176931858063,0,0,
292,46.99215698,0,0,0,26.21129036,0,10.77074337,0,2.041315556,0,16.60095596,0,4.70069599151611,0.938916325569153,8.33408355712891,1.24240684509277,4.46611642837524,31.7108554840088,88.5258178710938,4.43949413299561,1.61177575588226,0,0,
293,46.99215698,0,0,0,26.21129036,0,10.77074337,0,2.041315556,0,16.60095596,0,4.70070791244507,0.938919126987457,8.33413219451904,1.24242317676544,4.46663045883179,31.7149333953857,88.5641021728516,4.43964529037476,1.61178267002106,0,0,
294,46.99215698,0,0,0,26.21129036,0,10.77074337,0,2.041315556,0,16.60095596,0,4.70071697235107,0.938920736312866,8.3341760635376,1.24243760108948,4.46713399887085,31.7189502716064,88.6022796630859,4.43978929519653,1.61178851127625,0,0,
295,46.99215698,0,0,0,26.21129036,0,10.77074337,0,2.041315556,0,16.60095596,0,4.70072317123413,0.938921689987183,8.33421516418457,1.24245023727417,4.46762609481812,31.722900390625,88.6403579711914,4.4399266242981,1.61179339885712,0,0,
296,46.99458313,0,0,0,26.21161461,0,10.77082062,0,2.041331291,0,16.60156631,0,4.70073223114014,0.93892377614975,8.33425712585449,1.24246418476105,4.46810722351074,31.7267875671387,88.678337097168,4.44006299972534,1.61179912090302,0,0,
297,46.99458313,0,0,0,26.21161461,0,10.77082062,0,2.041331291,0,16.60156631,0,4.70074415206909,0.938926458358765,8.33430194854736,1.24247908592224,4.46857833862305,31.7306118011475,88.7162170410156,4.44019794464111,1.61180555820465,0,0,
298,46.99458313,0,0,0,26.21161461,0,10.77082062,0,2.041331291,0,16.60156631,0,4.70075225830078,0.938928008079529,8.33434104919434,1.24249219894409,4.46903896331787,31.7343711853027,88.7539978027344,4.44032669067383,1.61181092262268,0,0,
299,46.99458313,0,0,0,26.21161461,0,10.77082062,0,2.041331291,0,16.60156631,0,4.70075845718384,0.938928961753845,8.33437633514404,1.24250376224518,4.46948909759521,31.7380714416504,88.7916641235352,4.44044971466064,1.61181545257568,0,0,
300,46.99458313,0,0,0,26.21161461,0,10.77082062,0,2.041331291,0,16.60156631,0,4.70076274871826,0.938929557800293,8.33440780639648,1.24251401424408,4.46992969512939,31.7417106628418,88.829231262207,4.44056606292725,1.61181926727295,0,0,
