"Time Step","Softwood Merchantable","Hardwood Merchantable","Softwood Submerchantable","Hardwood Submerchantable","Softwood Other","Hardwood Other","Softwood Foliage","Hardwood Foliage","Softwood Fine Roots","Hardwood Fine Roots","Softwood Coarse Roots","Hardwood Coarse Roots","Aboveground Very Fast DOM","Belowground Very Fast DOM","Aboveground Fast DOM","Belowground Fast DOM","Medium DOM","Aboveground Slow DOM","Belowground Slow DOM","Softwood Stem Snag","Softwood Branch Snag","Hardwood Stem Snag","Hardwood Branch Snag",
0,0,0,0,0,0,0,0,0,0,0,0,0,0.587351024150848,1.30257999897003,9.02278804779053,7.68805694580078,7.73572492599487,13.3217401504517,75.3818817138672,0,0,45.2075500488281,16.4948501586914,
1,0,0.07277396321,0,0,0,0.1650641263,0,0.02464197017,0,0.214239195,0,0.3159170747,0.293816477060318,0.440704584121704,8.62228584289551,6.21021032333374,8.72193813323975,13.8352012634277,75.6191558837891,0,0,42.664005279541,13.418044090271,
2,0,0.2607918084,0,0,0,0.4769079387,0,0.06359326839,0,0.4042361975,0,0.6489164829,0.201713427901268,0.177946716547012,8.05875015258789,5.01930999755859,9.58138847351074,14.2460641860962,75.7195205688477,0,0,40.2644309997559,10.9174537658691,
3,0,0.5490021706,0,0,0,0.8748492599,0,0.1100279167,0,0.5731011629,0,0.9969768524,0.20447950065136,0.110287263989449,7.41303205490112,4.06027984619141,10.3248071670532,14.5815534591675,75.7595596313477,0,0,38.0014343261719,8.88662147521973,
4,0,0.9289098978,0,0,0,1.333348513,0,0.161501959,0,0.7230071425,0,1.357268095,0.251032620668411,0.10482294857502,6.7407693862915,3.28861999511719,10.9621648788452,14.8582220077515,75.7681045532227,0,0,35.8679580688477,7.23856496810913,
5,0,1.39372313,0,0,0,1.835921407,0,0.2165365815,0,0.8559169769,0,1.727072477,0.317119836807251,0.117961540818214,6.07933712005615,2.66836953163147,11.5027151107788,15.0873899459839,75.7574920654297,0,0,33.8572883605957,5.90234088897705,
6,0,1.937331676,0,0,0,2.370392799,0,0.274087429,0,0.9736346006,0,2.103861809,0.39121475815773,0.135532081127167,5.4528226852417,2.17046546936035,11.9550457000732,15.2776393890381,75.7340240478516,0,0,31.9630470275879,4.82011079788208,
7,0,2.553927422,0,0,0,2.927158117,0,0.333358109,0,1.077814937,0,2.485319138,0.467822045087814,0.153045952320099,4.87572431564331,1.77141606807709,12.3271188735962,15.4359512329102,75.7015151977539,0,0,30.1791839599609,3.94473099708557,
8,0,3.237837791,0,0,0,3.498365641,0,0.3937141895,0,1.169967055,0,2.869338036,0.544312417507172,0.169190615415573,4.35571384429932,1.4522317647934,12.6263132095337,15.5682277679443,75.6625900268555,0,0,28.4999446868896,3.23777389526367,
9,0,3.983450651,0,0,0,4.077471733,0,0.4546368718,0,1.251459241,0,3.25401783,0.61942595243454,0.183685451745987,3.89569449424744,1.1975599527359,12.8594646453857,15.679539680481,75.6191787719727,0,0,26.919864654541,2.66791677474976,
10,0,4.78518486,0,0,0,4.658972263,0,0.5156952143,0,1.323526144,0,3.63765645,0.692562520503998,0.196575403213501,3.4953191280365,0.994987547397614,13.0328979492188,15.7742614746094,75.5727462768555,0,0,25.4337482452393,2.20962643623352,
11,0,5.637482166,0,0,0,5.238223076,0,0.5765276551,0,1.387275338,0,4.01873827,0.763443171977997,0.207999035716057,3.15211057662964,0.834476470947266,13.1524639129639,15.8561515808105,75.5244216918945,0,0,24.036657333374,1.8420877456665,
12,0,6.534819126,0,0,0,5.811318398,0,0.6368297935,0,1.44369638,0,4.395924568,0.831947565078735,0.218112796545029,2.8622715473175,0.707908391952515,13.2235689163208,15.9284133911133,75.4750671386719,0,0,22.7238922119141,1.54833054542542,
13,0,7.471719742,0,0,0,6.374991417,0,0.6963449717,0,1.493670225,0,4.76803875,0.898035526275635,0.22706708312034601,2.62126779556274,0.608716726303101,13.2512063980103,15.9937543869019,75.4253540039063,0,0,21.4909858703613,1.31451857089996,
14,0,8.442778587,0,0,0,6.926543236,0,0.7548572421,0,1.537978053,0,5.134058475,0.961707651615143,0.234999299049377,2.42423915863037,0.531589388847351,13.2399835586548,16.0544376373291,75.3757858276367,0,0,20.3336868286133,1.12937021255493,
15,0,9.44268322,0,0,0,7.463776112,0,0.8121858835,0,1.577310681,0,5.493096828,1.02298629283905,0.242032438516617,2.26628184318542,0.472228556871414,13.1941471099854,16.1123313903809,75.3267669677734,0,0,19.2479419708252,0.983686447143555,
16,0,10.46623898,0,0,0,7.984941483,0,0.868180871,0,1.61227715,0,5.844398499,1.08190560340881,0.248275727033615,2.14263892173767,0.427156716585159,13.1176071166992,16.1689586639404,75.2785797119141,0,0,18.2299003601074,0.869966685771942,
17,0,11.50839138,0,0,0,8.48869133,0,0.922719121,0,1.643412828,0,6.187322617,1.13850629329681,0.253825694322586,2.04881906509399,0.393559634685516,13.0139617919922,16.2255363464355,75.2314453125,0,0,17.2758903503418,0.782096028327942,
18,0,12.56424999,0,0,0,8.974032402,0,0.9757012129,0,1.671187878,0,6.52133894,1.19283282756805,0.258767157793045,1.98066830635071,0.369159877300262,12.8865156173706,16.2830200195313,75.1855316162109,0,0,16.3824138641357,0.715089678764343,
19,0,13.62911129,0,0,0,9.44028759,0,1.027048826,0,1.696014047,0,6.846009731,1.24493229389191,0.263174742460251,1.93440544605255,0.352114260196686,12.738302230835,16.3421401977539,75.1409606933594,0,0,15.5461387634277,0.664885401725769,
20,0,14.94753742,0,0,0,9.60623455,0,1.062155604,0,1.717624307,0,7.151758671,1.29160189628601,0.267080724239349,1.90319287776947,0.340893745422363,12.5721015930176,16.4026050567627,75.0977935791016,0,0,14.7647037506104,0.626904964447021,
21,0,15.99920559,0,0,0,9.880639076,0,1.106472373,0,1.7354743480000001,0,7.422785759,1.33368480205536,0.270452827215195,1.88258147239685,0.334161013364792,12.3904829025269,16.4640846252441,75.0560302734375,0,0,14.0349807739258,0.598000764846802,
22,0,17.04056168,0,0,0,10.16704655,0,1.150035143,0,1.751960158,0,7.68977499,1.37512230873108,0.273378193378448,1.87256741523743,0.330896139144897,12.1957912445068,16.527063369751,75.0156631469727,0,0,13.3531541824341,0.57702374458313,
23,0,18.06393433,0,0,0,10.46117401,0,1.192465663,0,1.767096639,0,7.950590134,1.41564321517944,0.276013016700745,1.87194991111755,0.330390691757202,11.9901371002197,16.5918846130371,74.9767074584961,0,0,12.7164363861084,0.562584042549133,
24,0,19.07065964,0,0,0,10.76151085,0,1.233784437,0,1.78103888,0,8.205493927,1.4550553560257,0.278417646884918,1.87956893444061,0.332064986228943,11.7754421234131,16.6587924957275,74.9391784667969,0,0,12.1221771240234,0.553524851799011,
25,0,20.05901337,0,0,0,11.06598854,0,1.273901939,0,1.793885946,0,8.454035759,1.49327325820923,0.280625492334366,1.89435029029846,0.335450112819672,11.5534496307373,16.7279396057129,74.9030914306641,0,0,11.5678720474243,0.54888904094696,
26,0,21.02724266,0,0,0,11.37271881,0,1.312741876,0,1.805729628,0,8.695803642,1.53023493289948,0.282657563686371,1.91529750823975,0.340163826942444,11.3257389068604,16.7994194030762,74.8684387207031,0,0,11.0511474609375,0.547880172729492,
27,0,21.97077751,0,0,0,11.67904186,0,1.350127101,0,1.8166219,0,8.929731369,1.5658665895462,0.284528493881226,1.94148063659668,0.345891535282135,11.0937404632568,16.8732585906982,74.8352279663086,0,0,10.5697412490845,0.549829959869385,
28,0,22.89069557,0,0,0,11.98424053,0,1.386118174,0,1.826674342,0,9.156188011,1.60012054443359,0.28625163435936,1.97205102443695,0.352376341819763,10.8587427139282,16.9494323730469,74.8034362792969,0,0,10.121509552002,0.554179430007935,
29,0,23.78796005,0,0,0,12.28773785,0,1.420773625,0,1.8359828,0,9.375518799,1.63301587104797,0.287842392921448,2.00626492500305,0.359413594007492,10.6219043731689,17.027889251709,74.7730560302734,0,0,9.70443534851074,0.560468077659607,
30,0,24.65795708,0,0,0,12.58715153,0,1.453939676,0,1.844576836,0,9.586715698,1.66455030441284,0.289312481880188,2.04344654083252,0.366835445165634,10.3842649459839,17.1085376739502,74.7440719604492,0,0,9.31660079956055,0.568308055400848,
31,0,25.50429153,0,0,0,12.88301659,0,1.485784411,0,1.852560759,0,9.790785789,1.69473552703857,0.290672838687897,2.08299589157104,0.374506235122681,10.1467523574829,17.1912727355957,74.7164535522461,0,0,8.95619487762451,0.57737523317337,
32,0,26.32501793,0,0,0,13.17401886,0,1.516264081,0,1.859975338,0,9.987379074,1.72361528873444,0.291934698820114,2.12439584732056,0.382319122552872,9.91019439697266,17.2759666442871,74.6901931762695,0,0,8.62151336669922,0.587402760982513,
33,0,27.11818886,0,0,0,13.45890045,0,1.545338988,0,1.866856933,0,10.17616367,1.75119733810425,0.293105870485306,2.16717314720154,0.390185058116913,9.67532539367676,17.3624820709229,74.6652679443359,0,0,8.31093597412109,0.59816187620163,
34,0,27.88717079,0,0,0,13.73836517,0,1.573167205,0,1.873281479,0,10.35806179,1.7775194644928,0.294194847345352,2.2109227180481,0.398034483194351,9.44279384613037,17.4506664276123,74.6416473388672,0,0,8.02293586730957,0.60946387052536,
35,0,28.62728691,0,0,0,14.01025677,0,1.59961307,0,1.879251122,0,10.53209209,1.802610039711,0.295208543539047,2.25528430938721,0.405811011791229,9.21316814422607,17.5403633117676,74.6193084716797,0,0,7.75606966018677,0.621148765087128,
36,0,29.34441185,0,0,0,14.27631855,0,1.624917269,0,1.884848952,0,10.69975185,1.82651174068451,0.296153753995895,2.29995131492615,0.413471132516861,8.98694515228271,17.6314125061035,74.5982284545898,0,0,7.50897932052612,0.6330845952034,
37,0,30.03643227,0,0,0,14.53543091,0,1.649037838,0,1.890088677,0,10.86064816,1.84929537773132,0.297037839889526,2.34467768669128,0.420984238386154,8.76455497741699,17.7236595153809,74.5783843994141,0,0,7.28039503097534,0.645166754722595,
38,0,30.70125008,0,0,0,14.78647232,0,1.671932817,0,1.894982457,0,11.0144043,1.87097692489624,0.297864556312561,2.38922524452209,0.428322464227676,8.54636859893799,17.8169460296631,74.5597457885742,0,0,7.06910419464111,0.657300055027008,
39,0,31.34192848,0,0,0,15.03028584,0,1.693737388,0,1.899576664,0,11.16182518,1.89158928394318,0.298638314008713,2.4333930015564,0.435465008020401,8.3326997756958,17.911111831665,74.5422973632813,0,0,6.87396621704102,0.66940575838089,
40,0,31.95888519,0,0,0,15.26679039,0,1.71449542,0,1.903894782,0,11.30309868,1.91119182109833,0.299364179372787,2.47702527046204,0.442399144172668,8.12381362915039,18.0060043334961,74.5260009765625,0,0,6.69391584396362,0.681423425674438,
41,0,32.55249405,0,0,0,15.49587822,0,1.734243631,0,1.907957435,0,11.43839169,1.92983341217041,0.300046145915985,2.51999068260193,0.449115961790085,7.91992902755737,18.1014804840088,74.5108489990234,0,0,6.52795028686523,0.693302869796753,
42,0,33.12310791,0,0,0,15.71748352,0,1.753022552,0,1.911782265,0,11.56786537,1.94755637645721,0.30068764090538,2.56217813491821,0.455609679222107,7.72122240066528,18.1974010467529,74.4967956542969,0,0,6.37512588500977,0.705002665519714,
43,0,33.67104721,0,0,0,15.93152809,0,1.770863533,0,1.915385127,0,11.69166279,1.96439898014069,0.301291465759277,2.60349416732788,0.461876809597015,7.52783441543579,18.293628692627,74.4838409423828,0,0,6.23455429077148,0.716488242149353,
44,0,34.19914246,0,0,0,16.13895988,0,1.78788197,0,1.91879642,0,11.81049252,1.98041415214539,0.301861047744751,2.64387464523315,0.467917919158936,7.33987092971802,18.3900394439697,74.4719543457031,0,0,6.10540628433228,0.72773551940918,
45,0,34.7026062,0,0,0,16.3377285,0,1.80394578,0,1.921995878,0,11.92333889,1.99562418460846,0.30239799618721,2.68325066566467,0.473732262849808,7.1574068069458,18.4865055084229,74.4611053466797,0,0,5.98689460754395,0.738719940185547,
46,0,35.18673706,0,0,0,16.52978325,0,1.81924355,0,1.925026059,0,12.03144932,2.0100531578064,0.302904069423676,2.72156476974487,0.479320228099823,6.98048973083496,18.5829105377197,74.4512710571289,0,0,5.87827730178833,0.749421119689941,
47,0,35.65174866,0,0,0,16.71507645,0,1.833800316,0,1.927896142,0,12.13492107,2.02376341819763,0.303382605314255,2.75879740715027,0.484687477350235,6.80914258956909,18.6791458129883,74.4424362182617,0,0,5.77887153625488,0.759830892086029,
48,0,36.09784317,0,0,0,16.89358902,0,1.847640038,0,1.930613995,0,12.23384857,2.03679585456848,0.303835541009903,2.7949321269989,0.489839404821396,6.64336585998535,18.7751121520996,74.4345703125,0,0,5.6880350112915,0.769942462444305,
49,0,36.52272034,0,0,0,17.06428528,0,1.860705376,0,1.933171868,0,12.32776642,2.04916191101074,0.30426350235939,2.82994055747986,0.494778841733933,6.48314046859741,18.8707122802734,74.4276504516602,0,0,5.60515403747559,0.779745578765869,
50,0,36.93153,0,0,0,17.229129790000002,0,1.873169661,0,1.935606003,0,12.41785431,2.06089472770691,0.304668307304382,2.8638129234314,0.499511033296585,6.32843017578125,18.9658508300781,74.4216613769531,0,0,5.52965974807739,0.789235949516296,
51,0,37.32194519,0,0,0,17.38711739,0,1.884979248,0,1.937906981,0,12.50363827,2.07203769683838,0.305051892995834,2.89655590057373,0.50404292345047,6.1791820526123,19.0604496002197,74.4165725708008,0,0,5.46102380752563,0.798414587974548,
52,0,37.69410324,0,0,0,17.53820801,0,1.896147728,0,1.940079689,0,12.58518219,2.08260226249695,0.30541467666626,2.92816066741943,0.508378624916077,6.03533172607422,19.154426574707,74.4123764038086,0,0,5.39874029159546,0.80727744102478,
53,0,38.0530777,0,0,0,17.68439674,0,1.906838536,0,1.942157388,0,12.66362667,2.09263586997986,0.305758774280548,2.95864796638489,0.512526214122772,5.89680099487305,19.2477073669434,74.4090347290039,0,0,5.34234952926636,0.815830051898956,
54,0,38.39405441,0,0,0,17.82366562,0,1.916920424,0,1.944115162,0,12.73795128,2.1021671295166,0.306085377931595,2.98803544044495,0.51649272441864,5.76350259780884,19.3402328491211,74.4065399169922,0,0,5.29141759872437,0.824076950550079,
55,0,38.72204971,0,0,0,17.95799255,0,1.926551223,0,1.945984125,0,12.80927277,2.11121654510498,0.306395202875137,3.01633739471436,0.520284175872803,5.63534021377563,19.4319381713867,74.4048614501953,0,0,5.24553680419922,0.83202153444290206,
56,0,39.03471375,0,0,0,18.086383819999998,0,1.935669541,0,1.947753549,0,12.87710381,2.11981606483459,0.306689530611038,3.04358053207397,0.523908138275146,5.51220989227295,19.5227737426758,74.4039916992188,0,0,5.20432996749878,0.839671015739441,
57,0,39.33213806,0,0,0,18.20881462,0,1.944287539,0,1.949425936,0,12.94148731,2.12796902656555,0.306968361139297,3.06977248191834,0.527368724346161,5.39400100708008,19.6126842498779,74.4039001464844,0,0,5.16743421554565,0.847026824951172,
58,0,39.61684418,0,0,0,18.32627296,0,1.952486515,0,1.951017141,0,13.00298977,2.13569951057434,0.307232677936554,3.09493374824524,0.530671894550323,5.28059816360474,19.7016220092773,74.4045715332031,0,0,5.1345157623291,0.854094266891479,
59,0,39.88890457,0,0,0,18.43876266,0,1.960274339,0,1.952529669,0,13.06164265,2.1430387496948202,0.30748376250267,3.11909580230713,0.533824741840363,5.17188119888306,19.7895469665527,74.4059906005859,0,0,5.10526752471924,0.86088228225708,
60,0,40.15080643,0,0,0,18.54728127,0,1.967727661,0,1.953977942,0,13.11800098,2.15002131462097,0.307722955942154,3.14229917526245,0.536835432052612,5.06772613525391,19.8764247894287,74.4081268310547,0,0,5.0794095993042,0.867402493953705,
61,0,40.39776993,0,0,0,18.64981079,0,1.974718451,0,1.955337405,0,13.17104816,2.15665197372437,0.307950109243393,3.16456341743469,0.53970867395401,4.96800756454468,19.9622211456299,74.4109725952148,0,0,5.05666875839233,0.873659908771515,
62,0,40.63468933,0,0,0,18.74834061,0,1.981390715,0,1.956635714,0,13.22184944,2.16293597221375,0.308165401220322,3.18590450286865,0.542448461055756,4.87259817123413,20.0469055175781,74.4145050048828,0,0,5.03678798675537,0.879658460617065,
63,0,40.86161804,0,0,0,18.8428936,0,1.987747908,0,1.957874179,0,13.27043056,2.16891074180603,0.308370351791382,3.20636439323425,0.54506242275238,4.78136825561523,20.1304531097412,74.418701171875,0,0,5.01954078674316,0.885410368442535,
64,0,41.07858658,0,0,0,18.93343735,0,1.993797898,0,1.959053636,0,13.31680489,2.17459583282471,0.308565646409988,3.2259783744812,0.547556936740875,4.69418907165527,20.2128448486328,74.4235458374023,0,0,5.00471353530884,0.890925526618958,
65,0,41.28324509,0,0,0,19.01898575,0,1.999476314,0,1.960162282,0,13.36048603,2.17998719215393,0.30875089764595,3.24476099014282,0.549935162067413,4.61093044281006,20.2940578460693,74.4290237426758,0,0,4.99209785461426,0.896207511425018,
66,0,41.4804306,0,0,0,19.10152435,0,2.004924297,0,1.96122694,0,13.4025116,2.18510127067566,0.30892676115036,3.2627387046814,0.552201926708221,4.53146314620972,20.3740768432617,74.4351272583008,0,0,4.98150444030762,0.901263535022736,
67,0,41.66778183,0,0,0,19.18005943,0,2.010079622,0,1.96223557,0,13.44238758,2.18996429443359,0.309094250202179,3.27994799613953,0.554363310337067,4.45565843582153,20.4528884887695,74.4418334960938,0,0,4.97276258468628,0.906104147434235,
68,0,41.84533691,0,0,0,19.25458717,0,2.01494503,0,1.96318841,0,13.48013115,2.19457387924194,0.309253096580505,3.29640507698059,0.556422293186188,4.38338899612427,20.5304794311523,74.4491195678711,0,0,4.96570491790771,0.910733282566071,
69,0,42.01550674,0,0,0,19.32610321,0,2.019588947,0,1.964099288,0,13.5162611,2.19894623756409,0.309403896331787,3.31213712692261,0.558383405208588,4.31452894210815,20.6068382263184,74.4569778442383,0,0,4.96017980575562,0.915158689022064,
70,0,42.17832947,0,0,0,19.39461899,0,2.0240178109999998,0,1.964968681,0,13.55079174,2.20310568809509,0.309547662734985,3.3271818161010702,0.560252606868744,4.2489538192749,20.6819591522217,74.4653778076172,0,0,4.95605325698853,0.919391214847565,
71,0,42.33381653,0,0,0,19.46011353,0,2.028231382,0,1.965796947,0,13.58372879,2.20706582069397,0.309684723615646,3.34156966209412,0.562034606933594,4.18654155731201,20.7558441162109,74.4743270874023,0,0,4.95319890975952,0.923439741134644,
72,0,42.48199844,0,0,0,19.52260399,0,2.032232285,0,1.966584802,0,13.61508751,2.21083307266235,0.309815287590027,3.3553261756897,0.563733398914337,4.12717199325562,20.8284893035889,74.4837951660156,0,0,4.95149612426758,0.927311182022095,
73,0,42.62288284,0,0,0,19.58207893,0,2.036026001,0,1.967331886,0,13.64487171,2.21441221237183,0.309939384460449,3.36847352981567,0.565352261066437,4.07072734832764,20.8998928070068,74.4937744140625,0,0,4.95083379745483,0.931011497974396,
74,0,42.75650024,0,0,0,19.63853645,0,2.039610863,0,1.968039274,0,13.67309093,2.21780633926392,0.310057133436203,3.38102865219116,0.566893875598907,4.01709318161011,20.9700546264648,74.5042419433594,0,0,4.95110464096069,0.934545338153839,
75,0,42.88286209,0,0,0,19.69198036,0,2.042992592,0,1.968707323,0,13.69975662,2.22101807594299,0.310168623924255,3.39300680160522,0.568360507488251,3.96615648269653,21.0389747619629,74.5151977539063,0,0,4.95220994949341,0.937916457653046,
76,0,43.00436783,0,0,0,19.74341202,0,2.046233892,0,1.969348192,0,13.72537422,2.22406458854675,0.310274511575699,3.40443420410156,0.569756090641022,3.91780734062195,21.1066513061523,74.526611328125,0,0,4.95406246185303,0.941132545471191,
77,0,43.12102509,0,0,0,19.79284096,0,2.049337626,0,1.969962716,0,13.74995041,2.22696924209595,0.31037575006485,3.4153470993042,0.571085870265961,3.87193894386292,21.1730976104736,74.5384750366211,0,0,4.95658826828003,0.944204449653625,
78,0,43.23284531,0,0,0,19.84023666,0,2.052306414,0,1.970550776,0,13.77348804,2.22974419593811,0.310472637414932,3.42577600479126,0.572354078292847,3.82844758033752,21.2383213043213,74.55078125,0,0,4.95971870422363,0.947140753269196,
79,0,43.33746338,0,0,0,19.8846283,0,2.055076361,0,1.97110033,0,13.79549408,2.23238062858582,0.310564666986465,3.43573141098022,0.573562204837799,3.78723192214966,21.3023300170898,74.5635070800781,0,0,4.96337985992432,0.949943959712982,
80,0,43.43726349,0,0,0,19.92700386,0,2.057712317,0,1.971623898,0,13.8164711,2.23487424850464,0.310651689767838,3.44522261619568,0.574711441993713,3.74819421768188,21.3651275634766,74.5766525268555,0,0,4.96750211715698,0.952616214752197,
81,0,43.53226089,0,0,0,19.96736717,0,2.060216427,0,1.972121596,0,13.83642769,2.23723959922791,0.310734331607819,3.45427107810974,0.575804889202118,3.71123933792114,21.4267234802246,74.5901947021484,0,0,4.97202920913696,0.955163836479187,
82,0,43.62246323,0,0,0,20.00571442,0,2.06258893,0,1.972593546,0,13.85536289,2.23948359489441,0.310812801122665,3.462895154953,0.576845049858093,3.67627477645874,21.4871273040771,74.6041259765625,0,0,4.97690629959106,0.957591831684113,
83,0,43.71023941,0,0,0,20.04305077,0,2.06489253,0,1.973052502,0,13.87377739,2.241623878479,0.310887843370438,3.47112393379211,0.577835857868195,3.64321184158325,21.5463523864746,74.6184310913086,0,0,4.98208951950073,0.959908783435822,
84,0,43.79323578,0,0,0,20.07837486,0,2.067065716,0,1.973485827,0,13.89117908,2.2436695098877,0.310959726572037,3.47898125648499,0.578780651092529,3.61196446418762,21.6044120788574,74.6331100463867,0,0,4.98753976821899,0.962121844291687,
85,0,43.87144852,0,0,0,20.11168671,0,2.069110394,0,1.973893881,0,13.90757084,2.24561023712158,0.311027824878693,3.48647332191467,0.579680144786835,3.58244943618774,21.6613178253174,74.6481475830078,0,0,4.99320983886719,0.96423214673996,
86,0,43.94488907,0,0,0,20.1429863,0,2.071027756,0,1.974276662,0,13.92295456,2.24744248390198,0.311092078685761,3.49360537528992,0.580534875392914,3.55458664894104,21.7170810699463,74.6635208129883,0,0,4.9990553855896,0.966240704059601,
87,0,44.01830673,0,0,0,20.1742878,0,2.07294035,0,1.974658966,0,13.93832493,2.24919319152832,0.311153680086136,3.50041007995605,0.58134937286377,3.52829885482788,21.7717151641846,74.6792297363281,0,0,5.00505208969116,0.968157410621643,
88,0,44.08458328,0,0,0,20.2025547,0,2.074664116,0,1.975004077,0,13.95219326,2.25086045265198,0.31121239066124,3.50690007209778,0.582125246524811,3.50351142883301,21.825231552124,74.6952667236328,0,0,5.01116752624512,0.969985663890839,
89,0,44.14847183,0,0,0,20.22980881,0,2.076323509,0,1.975336075,0,13.96555519,2.25242972373962,0.311267524957657,3.5130717754364,0.5828617811203,3.48015284538269,21.8776454925537,74.7116088867188,0,0,5.01736402511597,0.971723794937134,
90,0,44.20997238,0,0,0,20.25605965,0,2.077919722,0,1.975655675,0,13.97841358,2.25392365455627,0.311320126056671,3.51895070075989,0.583562552928925,3.45815372467041,21.9289703369141,74.7282562255859,0,0,5.02362155914307,0.97337943315506,
91,0,44.26908875,0,0,0,20.28130531,0,2.079450369,0,1.975962639,0,13.99076748,2.25535202026367,0.311370551586151,3.52455759048462,0.584230303764343,3.43744778633118,21.9792232513428,74.7451934814453,0,0,5.02992057800293,0.974958837032318,
92,0,44.32582474,0,0,0,20.30553818,0,2.080918074,0,1.976257086,0,14.00261879,2.25672006607056,0.311418950557709,3.52991056442261,0.584867298603058,3.41797184944153,22.0284194946289,74.7624130249023,0,0,5.03624391555786,0.976467132568359,
93,0,44.37781143,0,0,0,20.32775879,0,2.082262039,0,1.976526856,0,14.01347637,2.25801610946655,0.311464726924896,3.53500986099243,0.585473418235779,3.39966440200806,22.0765781402588,74.779914855957,0,0,5.04256629943848,0.977903962135315,
94,0,44.42742538,0,0,0,20.34896851,0,2.08354044,0,1.976783872,0,14.02383423,2.25923442840576,0.311507642269135,3.53985595703125,0.586048603057861,3.38246726989746,22.1237049102783,74.7976760864258,0,0,5.04886484146118,0.979268968105316,
95,0,44.47702026,0,0,0,20.37017441,0,2.084819555,0,1.977040887,0,14.03418159,2.26040124893188,0.311548948287964,3.54447746276855,0.586596727371216,3.36632370948792,22.1698226928711,74.8156890869141,0,0,5.05513286590576,0.98057097196579,
96,0,44.5218811,0,0,0,20.38936615,0,2.085974932,0,1.977273107,0,14.04354191,2.26151537895203,0.311588406562805,3.54888391494751,0.587118983268738,3.3511803150177,22.2149448394775,74.8339538574219,0,0,5.06135702133179,0.981812596321106,
97,0,44.5667305,0,0,0,20.40855598,0,2.087127924,0,1.977505326,0,14.05289555,2.26257538795471,0.311625957489014,3.5530834197998,0.587616324424744,3.33698534965515,22.2590885162354,74.8524627685547,0,0,5.06752347946167,0.982996046543121,
98,0,44.60684967,0,0,0,20.42572784,0,2.088159084,0,1.97771275,0,14.06126022,2.26358103752136,0.311661541461945,3.55708265304565,0.588089525699615,3.32368946075439,22.3022708892822,74.8712005615234,0,0,5.07362031936646,0.984122931957245,
99,0,44.64696121,0,0,0,20.4428978,0,2.089188099,0,1.977920175,0,14.06962013,2.2645320892334,0.31169518828392,3.5608868598938,0.588539242744446,3.3112459182739298,22.3445053100586,74.8901596069336,0,0,5.0796365737915,0.985194861888886,
100,0,44.68470383,0,0,0,20.45906448,0,2.090156317,0,1.978115201,0,14.07748604,2.26544332504272,0.311727553606033,3.56451535224915,0.58896791934967,3.29960894584656,22.3858070373535,74.9093322753906,0,0,5.08556842803955,0.986217439174652,
101,0,44.72007751,0,0,0,20.47421646,0,2.091062069,0,1.978298068,0,14.08485603,2.26630711555481,0.311758160591125,3.56796932220459,0.589375674724579,3.28873586654663,22.4261932373047,74.9287109375,0,0,5.09140539169312,0.987190783023834,
102,0,44.7530899,0,0,0,20.48835945,0,2.091908932,0,1.978468537,0,14.09173107,2.26712012290955,0.31178691983223,3.57124948501587,0.589762508869171,3.27858543395996,22.4656791687012,74.9482879638672,0,0,5.09713745117188,0.988114893436432,
103,0,44.78609085,0,0,0,20.50249672,0,2.092751503,0,1.978638887,0,14.09860325,2.26789498329163,0.311814427375793,3.5743715763092,0.59013044834137,3.26911807060242,22.504280090332,74.9680633544922,0,0,5.1027626991272,0.988994359970093,
104,0,44.81673813,0,0,0,20.51563835,0,2.093535662,0,1.978797197,0,14.10498524,2.26863718032837,0.311840832233429,3.57734799385071,0.590481102466583,3.26029658317566,22.542013168335,74.9880294799805,0,0,5.10827875137329,0.989832997322083,
105,0,44.84501266,0,0,0,20.52776146,0,2.09425807,0,1.97894299,0,14.11087036,2.26933622360229,0.311865627765656,3.58017492294312,0.590813815593719,3.25208520889282,22.5788917541504,75.008171081543,0,0,5.11367702484131,0.990629374980927,
106,0,44.87329483,0,0,0,20.53988838,0,2.094980001,0,1.979089022,0,14.11675739,2.27000045776367,0.311889201402664,3.58286356925964,0.591130077838898,3.24444937705994,22.6149311065674,75.0284729003906,0,0,5.11895608901978,0.991386771202087,
107,0,44.90156555,0,0,0,20.55200577,0,2.095700741,0,1.979234695,0,14.1226387,2.27064800262451,0.311912357807159,3.58543729782104,0.591432988643646,3.2373571395874,22.6501502990723,75.048942565918,0,0,5.12412357330322,0.992112278938293,
108,0,44.92512131,0,0,0,20.5621109,0,2.096302748,0,1.97935617,0,14.12753963,2.27125954627991,0.311934113502502,3.58788728713989,0.591721177101135,3.23077750205994,22.6845664978027,75.069580078125,0,0,5.12916898727417,0.992802917957306,
109,0,44.94867325,0,0,0,20.57222176,0,2.09690237,0,1.979477644,0,14.13243961,2.27182626724243,0.311954110860825,3.59020590782166,0.591993510723114,3.22468090057373,22.718189239502,75.0903701782227,0,0,5.13408422470093,0.993456065654755,
110,0,44.97222519,0,0,0,20.58231926,0,2.097501516,0,1.979598999,0,14.13733673,2.27237129211426,0.311973541975021,3.59241557121277,0.592253029346466,3.21903944015503,22.751033782959,75.1113052368164,0,0,5.13887691497803,0.994078576564789,
111,0,44.993415830000004,0,0,0,20.59141731,0,2.098041296,0,1.979708076,0,14.14174461,2.27289223670959,0.311992138624191,3.59452056884766,0.592500150203705,3.21382665634155,22.7831192016602,75.1323852539063,0,0,5.14354610443115,0.994671821594238,
112,0,45.01460648,0,0,0,20.60050774,0,2.098580122,0,1.979817271,0,14.14614773,2.27338767051697,0.312009781599045,3.59652471542358,0.592735290527344,3.20901727676392,22.8144588470459,75.1535873413086,0,0,5.14809083938599,0.995236575603485,
113,0,45.03343582,0,0,0,20.60860062,0,2.099059343,0,1.979914308,0,14.15006351,2.2738573551178,0.312026470899582,3.59843039512634,0.592958807945251,3.20458698272705,22.8450679779053,75.1749267578125,0,0,5.15251064300537,0.995773613452911,
114,0,45.05226898,0,0,0,20.61667824,0,2.099538565,0,1.980011225,0,14.15397835,2.27430057525635,0.312042236328125,3.60024046897888,0.593170940876007,3.20051336288452,22.8749561309814,75.1963882446289,0,0,5.15680456161499,0.996283411979675,
115,0,45.07109833,0,0,0,20.62476158,0,2.100017548,0,1.980108142,0,14.15789032,2.27473187446594,0.312057673931122,3.60197067260742,0.593373894691467,3.19677448272705,22.9041442871094,75.2179718017578,0,0,5.16098022460938,0.996771156787872,
116,0,45.08757019,0,0,0,20.63183594,0,2.100435495,0,1.980193019,0,14.16131496,2.27514290809631,0.312072366476059,3.60362076759338,0.593567430973053,3.19335007667542,22.9326477050781,75.2396697998047,0,0,5.16503572463989,0.997236371040344,
117,0,45.10404587,0,0,0,20.63890648,0,2.100852966,0,1.980277777,0,14.1647377,2.27553057670593,0.312086164951324,3.60519003868103,0.593751311302185,3.19022035598755,22.9604778289795,75.261474609375,0,0,5.16897058486938,0.997678756713867,
118,0,45.12051392,0,0,0,20.64598274,0,2.101272106,0,1.980362535,0,14.16815853,2.27590727806091,0.312099695205688,3.60669207572937,0.593927502632141,3.18736743927002,22.9876480102539,75.2833862304688,0,0,5.17279195785522,0.99810254573822,
119,0,45.13463211,0,0,0,20.65204239,0,2.101629972,0,1.980435133,0,14.17109203,2.27626490592957,0.31211245059967,3.60812425613403,0.594095408916473,3.18477344512939,23.0141754150391,75.3053894042969,0,0,5.17649841308594,0.998506665229797,
120,0,45.14875031,0,0,0,20.65811539,0,2.101988316,0,1.980507731,0,14.17402554,2.27659940719604,0.312124311923981,3.60948395729065,0.594254732131958,3.18242239952087,23.0400714874268,75.3274993896484,0,0,5.18008804321289,0.998890101909637,
121,0,45.1605072,0,0,0,20.66316414,0,2.102286339,0,1.980568171,0,14.1764679,2.27690887451172,0.312135249376297,3.61076927185059,0.594405114650726,3.18029832839966,23.0653476715088,75.3496932983398,0,0,5.18356037139893,0.999252378940582,
122,0,45.17462158,0,0,0,20.66922951,0,2.102643967,0,1.980640888,0,14.17939949,2.27720713615417,0.312145888805389,3.61199331283569,0.594548285007477,3.17838644981384,23.090015411377,75.3719635009766,0,0,5.18692207336426,0.999597251415253,
123,0,45.18637848,0,0,0,20.67428017,0,2.102941751,0,1.980701327,0,14.1818409,2.27749967575073,0.312156438827515,3.61316585540771,0.594685554504395,3.17667245864868,23.1140899658203,75.3943176269531,0,0,5.19017934799194,0.999927997589111,
124,0,45.19813919,0,0,0,20.67932701,0,2.103238583,0,1.980761647,0,14.18428135,2.27777528762817,0.312166303396225,3.61428141593933,0.594816148281097,3.1751434803009,23.1375846862793,75.416748046875,0,0,5.19332981109619,1.00024271011353,
125,0,45.20754623,0,0,0,20.6833744,0,2.103477001,0,1.980810165,0,14.18623543,2.2780294418335,0.312175303697586,3.6153359413147,0.594939351081848,3.17378687858582,23.1605110168457,75.4392547607422,0,0,5.19637203216553,1.00053977966309,
126,0,45.21695328,0,0,0,20.68741035,0,2.103715658,0,1.980858445,0,14.1881876,2.27825951576233,0.312183380126953,3.61632513999939,0.595054626464844,3.17259073257446,23.1828784942627,75.4618377685547,0,0,5.19930458068848,1.00081789493561,
127,0,45.22871399,0,0,0,20.69247246,0,2.10401392,0,1.980918884,0,14.19062996,2.27849245071411,0.312191784381866,3.61727452278137,0.595165491104126,3.17154383659363,23.2047004699707,75.4844741821289,0,0,5.20214128494263,1.00108528137207,
128,0,45.23811722,0,0,0,20.69651794,0,2.104250908,0,1.980967283,0,14.19258213,2.27872681617737,0.312200307846069,3.61819100379944,0.595272779464722,3.17063570022583,23.2259922027588,75.5071716308594,0,0,5.20488739013672,1.0013439655304,
129,0,45.24516678,0,0,0,20.69954872,0,2.104430437,0,1.981003523,0,14.19404697,2.27893328666687,0.312207579612732,3.61905121803284,0.595373213291168,3.16985630989075,23.2467632293701,75.5299224853516,0,0,5.20753288269043,1.00158631801605,
130,0,45.25457764,0,0,0,20.7035923,0,2.104666948,0,1.981051803,0,14.1960001,2.27912712097168,0.312214434146881,3.61986541748047,0.595468163490295,3.16919660568237,23.2670211791992,75.5527267456055,0,0,5.2100830078125,1.00181543827057,
131,0,45.26163101,0,0,0,20.70662689,0,2.104846716,0,1.981088161,0,14.19746399,2.27931523323059,0.312221199274063,3.62064099311829,0.59555858373642,3.1686475276947,23.2867813110352,75.5755844116211,0,0,5.21254348754883,1.00203382968903,
132,0,45.27103424,0,0,0,20.71066856,0,2.105083466,0,1.981136441,0,14.19941521,2.27950048446655,0.312227874994278,3.6213846206665,0.595645427703857,3.16820073127747,23.3060569763184,75.5984954833984,0,0,5.21491956710815,1.00224339962006,
133,0,45.27808762,0,0,0,20.71369743,0,2.105262518,0,1.981172681,0,14.20087814,2.27968430519104,0.312234550714493,3.62210130691528,0.595729351043701,3.16784858703613,23.324857711792,75.6214447021484,0,0,5.2172155380249,1.00244581699371,
134,0,45.28514099,0,0,0,20.71673393,0,2.10544157,0,1.981208801,0,14.20234299,2.27985405921936,0.312240570783615,3.62278175354004,0.595808982849121,3.16758394241333,23.3431949615479,75.6444396972656,0,0,5.21942853927612,1.00263798236847,
135,0,45.28983688,0,0,0,20.71874619,0,2.105559587,0,1.981232882,0,14.20331669,2.28000259399414,0.312245756387711,3.62341785430908,0.595883071422577,3.16739964485168,23.3610763549805,75.6674728393555,0,0,5.22155523300171,1.00281703472137,
136,0,45.29689026,0,0,0,20.72177696,0,2.105737209,0,1.98126924,0,14.20477962,2.2801411151886,0.31225061416626,3.62401676177979,0.595952808856964,3.16728925704956,23.378511428833,75.6905364990234,0,0,5.22360038757324,1.00298535823822,
137,0,45.30393982,0,0,0,20.72480965,0,2.105916262,0,1.98130548,0,14.20624256,2.28028917312622,0.312256067991257,3.62459945678711,0.596020877361298,3.1672465801239,23.3955135345459,75.7136306762695,0,0,5.22557640075684,1.00314974784851,
138,0,45.30864334,0,0,0,20.72684097,0,2.106034517,0,1.98132956,0,14.20721912,2.28042793273926,0.312261044979095,3.62515473365784,0.596085727214813,3.16726613044739,23.4120922088623,75.7367553710938,0,0,5.22747993469238,1.00330638885498,
139,0,45.31334305,0,0,0,20.72886276,0,2.10615325,0,1.98135376,0,14.20819664,2.28054809570313,0.312265247106552,3.62567257881165,0.596145987510681,3.16734266281128,23.4282550811768,75.7599029541016,0,0,5.22930717468262,1.0034521818161,
140,0,45.31804657,0,0,0,20.73088455,0,2.106272936,0,1.981377959,0,14.20917225,2.28065991401672,0.31226921081543,3.62615942955017,0.596202552318573,3.16747093200684,23.4440078735352,75.783073425293,0,0,5.2310619354248,1.00358891487122,
141,0,45.32509613,0,0,0,20.73391151,0,2.106450558,0,1.98141408,0,14.21063328,2.28078198432922,0.312273681163788,3.62663459777832,0.596258103847504,3.1676459312439,23.4593696594238,75.806266784668,0,0,5.23275661468506,1.00372302532196,
142,0,45.32979584,0,0,0,20.73593903,0,2.106568575,0,1.981438279,0,14.21160793,2.28090810775757,0.31227833032608,3.62710022926331,0.596312761306763,3.1678638458252,23.4743461608887,75.829475402832,0,0,5.23439455032349,1.0038548707962,
143,0,45.33214569,0,0,0,20.73694611,0,2.106627703,0,1.981450319,0,14.21209621,2.28100848197937,0.3122818171978,3.62752962112427,0.596362829208374,3.16812062263489,23.4889469146729,75.8526992797852,0,0,5.23596334457397,1.0039758682251,
144,0,45.3368454,0,0,0,20.73896599,0,2.106746197,0,1.981474519,0,14.21307087,2.28109693527222,0.312284857034683,3.62792897224426,0.59640920162200906,3.16841197013855,23.5031757354736,75.8759307861328,0,0,5.23746633529663,1.00408804416656,
145,0,45.3415451,0,0,0,20.74098778,0,2.106865644,0,1.98149848,0,14.21404648,2.28119373321533,0.312288373708725,3.6283175945282,0.596454501152039,3.1687345504760702,23.5170440673828,75.8991775512695,0,0,5.23891592025757,1.00419747829437,
146,0,45.34624481,0,0,0,20.74300766,0,2.1069839,0,1.981522679,0,14.21502018,2.28129482269287,0.312292128801346,3.62869691848755,0.596498966217041,3.16908478736877,23.5305633544922,75.9224319458008,0,0,5.24031400680542,1.00430476665497,
147,0,45.34859848,0,0,0,20.74402046,0,2.107043266,0,1.9815347190000001,0,14.21550751,2.28138327598572,0.312295258045197,3.6290545463562,0.596540808677673,3.16946005821228,23.5437412261963,75.945686340332,0,0,5.24165678024292,1.00440573692322,
148,0,45.35329437,0,0,0,20.74604034,0,2.107162714,0,1.981558919,0,14.21648312,2.2814664840698202,0.312298208475113,3.62939429283142,0.596580445766449,3.16985726356506,23.5565853118896,75.9689407348633,0,0,5.24294662475586,1.00450170040131,
149,0,45.35564423,0,0,0,20.74704742,0,2.107221842,0,1.98157084,0,14.21697044,2.28154730796814,0.312301069498062,3.62971878051758,0.596618413925171,3.17027378082275,23.5691013336182,75.9921951293945,0,0,5.2441873550415,1.00459337234497,
150,0,45.35799408,0,0,0,20.74805641,0,2.10728097,0,1.98158288,0,14.21745682,2.28161239624023,0.312303274869919,3.63001656532288,0.596652925014496,3.17070722579956,23.5812969207764,76.0154495239258,0,0,5.24537372589111,1.00467705726624,
151,0,45.36034393,0,0,0,20.74906731,0,2.107339859,0,1.981595039,0,14.21794415,2.28167033195496,0.312305271625519,3.63029217720032,0.596684753894806,3.17115497589111,23.5931777954102,76.038703918457,0,0,5.24650859832764,1.00475430488586,
152,0,45.36504745,0,0,0,20.75109863,0,2.107458115,0,1.98161912,0,14.21892166,2.28173899650574,0.312307864427567,3.63056373596191,0.596716403961182,3.17161464691162,23.6047554016113,76.0619583129883,0,0,5.24760246276855,1.00483083724976,
153,0,45.36739349,0,0,0,20.75210953,0,2.107517004,0,1.98163116,0,14.21940708,2.28181290626526,0.312310636043549,3.63083219528198,0.596747875213623,3.17208456993103,23.6160373687744,76.085205078125,0,0,5.24865770339966,1.00490689277649,
154,0,45.36974335,0,0,0,20.75311852,0,2.107576132,0,1.981643319,0,14.21989441,2.28187489509583,0.312312841415405,3.63108325004578,0.596777260303497,3.17256307601929,23.6270313262939,76.1084442138672,0,0,5.24966955184937,1.00497770309448,
155,0,45.37208939,0,0,0,20.75411987,0,2.10763669,0,1.98165524,0,14.22038078,2.28193163871765,0.312314808368683,3.6313199996948202,0.596804857254028,3.17304849624634,23.6377429962158,76.1316757202148,0,0,5.25063943862915,1.00504446029663,
156,0,45.374443050000004,0,0,0,20.75514412,0,2.107696533,0,1.981667399,0,14.22087002,2.28198623657227,0.312316745519638,3.63154530525208,0.596831083297729,3.17353892326355,23.6481761932373,76.1548919677734,0,0,5.25157022476196,1.00510787963867,
157,0,45.37679291,0,0,0,20.7561512,0,2.107755184,0,1.98167944,0,14.22135735,2.28203964233398,0.312318682670593,3.63176107406616,0.596856236457825,3.17403316497803,23.6583423614502,76.178092956543,0,0,5.25246381759644,1.00516867637634,
158,0,45.37913895,0,0,0,20.75715637,0,2.107814074,0,1.98169148,0,14.22184372,2.28209209442139,0.312320560216904,3.6319682598114,0.596880435943604,3.1745297908783,23.6682472229004,76.2012786865234,0,0,5.25332260131836,1.0052273273468,
159,0,45.3814888,0,0,0,20.75816727,0,2.107873201,0,1.981703639,0,14.22232914,2.28214430809021,0.312322467565537,3.6321687698364298,0.596903920173645,3.17502737045288,23.6778964996338,76.2244491577148,0,0,5.25414800643921,1.00528407096863,
160,0,45.3814888,0,0,0,20.75816727,0,2.107873201,0,1.981703639,0,14.22232914,2.28218221664429,0.312323749065399,3.63234949111938,0.596924901008606,3.17552518844604,23.6872940063477,76.2476043701172,0,0,5.2549352645874,1.00533485412598,
161,0,45.38384247,0,0,0,20.75917816,0,2.107932091,0,1.981715679,0,14.22281837,2.28221368789673,0.312324792146683,3.63251399993896,0.596943795681,3.17602205276489,23.6964435577393,76.2707366943359,0,0,5.25568532943726,1.00538074970245,
162,0,45.38618851,0,0,0,20.76019096,0,2.10799098,0,1.9817276,0,14.22330475,2.28225612640381,0.312326371669769,3.63267874717712,0.596962988376617,3.17651677131653,23.7053565979004,76.2938461303711,0,0,5.25640869140625,1.00542712211609,
163,0,45.38853836,0,0,0,20.76120186,0,2.108050108,0,1.981739759,0,14.22379208,2.28230357170105,0.312328189611435,3.63284397125244,0.596982419490814,3.17700862884521,23.7140407562256,76.3169326782227,0,0,5.25710678100586,1.00547397136688,
164,0,45.38853836,0,0,0,20.76120186,0,2.108050108,0,1.981739759,0,14.22379208,2.28233957290649,0.312329441308975,3.63299560546875,0.597000062465668,3.17749714851379,23.7224998474121,76.3399963378906,0,0,5.25777387619019,1.00551664829254,
165,0,45.39088821,0,0,0,20.76220894,0,2.108110905,0,1.9817518,0,14.22428036,2.2823703289032,0.312330484390259,3.63313555717468,0.597016274929047,3.17798137664795,23.7307357788086,76.363037109375,0,0,5.25841045379639,1.0055558681488,
166,0,45.39088821,0,0,0,20.76220894,0,2.108110905,0,1.9817518,0,14.22428036,2.28239893913269,0.312331467866898,3.63326597213745,0.597031354904175,3.17846059799194,23.7387561798096,76.3860549926758,0,0,5.25901937484741,1.0055924654007,
167,0,45.39323807,0,0,0,20.76322365,0,2.108170033,0,1.981763959,0,14.22476768,2.28242635726929,0.312332451343536,3.63338851928711,0.597045481204987,3.17893433570862,23.7465648651123,76.4090423583984,0,0,5.25960111618042,1.00562679767609,
168,0,45.39558411,0,0,0,20.76423645,0,2.10822916,0,1.981775999,0,14.22525501,2.28246665000916,0.312334060668945,3.6335186958313,0.597060859203339,3.17940211296082,23.7541732788086,76.431999206543,0,0,5.26016569137573,1.00566387176514,
169,0,45.39558411,0,0,0,20.76423645,0,2.10822916,0,1.981775999,0,14.22525501,2.28249955177307,0.312335193157196,3.63364100456238,0.597075283527374,3.17986345291138,23.7615814208984,76.4549255371094,0,0,5.26070642471313,1.0056985616684,
170,0,45.39793777,0,0,0,20.76524544,0,2.10828805,0,1.98178792,0,14.22574139,2.28252863883972,0.312336206436157,3.63375687599182,0.597088873386383,3.18031811714172,23.7687969207764,76.4778137207031,0,0,5.26122426986694,1.00573146343231,
171,0,45.39793777,0,0,0,20.76524544,0,2.10828805,0,1.98178792,0,14.22574139,2.28255605697632,0.312337160110474,3.63386702537537,0.597101807594299,3.18076586723328,23.775821685791,76.5006713867188,0,0,5.26172065734863,1.00576281547546,
172,0,45.39793777,0,0,0,20.76524544,0,2.10828805,0,1.98178792,0,14.22574139,2.28256869316101,0.31233748793602,3.63395881652832,0.597112238407135,3.1812059879303,23.7826595306396,76.5234909057617,0,0,5.26218938827515,1.00578820705414,
173,0,45.40028381,0,0,0,20.76625633,0,2.108346939,0,1.981800079,0,14.226228710000001,2.28258848190308,0.312338262796402,3.6340491771698,0.597122609615326,3.18163847923279,23.7893161773682,76.5462951660156,0,0,5.26263856887817,1.00581336021423,
174,0,45.40028381,0,0,0,20.76625633,0,2.108346939,0,1.981800079,0,14.226228710000001,2.28261137008667,0.312339127063751,3.63413834571838,0.597132980823517,3.18206286430359,23.7957973480225,76.5690612792969,0,0,5.26307058334351,1.00583839416504,
175,0,45.40263367,0,0,0,20.76726341,0,2.108406067,0,1.981812,0,14.22671509,2.28263592720032,0.312340050935745,3.63422632217407,0.597143292427063,3.1824791431427,23.8021068572998,76.5917892456055,0,0,5.2634859085083,1.00586342811584,
176,0,45.40263367,0,0,0,20.76726341,0,2.108406067,0,1.981812,0,14.22671509,2.28266143798828,0.312340974807739,3.6343138217926,0.597153604030609,3.18288707733154,23.8082523345947,76.6144790649414,0,0,5.26388549804688,1.00588822364807,
177,0,45.40263367,0,0,0,20.76726341,0,2.108406067,0,1.981812,0,14.22671509,2.28267312049866,0.312341272830963,3.63438653945923,0.597161948680878,3.1832869052887,23.8142318725586,76.6371231079102,0,0,5.26426315307617,1.00590837001801,
178,0,45.40498352,0,0,0,20.76827621,0,2.108465195,0,1.98182404,0,14.22720242,2.28269243240356,0.312342017889023,3.63446092605591,0.597170650959015,3.18367791175842,23.8200531005859,76.6597290039063,0,0,5.26462650299072,1.00592947006226,
179,0,45.40498352,0,0,0,20.76827621,0,2.108465195,0,1.98182404,0,14.22720242,2.28271532058716,0.312342882156372,3.63453722000122,0.597179651260376,3.1840603351593,23.8257217407227,76.6822967529297,0,0,5.26497745513916,1.00595104694366,
180,0,45.40498352,0,0,0,20.76827621,0,2.108465195,0,1.98182404,0,14.22720242,2.28272604942322,0.312343180179596,3.63460040092468,0.597186863422394,3.18443441390991,23.8312377929688,76.7048263549805,0,0,5.26530838012695,1.00596868991852,
181,0,45.40733337,0,0,0,20.76929092,0,2.108524323,0,1.9818362,0,14.22768974,2.28274488449097,0.312343925237656,3.63466691970825,0.597194671630859,3.18479990959167,23.8366088867188,76.7273101806641,0,0,5.26562833786011,1.00598764419556,
182,0,45.40733337,0,0,0,20.76929092,0,2.108524323,0,1.9818362,0,14.22768974,2.28276753425598,0.312344819307327,3.63473677635193,0.597202956676483,3.18515682220459,23.8418388366699,76.7497482299805,0,0,5.26593828201294,1.0060076713562,
183,0,45.40733337,0,0,0,20.76929092,0,2.108524323,0,1.9818362,0,14.22768974,2.28277826309204,0.312345087528229,3.63479471206665,0.597209632396698,3.18550515174866,23.8469295501709,76.7721481323242,0,0,5.26623106002808,1.00602388381958,
184,0,45.40733337,0,0,0,20.76929092,0,2.108524323,0,1.9818362,0,14.22768974,2.28278303146362,0.312345176935196,3.63484263420105,0.597215056419373,3.18584489822388,23.8518829345703,76.7945022583008,0,0,5.26650714874268,1.00603711605072,
185,0,45.40968323,0,0,0,20.77029991,0,2.108583212,0,1.98184824,0,14.22817802,2.282799243927,0.312345862388611,3.63489699363709,0.597221374511719,3.18617606163025,23.8567028045654,76.8168106079102,0,0,5.26677513122559,1.00605249404907,
186,0,45.40968323,0,0,0,20.77029991,0,2.108583212,0,1.98184824,0,14.22817802,2.28282070159912,0.31234672665596,3.6349561214447,0.597228467464447,3.18649864196777,23.8613967895508,76.8390808105469,0,0,5.26703596115112,1.00606954097748,
187,0,45.40968323,0,0,0,20.77029991,0,2.108583212,0,1.98184824,0,14.22817802,2.28283047676086,0.312347024679184,3.63500499725342,0.597234189510345,3.18681311607361,23.8659648895264,76.8613052368164,0,0,5.26728200912476,1.00608336925507,
188,0,45.40968323,0,0,0,20.77029991,0,2.108583212,0,1.98184824,0,14.22817802,2.28283500671387,0.312347084283829,3.63504600524902,0.597238838672638,3.18711924552917,23.8704090118408,76.8834838867188,0,0,5.2675142288208,1.00609457492828,
189,0,45.40968323,0,0,0,20.77029991,0,2.108583212,0,1.98184824,0,14.22817802,2.2828369140625,0.312347143888474,3.63507986068726,0.597242593765259,3.18741703033447,23.8747329711914,76.9056167602539,0,0,5.26773357391357,1.00610363483429,
190,0,45.41203308,0,0,0,20.77131081,0,2.10864234,0,1.98186028,0,14.22866344,2.28285193443298,0.312347769737244,3.63512206077576,0.59724760055542,3.1877064704895,23.8789405822754,76.9277038574219,0,0,5.26794767379761,1.00611567497253,
191,0,45.41203308,0,0,0,20.77131081,0,2.10864234,0,1.98186028,0,14.22866344,2.28287291526794,0.312348634004593,3.63517141342163,0.597253620624542,3.18798804283142,23.8830394744873,76.9497451782227,0,0,5.26815795898438,1.00613009929657,
192,0,45.41203308,0,0,0,20.77131081,0,2.10864234,0,1.98186028,0,14.22866344,2.28288269042969,0.312348902225494,3.63521218299866,0.597258388996124,3.18826174736023,23.8870258331299,76.9717330932617,0,0,5.26835632324219,1.00614178180695,
193,0,45.41203308,0,0,0,20.77131081,0,2.10864234,0,1.98186028,0,14.22866344,2.28288698196411,0.312348991632462,3.63524627685547,0.597262263298035,3.18852782249451,23.890905380249,76.9936752319336,0,0,5.26854372024536,1.00615131855011,
194,0,45.41203308,0,0,0,20.77131081,0,2.10864234,0,1.98186028,0,14.22866344,2.28288912773132,0.312349021434784,3.63527464866638,0.597265422344208,3.18878626823425,23.8946800231934,77.0155639648438,0,0,5.2687201499939,1.00615906715393,
195,0,45.41203308,0,0,0,20.77131081,0,2.10864234,0,1.98186028,0,14.22866344,2.28289008140564,0.312349051237106,3.63529825210571,0.597267925739288,3.18903732299805,23.8983497619629,77.0374069213867,0,0,5.26888656616211,1.00616526603699,
196,0,45.41203308,0,0,0,20.77131081,0,2.10864234,0,1.98186028,0,14.22866344,2.2828905582428,0.312349051237106,3.6353178024292,0.597269952297211,3.18928074836731,23.9019184112549,77.059196472168,0,0,5.26904392242432,1.00617039203644,
197,0,45.41437912,0,0,0,20.7723217,0,2.108702898,0,1.98187232,0,14.22915077,2.28290486335754,0.312349677085876,3.6353483200073202,0.597273588180542,3.18951654434204,23.9053936004639,77.0809326171875,0,0,5.26919937133789,1.00617909431458,
198,0,45.41437912,0,0,0,20.7723217,0,2.108702898,0,1.98187232,0,14.22915077,2.2829258441925,0.312350541353226,3.63538789749146,0.597278475761414,3.18974542617798,23.9087772369385,77.1026153564453,0,0,5.26935434341431,1.00619077682495,
199,0,45.41437912,0,0,0,20.7723217,0,2.108702898,0,1.98187232,0,14.22915077,2.28293561935425,0.31235083937645,3.63542056083679,0.597282409667969,3.1899676322937,23.9120712280273,77.1242523193359,0,0,5.26950073242188,1.00620031356812,
200,0,45.41437912,0,0,0,20.7723217,0,2.108702898,0,1.98187232,0,14.22915077,2.28294014930725,0.312350898981094,3.63544750213623,0.597285628318787,3.19018292427063,23.9152755737305,77.1458358764648,0,0,5.26963901519775,1.00620806217194,
201,0,45.41437912,0,0,0,20.7723217,0,2.108702898,0,1.98187232,0,14.22915077,2.28294229507446,0.312350958585739,3.6354703903198202,0.597288191318512,3.19039177894592,23.9183921813965,77.167366027832,0,0,5.26976919174194,1.00621426105499,
202,0,45.41437912,0,0,0,20.7723217,0,2.108702898,0,1.98187232,0,14.22915077,2.28294324874878,0.312350958585739,3.63548922538757,0.597290277481079,3.19059419631958,23.921422958374,77.1888427734375,0,0,5.26989221572876,1.00621938705444,
203,0,45.41437912,0,0,0,20.7723217,0,2.108702898,0,1.98187232,0,14.22915077,2.28294372558594,0.312350958585739,3.63550448417664,0.597291946411133,3.19078993797302,23.9243717193604,77.2102661132813,0,0,5.2700080871582,1.00622355937958,
204,0,45.41437912,0,0,0,20.7723217,0,2.108702898,0,1.98187232,0,14.22915077,2.28294396400452,0.312350958585739,3.63551735877991,0.597293317317963,3.19097948074341,23.9272384643555,77.2316360473633,0,0,5.27011775970459,1.00622689723969,
205,0,45.41437912,0,0,0,20.7723217,0,2.108702898,0,1.98187232,0,14.22915077,2.28294396400452,0.312350958585739,3.63552808761597,0.597294449806213,3.19116282463074,23.9300270080566,77.2529525756836,0,0,5.27022075653076,1.00622963905334,
206,0,45.41437912,0,0,0,20.7723217,0,2.108702898,0,1.98187232,0,14.22915077,2.28294396400452,0.312350958585739,3.63553690910339,0.597295343875885,3.19134020805359,23.9327373504639,77.2742156982422,0,0,5.27031803131104,1.00623190402985,
207,0,45.41672897,0,0,0,20.77333069,0,2.108761311,0,1.98188436,0,14.22963905,2.2829577922821,0.312351584434509,3.63555836677551,0.5972980260849,3.19151163101196,23.935375213623,77.2954254150391,0,0,5.2704176902771,1.00623834133148,
208,0,45.41672897,0,0,0,20.77333069,0,2.108761311,0,1.98188436,0,14.22963905,2.28297781944275,0.312352418899536,3.63559055328369,0.597302198410034,3.19167757034302,23.9379463195801,77.3165817260742,0,0,5.2705192565918,1.00624799728394,
209,0,45.41672897,0,0,0,20.77333069,0,2.108761311,0,1.98188436,0,14.22963905,2.28298711776733,0.312352687120438,3.63561749458313,0.597305536270142,3.19183802604675,23.9404487609863,77.3376846313477,0,0,5.2706151008606,1.00625586509705,
210,0,45.41672897,0,0,0,20.77333069,0,2.108761311,0,1.98188436,0,14.22963905,2.28299140930176,0.312352806329727,3.63563966751099,0.597308218479156,3.19199347496033,23.9428844451904,77.3587265014648,0,0,5.27070569992065,1.00626230239868,
211,0,45.41672897,0,0,0,20.77333069,0,2.108761311,0,1.98188436,0,14.22963905,2.28299355506897,0.31235283613205,3.63565826416016,0.597310423851013,3.19214391708374,23.9452514648438,77.3797149658203,0,0,5.27079153060913,1.00626754760742,
212,0,45.41672897,0,0,0,20.77333069,0,2.108761311,0,1.98188436,0,14.22963905,2.28299450874329,0.31235283613205,3.63567352294922,0.597312211990356,3.19228935241699,23.9475555419922,77.4006500244141,0,0,5.27087211608887,1.00627183914185,
213,0,45.41672897,0,0,0,20.77333069,0,2.108761311,0,1.98188436,0,14.22963905,2.28299498558044,0.31235283613205,3.63568639755249,0.597313642501831,3.19242978096008,23.9497966766357,77.4215316772461,0,0,5.27094841003418,1.00627529621124,
214,0,45.41672897,0,0,0,20.77333069,0,2.108761311,0,1.98188436,0,14.22963905,2.28299522399902,0.31235283613205,3.63569664955139,0.597314774990082,3.19256567955017,23.9519748687744,77.4423522949219,0,0,5.27102041244507,1.0062780380249,
215,0,45.41672897,0,0,0,20.77333069,0,2.108761311,0,1.98188436,0,14.22963905,2.2829954624176,0.31235283613205,3.63570523262024,0.597315728664398,3.19269680976868,23.9540920257568,77.4631195068359,0,0,5.27108860015869,1.0062803030014,
216,0,45.41672897,0,0,0,20.77333069,0,2.108761311,0,1.98188436,0,14.22963905,2.2829954624176,0.31235283613205,3.63571262359619,0.597316443920136,3.19282364845276,23.9561519622803,77.4838333129883,0,0,5.27115249633789,1.00628221035004,
217,0,45.41672897,0,0,0,20.77333069,0,2.108761311,0,1.98188436,0,14.22963905,2.2829954624176,0.31235283613205,3.63571858406067,0.597317039966583,3.19294595718384,23.9581546783447,77.5044860839844,0,0,5.27121305465698,1.0062837600708,
218,0,45.41672897,0,0,0,20.77333069,0,2.108761311,0,1.98188436,0,14.22963905,2.2829954624176,0.31235283613205,3.63572359085083,0.597317516803741,3.19306397438049,23.9601020812988,77.5250854492188,0,0,5.27127027511597,1.0062849521637,
219,0,45.41672897,0,0,0,20.77333069,0,2.108761311,0,1.98188436,0,14.22963905,2.2829954624176,0.31235283613205,3.63572764396667,0.597317934036255,3.1931779384613,23.9619941711426,77.5456237792969,0,0,5.27132415771484,1.00628590583801,
220,0,45.41672897,0,0,0,20.77333069,0,2.108761311,0,1.98188436,0,14.22963905,2.2829954624176,0.31235283613205,3.63573098182678,0.597318232059479,3.19328761100769,23.9638328552246,77.5661087036133,0,0,5.27137470245361,1.00628674030304,
221,0,45.41672897,0,0,0,20.77333069,0,2.108761311,0,1.98188436,0,14.22963905,2.2829954624176,0.31235283613205,3.63573360443115,0.597318470478058,3.19339346885681,23.9656219482422,77.586540222168,0,0,5.27142286300659,1.00628745555878,
222,0,45.41672897,0,0,0,20.77333069,0,2.108761311,0,1.98188436,0,14.22963905,2.2829954624176,0.31235283613205,3.63573598861694,0.597318708896637,3.19349527359009,23.9673595428467,77.6069107055664,0,0,5.27146816253662,1.00628805160522,
223,0,45.41672897,0,0,0,20.77333069,0,2.108761311,0,1.98188436,0,14.22963905,2.2829954624176,0.31235283613205,3.63573789596558,0.597318887710571,3.19359350204468,23.969051361084,77.6272277832031,0,0,5.27151107788086,1.00628852844238,
224,0,45.41672897,0,0,0,20.77333069,0,2.108761311,0,1.98188436,0,14.22963905,2.2829954624176,0.31235283613205,3.63573956489563,0.597319006919861,3.19368815422058,23.9706935882568,77.6474838256836,0,0,5.27155160903931,1.00628888607025,
225,0,45.41672897,0,0,0,20.77333069,0,2.108761311,0,1.98188436,0,14.22963905,2.2829954624176,0.31235283613205,3.6357409954071,0.59731912612915,3.19377946853638,23.9722900390625,77.6676788330078,0,0,5.27158975601196,1.00628924369812,
226,0,45.41672897,0,0,0,20.77333069,0,2.108761311,0,1.98188436,0,14.22963905,2.2829954624176,0.31235283613205,3.6357421875,0.597319185733795,3.19386720657349,23.9738445281982,77.6878280639648,0,0,5.27162599563599,1.0062894821167,
227,0,45.41672897,0,0,0,20.77333069,0,2.108761311,0,1.98188436,0,14.22963905,2.2829954624176,0.31235283613205,3.63574290275574,0.59731924533844,3.19395160675049,23.9753532409668,77.7079162597656,0,0,5.27165985107422,1.00628960132599,
228,0,45.41672897,0,0,0,20.77333069,0,2.108761311,0,1.98188436,0,14.22963905,2.2829954624176,0.31235283613205,3.63574361801147,0.597319304943085,3.19403266906738,23.9768199920654,77.7279434204102,0,0,5.27169179916382,1.00628972053528,
229,0,45.41907501,0,0,0,20.77434158,0,2.108820915,0,1.9818964,0,14.23012447,2.28300952911377,0.312353491783142,3.63575839996338,0.597321331501007,3.19411063194275,23.97825050354,77.747917175293,0,0,5.27172946929932,1.00629448890686,
230,0,45.41907501,0,0,0,20.77434158,0,2.108820915,0,1.9818964,0,14.23012447,2.28302979469299,0.312354326248169,3.63578486442566,0.597324967384338,3.19418597221375,23.9796447753906,77.7678298950195,0,0,5.27177286148071,1.00630283355713,
231,0,45.41907501,0,0,0,20.77434158,0,2.108820915,0,1.9818964,0,14.23012447,2.28303909301758,0.31235459446907,3.63580679893494,0.597327888011932,3.19425868988037,23.9810028076172,77.7876815795898,0,0,5.27181386947632,1.00630962848663,
232,0,45.41907501,0,0,0,20.77434158,0,2.108820915,0,1.9818964,0,14.23012447,2.28304362297058,0.312354683876038,3.63582539558411,0.597330212593079,3.19432926177979,23.9823265075684,77.8074798583984,0,0,5.27185249328613,1.00631523132324,
233,0,45.41907501,0,0,0,20.77434158,0,2.108820915,0,1.9818964,0,14.23012447,2.28304576873779,0.31235471367836,3.63584065437317,0.597332119941711,3.19439744949341,23.9836158752441,77.8272171020508,0,0,5.27188873291016,1.00631976127625,
234,0,45.41907501,0,0,0,20.77434158,0,2.108820915,0,1.9818964,0,14.23012447,2.28304672241211,0.31235471367836,3.63585352897644,0.597333669662476,3.19446325302124,23.9848670959473,77.8469009399414,0,0,5.27192354202271,1.00632345676422,
235,0,45.41907501,0,0,0,20.77434158,0,2.108820915,0,1.9818964,0,14.23012447,2.28304719924927,0.31235471367836,3.6358642578125,0.597334921360016,3.19452691078186,23.986083984375,77.8665237426758,0,0,5.27195596694946,1.00632643699646,
236,0,45.41907501,0,0,0,20.77434158,0,2.108820915,0,1.9818964,0,14.23012447,2.28304743766785,0.31235471367836,3.63587307929993,0.597335934638977,3.19458818435669,23.987268447876,77.8860931396484,0,0,5.27198648452759,1.00632882118225,
237,0,45.41907501,0,0,0,20.77434158,0,2.108820915,0,1.9818964,0,14.23012447,2.2830476760864298,0.31235471367836,3.63588047027588,0.597336709499359,3.19464731216431,23.9884185791016,77.9056015014648,0,0,5.27201557159424,1.00633072853088,
238,0,45.41907501,0,0,0,20.77434158,0,2.108820915,0,1.9818964,0,14.23012447,2.2830476760864298,0.31235471367836,3.63588666915894,0.597337365150452,3.19470453262329,23.989538192749,77.9250564575195,0,0,5.27204275131226,1.00633227825165,
239,0,45.41907501,0,0,0,20.77434158,0,2.108820915,0,1.9818964,0,14.23012447,2.2830476760864298,0.31235471367836,3.6358916759491,0.597337901592255,3.19475960731506,23.9906253814697,77.944450378418,0,0,5.2720685005188,1.00633358955383,
240,0,45.41907501,0,0,0,20.77434158,0,2.108820915,0,1.9818964,0,14.23012447,2.2830476760864298,0.31235471367836,3.63589572906494,0.597338318824768,3.1948127746582,23.9916839599609,77.9637908935547,0,0,5.27209234237671,1.00633466243744,
241,0,45.41907501,0,0,0,20.77434158,0,2.108820915,0,1.9818964,0,14.23012447,2.2830476760864298,0.31235471367836,3.63589930534363,0.597338676452637,3.19486379623413,23.992712020874,77.9830780029297,0,0,5.2721152305603,1.00633549690247,
242,0,45.41907501,0,0,0,20.77434158,0,2.108820915,0,1.9818964,0,14.23012447,2.2830476760864298,0.31235471367836,3.635901927948,0.597338974475861,3.1949129104614298,23.9937114715576,78.0022964477539,0,0,5.27213668823242,1.0063362121582,
243,0,45.41907501,0,0,0,20.77434158,0,2.108820915,0,1.9818964,0,14.23012447,2.2830476760864298,0.31235471367836,3.63590431213379,0.59733921289444,3.19496035575867,23.9946842193604,78.0214614868164,0,0,5.27215719223022,1.00633680820465,
244,0,45.41907501,0,0,0,20.77434158,0,2.108820915,0,1.9818964,0,14.23012447,2.2830476760864298,0.31235471367836,3.63590621948242,0.597339391708374,3.19500613212585,23.9956302642822,78.0405731201172,0,0,5.27217626571655,1.00633728504181,
245,0,45.41907501,0,0,0,20.77434158,0,2.108820915,0,1.9818964,0,14.23012447,2.2830476760864298,0.31235471367836,3.6359076499939,0.597339510917664,3.19505023956299,23.9965476989746,78.0596237182617,0,0,5.27219438552856,1.00633764266968,
246,0,45.41907501,0,0,0,20.77434158,0,2.108820915,0,1.9818964,0,14.23012447,2.2830476760864298,0.31235471367836,3.63590884208679,0.597339630126953,3.19509267807007,23.9974384307861,78.07861328125,0,0,5.27221155166626,1.00633800029755,
247,0,45.41907501,0,0,0,20.77434158,0,2.108820915,0,1.9818964,0,14.23012447,2.2830476760864298,0.31235471367836,3.63591003417969,0.597339749336243,3.19513344764709,23.9983062744141,78.0975494384766,0,0,5.27222776412964,1.00633835792542,
248,0,45.41907501,0,0,0,20.77434158,0,2.108820915,0,1.9818964,0,14.23012447,2.2830476760864298,0.31235471367836,3.63591074943542,0.597339808940887,3.19517254829407,23.9991493225098,78.1164321899414,0,0,5.2722430229187,1.0063384771347,
249,0,45.41907501,0,0,0,20.77434158,0,2.108820915,0,1.9818964,0,14.23012447,2.2830476760864298,0.31235471367836,3.63591170310974,0.597339868545532,3.19521045684814,23.9999694824219,78.13525390625,0,0,5.27225780487061,1.00633859634399,
250,0,45.41907501,0,0,0,20.77434158,0,2.108820915,0,1.9818964,0,14.23012447,2.2830476760864298,0.31235471367836,3.63591241836548,0.597339928150177,3.19524669647217,24.0007648468018,78.1540145874023,0,0,5.27227163314819,1.00633871555328,
251,0,45.41907501,0,0,0,20.77434158,0,2.108820915,0,1.9818964,0,14.23012447,2.2830476760864298,0.31235471367836,3.63591265678406,0.597339987754822,3.19528150558472,24.0015392303467,78.172721862793,0,0,5.27228450775146,1.00633883476257,
252,0,45.41907501,0,0,0,20.77434158,0,2.108820915,0,1.9818964,0,14.23012447,2.2830476760864298,0.31235471367836,3.63591313362122,0.597339987754822,3.19531488418579,24.0022926330566,78.1913681030273,0,0,5.27229642868042,1.00633895397186,
253,0,45.41907501,0,0,0,20.77434158,0,2.108820915,0,1.9818964,0,14.23012447,2.2830476760864298,0.31235471367836,3.63591361045837,0.597339987754822,3.19534707069397,24.003023147583,78.2099609375,0,0,5.27230787277222,1.00633895397186,
254,0,45.41907501,0,0,0,20.77434158,0,2.108820915,0,1.9818964,0,14.23012447,2.2830476760864298,0.31235471367836,3.63591384887695,0.597339987754822,3.19537782669067,24.003734588623,78.2284927368164,0,0,5.2723183631897,1.00633895397186,
255,0,45.41907501,0,0,0,20.77434158,0,2.108820915,0,1.9818964,0,14.23012447,2.2830476760864298,0.31235471367836,3.63591384887695,0.597339987754822,3.19540762901306,24.0044250488281,78.2469711303711,0,0,5.27232885360718,1.00633895397186,
256,0,45.41907501,0,0,0,20.77434158,0,2.108820915,0,1.9818964,0,14.23012447,2.2830476760864298,0.31235471367836,3.63591384887695,0.597339987754822,3.19543623924255,24.0050964355469,78.2653884887695,0,0,5.27233839035034,1.00633895397186,
257,0,45.41907501,0,0,0,20.77434158,0,2.108820915,0,1.9818964,0,14.23012447,2.2830476760864298,0.31235471367836,3.63591384887695,0.597339987754822,3.19546365737915,24.0057506561279,78.2837524414063,0,0,5.27234745025635,1.00633895397186,
258,0,45.41907501,0,0,0,20.77434158,0,2.108820915,0,1.9818964,0,14.23012447,2.2830476760864298,0.31235471367836,3.63591384887695,0.597339987754822,3.19548988342285,24.0063858032227,78.3020553588867,0,0,5.2723560333252,1.00633895397186,
259,0,45.41907501,0,0,0,20.77434158,0,2.108820915,0,1.9818964,0,14.23012447,2.2830476760864298,0.31235471367836,3.63591384887695,0.597339987754822,3.19551515579224,24.0070037841797,78.3203048706055,0,0,5.27236413955688,1.00633895397186,
260,0,45.41907501,0,0,0,20.77434158,0,2.108820915,0,1.9818964,0,14.23012447,2.2830476760864298,0.31235471367836,3.63591384887695,0.597339987754822,3.1955394744873,24.0076026916504,78.338493347168,0,0,5.27237176895142,1.00633895397186,
261,0,45.41907501,0,0,0,20.77434158,0,2.108820915,0,1.9818964,0,14.23012447,2.2830476760864298,0.31235471367836,3.63591384887695,0.597339987754822,3.19556283950806,24.0081844329834,78.3566284179688,0,0,5.27237892150879,1.00633895397186,
262,0,45.41907501,0,0,0,20.77434158,0,2.108820915,0,1.9818964,0,14.23012447,2.2830476760864298,0.31235471367836,3.63591384887695,0.597339987754822,3.19558525085449,24.0087490081787,78.3747100830078,0,0,5.27238607406616,1.00633895397186,
263,0,45.41907501,0,0,0,20.77434158,0,2.108820915,0,1.9818964,0,14.23012447,2.2830476760864298,0.31235471367836,3.63591384887695,0.597339987754822,3.19560670852661,24.009298324585,78.3927383422852,0,0,5.27239227294922,1.00633895397186,
264,0,45.41907501,0,0,0,20.77434158,0,2.108820915,0,1.9818964,0,14.23012447,2.2830476760864298,0.31235471367836,3.63591384887695,0.597339987754822,3.19562721252441,24.0098342895508,78.4107055664063,0,0,5.27239847183228,1.00633895397186,
265,0,45.41907501,0,0,0,20.77434158,0,2.108820915,0,1.9818964,0,14.23012447,2.2830476760864298,0.31235471367836,3.63591384887695,0.597339987754822,3.1956467628479,24.0103549957275,78.4286117553711,0,0,5.27240419387817,1.00633895397186,
266,0,45.41907501,0,0,0,20.77434158,0,2.108820915,0,1.9818964,0,14.23012447,2.2830476760864298,0.31235471367836,3.63591384887695,0.597339987754822,3.19566559791565,24.0108585357666,78.4464721679688,0,0,5.27240943908691,1.00633895397186,
267,0,45.41907501,0,0,0,20.77434158,0,2.108820915,0,1.9818964,0,14.23012447,2.2830476760864298,0.31235471367836,3.63591384887695,0.597339987754822,3.19568371772766,24.0113487243652,78.4642715454102,0,0,5.27241468429565,1.00633895397186,
268,0,45.41907501,0,0,0,20.77434158,0,2.108820915,0,1.9818964,0,14.23012447,2.2830476760864298,0.31235471367836,3.63591384887695,0.597339987754822,3.19570112228394,24.0118255615234,78.4820175170898,0,0,5.27241945266724,1.00633895397186,
269,0,45.41907501,0,0,0,20.77434158,0,2.108820915,0,1.9818964,0,14.23012447,2.2830476760864298,0.31235471367836,3.63591384887695,0.597339987754822,3.19571757316589,24.0122890472412,78.4997024536133,0,0,5.27242422103882,1.00633895397186,
270,0,45.41907501,0,0,0,20.77434158,0,2.108820915,0,1.9818964,0,14.23012447,2.2830476760864298,0.31235471367836,3.63591384887695,0.597339987754822,3.19573354721069,24.0127372741699,78.517333984375,0,0,5.27242851257324,1.00633895397186,
271,0,45.41907501,0,0,0,20.77434158,0,2.108820915,0,1.9818964,0,14.23012447,2.2830476760864298,0.31235471367836,3.63591384887695,0.597339987754822,3.19574856758118,24.0131740570068,78.534912109375,0,0,5.27243232727051,1.00633895397186,
272,0,45.41907501,0,0,0,20.77434158,0,2.108820915,0,1.9818964,0,14.23012447,2.2830476760864298,0.31235471367836,3.63591384887695,0.597339987754822,3.1957631111145,24.013599395752,78.5524368286133,0,0,5.27243614196777,1.00633895397186,
273,0,45.41907501,0,0,0,20.77434158,0,2.108820915,0,1.9818964,0,14.23012447,2.2830476760864298,0.31235471367836,3.63591384887695,0.597339987754822,3.19577693939209,24.0140113830566,78.5699005126953,0,0,5.27243995666504,1.00633895397186,
274,0,45.41907501,0,0,0,20.77434158,0,2.108820915,0,1.9818964,0,14.23012447,2.2830476760864298,0.31235471367836,3.63591384887695,0.597339987754822,3.19579029083252,24.0144119262695,78.5873107910156,0,0,5.2724437713623,1.00633895397186,
275,0,45.41907501,0,0,0,20.77434158,0,2.108820915,0,1.9818964,0,14.23012447,2.2830476760864298,0.31235471367836,3.63591384887695,0.597339987754822,3.19580292701721,24.0148010253906,78.6046676635742,0,0,5.27244663238525,1.00633895397186,
276,0,45.41907501,0,0,0,20.77434158,0,2.108820915,0,1.9818964,0,14.23012447,2.2830476760864298,0.31235471367836,3.63591384887695,0.597339987754822,3.19581532478333,24.0151824951172,78.6219635009766,0,0,5.2724494934082,1.00633895397186,
277,0,45.41907501,0,0,0,20.77434158,0,2.108820915,0,1.9818964,0,14.23012447,2.2830476760864298,0.31235471367836,3.63591384887695,0.597339987754822,3.1958270072937,24.015552520752,78.6392135620117,0,0,5.27245235443115,1.00633895397186,
278,0,45.41907501,0,0,0,20.77434158,0,2.108820915,0,1.9818964,0,14.23012447,2.2830476760864298,0.31235471367836,3.63591384887695,0.597339987754822,3.1958384513855,24.0159111022949,78.6564025878906,0,0,5.2724552154541,1.00633895397186,
279,0,45.41907501,0,0,0,20.77434158,0,2.108820915,0,1.9818964,0,14.23012447,2.2830476760864298,0.31235471367836,3.63591384887695,0.597339987754822,3.19584918022156,24.0162582397461,78.6735382080078,0,0,5.27245807647705,1.00633895397186,
280,0,45.41907501,0,0,0,20.77434158,0,2.108820915,0,1.9818964,0,14.23012447,2.2830476760864298,0.31235471367836,3.63591384887695,0.597339987754822,3.19585943222046,24.0165958404541,78.6906204223633,0,0,5.27246046066284,1.00633895397186,
281,0,45.41907501,0,0,0,20.77434158,0,2.108820915,0,1.9818964,0,14.23012447,2.2830476760864298,0.31235471367836,3.63591384887695,0.597339987754822,3.19586944580078,24.0169239044189,78.707649230957,0,0,5.27246284484863,1.00633895397186,
282,0,45.41907501,0,0,0,20.77434158,0,2.108820915,0,1.9818964,0,14.23012447,2.2830476760864298,0.31235471367836,3.63591384887695,0.597339987754822,3.19587898254395,24.0172424316406,78.7246246337891,0,0,5.27246475219727,1.00633895397186,
283,0,45.41907501,0,0,0,20.77434158,0,2.108820915,0,1.9818964,0,14.23012447,2.2830476760864298,0.31235471367836,3.63591384887695,0.597339987754822,3.19588804244995,24.0175533294678,78.7415390014648,0,0,5.2724666595459,1.00633895397186,
284,0,45.41907501,0,0,0,20.77434158,0,2.108820915,0,1.9818964,0,14.23012447,2.2830476760864298,0.31235471367836,3.63591384887695,0.597339987754822,3.1958966255188,24.0178546905518,78.7583999633789,0,0,5.27246856689453,1.00633895397186,
285,0,45.41907501,0,0,0,20.77434158,0,2.108820915,0,1.9818964,0,14.23012447,2.2830476760864298,0.31235471367836,3.63591384887695,0.597339987754822,3.19590497016907,24.0181465148926,78.7752151489258,0,0,5.27247047424316,1.00633895397186,
286,0,45.41907501,0,0,0,20.77434158,0,2.108820915,0,1.9818964,0,14.23012447,2.2830476760864298,0.31235471367836,3.63591384887695,0.597339987754822,3.19591283798218,24.0184307098389,78.7919769287109,0,0,5.27247190475464,1.00633895397186,
287,0,45.41907501,0,0,0,20.77434158,0,2.108820915,0,1.9818964,0,14.23012447,2.2830476760864298,0.31235471367836,3.63591384887695,0.597339987754822,3.19592022895813,24.0187072753906,78.8086776733398,0,0,5.27247333526611,1.00633895397186,
288,0,45.41907501,0,0,0,20.77434158,0,2.108820915,0,1.9818964,0,14.23012447,2.2830476760864298,0.31235471367836,3.63591384887695,0.597339987754822,3.1959273815155,24.0189762115479,78.825325012207,0,0,5.27247476577759,1.00633895397186,
289,0,45.41907501,0,0,0,20.77434158,0,2.108820915,0,1.9818964,0,14.23012447,2.2830476760864298,0.31235471367836,3.63591384887695,0.597339987754822,3.1959342956543,24.0192375183105,78.841926574707,0,0,5.27247619628906,1.00633895397186,
290,0,45.41907501,0,0,0,20.77434158,0,2.108820915,0,1.9818964,0,14.23012447,2.2830476760864298,0.31235471367836,3.63591384887695,0.597339987754822,3.19594097137451,24.0194911956787,78.8584747314453,0,0,5.27247762680054,1.00633895397186,
291,0,45.41907501,0,0,0,20.77434158,0,2.108820915,0,1.9818964,0,14.23012447,2.2830476760864298,0.31235471367836,3.63591384887695,0.597339987754822,3.19594717025757,24.0197372436523,78.8749694824219,0,0,5.27247905731201,1.00633895397186,
292,0,45.41907501,0,0,0,20.77434158,0,2.108820915,0,1.9818964,0,14.23012447,2.2830476760864298,0.31235471367836,3.63591384887695,0.597339987754822,3.19595313072205,24.0199775695801,78.8914031982422,0,0,5.27248048782349,1.00633895397186,
293,0,45.41907501,0,0,0,20.77434158,0,2.108820915,0,1.9818964,0,14.23012447,2.2830476760864298,0.31235471367836,3.63591384887695,0.597339987754822,3.19595885276794,24.0202102661133,78.9077835083008,0,0,5.2724814414978,1.00633895397186,
294,0,45.41907501,0,0,0,20.77434158,0,2.108820915,0,1.9818964,0,14.23012447,2.2830476760864298,0.31235471367836,3.63591384887695,0.597339987754822,3.19596457481384,24.020435333252,78.9241104125977,0,0,5.27248239517212,1.00633895397186,
295,0,45.41907501,0,0,0,20.77434158,0,2.108820915,0,1.9818964,0,14.23012447,2.2830476760864298,0.31235471367836,3.63591384887695,0.597339987754822,3.19596982002258,24.0206546783447,78.9403915405273,0,0,5.27248334884644,1.00633895397186,
296,0,45.41907501,0,0,0,20.77434158,0,2.108820915,0,1.9818964,0,14.23012447,2.2830476760864298,0.31235471367836,3.63591384887695,0.597339987754822,3.19597482681274,24.0208683013916,78.9566192626953,0,0,5.27248430252075,1.00633895397186,
297,0,45.41907501,0,0,0,20.77434158,0,2.108820915,0,1.9818964,0,14.23012447,2.2830476760864298,0.31235471367836,3.63591384887695,0.597339987754822,3.19597959518433,24.0210762023926,78.9727935791016,0,0,5.27248525619507,1.00633895397186,
298,0,45.41907501,0,0,0,20.77434158,0,2.108820915,0,1.9818964,0,14.23012447,2.2830476760864298,0.31235471367836,3.63591384887695,0.597339987754822,3.19598412513733,24.021276473999,78.9889144897461,0,0,5.27248573303223,1.00633895397186,
299,0,45.41907501,0,0,0,20.77434158,0,2.108820915,0,1.9818964,0,14.23012447,2.2830476760864298,0.31235471367836,3.63591384887695,0.597339987754822,3.19598841667175,24.0214729309082,79.0049819946289,0,0,5.27248620986938,1.00633895397186,
300,0,45.41907501,0,0,0,20.77434158,0,2.108820915,0,1.9818964,0,14.23012447,2.2830476760864298,0.31235471367836,3.63591384887695,0.597339987754822,3.1959924697876,24.0216617584229,79.02099609375,0,0,5.27248668670654,1.00633895397186,
