"Time Step","Softwood Merchantable","Hardwood Merchantable","Softwood Submerchantable","Hardwood Submerchantable","Softwood Other","Hardwood Other","Softwood Foliage","Hardwood Foliage","Softwood Fine Roots","Hardwood Fine Roots","Softwood Coarse Roots","Hardwood Coarse Roots","Aboveground Very Fast DOM","Belowground Very Fast DOM","Aboveground Fast DOM","Belowground Fast DOM","Medium DOM","Aboveground Slow DOM","Belowground Slow DOM","Softwood Stem Snag","Softwood Branch Snag","Hardwood Stem Snag","Hardwood Branch Snag",
0,0,0.07277396321,0,0,0,0.1650641263,0,0.02464197017,0,0.214239195,0,0.3159170747,2.51834106445313,0.440942883491516,26.2760944366455,6.22987174987793,9.33809566497803,24.9749412536621,79.3143844604492,0,0,2.3768056416884e-4,7.4592797318473e-4,
1,0,0.2607918084,0,0,0,0.4769079387,0,0.06359326839,0,0.4042361975,0,0.6489164829,1.2336277961731,0.178025260567665,21.2325115203857,5.03518867492676,8.86986637115479,25.4317264556885,79.4707489013672,0,0,0.00131373596377671,0.00350783951580524,
2,0,0.5490021706,0,0,0,0.8748492599,0,0.1100279167,0,0.5731011629,0,0.9969768524,0.683164834976196,0.110313154757023,17.1708450317383,4.07310342788696,8.42514801025391,25.5975761413574,79.5654220581055,0,0,0.00388460932299495,0.00896197650581598,
3,0,0.9289098978,0,0,0,1.333348513,0,0.161501959,0,0.7230071425,0,1.357268095,0.473085552453995,0.104831486940384,13.9042873382568,3.2989764213562,8.00280666351318,25.5830268859863,79.6265640258789,0,0,0.00849290285259485,0.0172687713056803,
4,0,1.39372313,0,0,0,1.835921407,0,0.2165365815,0,0.8559169769,0,1.727072477,0.420125931501389,0.117964349687099,11.2814521789551,2.67673349380493,7.60178279876709,25.4514293670654,79.6661224365234,0,0,0.0156007604673505,0.0283688176423311,
5,0,1.937331676,0,0,0,2.370392799,0,0.274087429,0,0.9736346006,0,2.103861809,0.438997328281403,0.135533004999161,9.1797046661377,2.17722034454346,7.22108364105225,25.2417812347412,79.6901702880859,0,0,0.0256021823734045,0.042084276676178,
6,0,2.553927422,0,0,0,2.927158117,0,0.333358109,0,1.077814937,0,2.485319138,0.489987462759018,0.153046250343323,7.49970626831055,1.77687132358551,6.85977745056152,24.979793548584,79.7024307250977,0,0,0.0388300716876984,0.0581720769405365,
7,0,3.237837791,0,0,0,3.498365641,0,0.3937141895,0,1.169967055,0,2.869338036,0.55459451675415,0.169190734624863,6.16098070144653,1.45663738250732,6.51699018478394,24.6834297180176,79.7055053710938,0,0,0.0555611103773117,0.0763556063175201,
8,0,3.983450651,0,0,0,4.077471733,0,0.4546368718,0,1.251459241,0,3.25401783,0.624195635318756,0.183685481548309,5.09832334518433,1.20111799240112,6.19189977645874,24.3657703399658,79.7013320922852,0,0,0.0760195478796959,0.0963447913527489,
9,0,4.78518486,0,0,0,4.658972263,0,0.5156952143,0,1.323526144,0,3.63765645,0.694775104522705,0.196575418114662,4.25888919830322,0.997861087322235,5.88373231887817,24.0365982055664,79.6914138793945,0,0,0.10038046538829801,0.117849282920361,
10,0,5.637482166,0,0,0,5.238223076,0,0.5765276551,0,1.387275338,0,4.01873827,0.764469563961029,0.207999050617218,3.59984230995178,0.836797177791595,5.59175729751587,23.7033348083496,79.6769638061523,0,0,0.12877269089222,0.140586987137794,
11,0,6.534819126,0,0,0,5.811318398,0,0.6368297935,0,1.44369638,0,4.395924568,0.832423686981201,0.218112796545029,3.08644866943359,0.709782600402832,5.31528615951538,23.3716354370117,79.6589126586914,0,0,0.161281645298004,0.164289861917496,
12,0,7.471719742,0,0,0,6.374991417,0,0.6963449717,0,1.493670225,0,4.76803875,0.898256361484528,0.22706708312034601,2.69053888320923,0.610230386257172,5.05366563796997,23.0457992553711,79.6380157470703,0,0,0.19795198738575,0.188707396388054,
13,0,8.442778587,0,0,0,6.926543236,0,0.7548572421,0,1.537978053,0,5.134058475,0.961810111999512,0.234999299049377,2.3892617225647,0.53281182050705,4.80627822875977,22.7290554046631,79.6148910522461,0,0,0.238790333271027,0.213608935475349,
14,0,9.44268322,0,0,0,7.463776112,0,0.8121858835,0,1.577310681,0,5.493096828,1.02303373813629,0.242032438516617,2.16407632827759,0.473215818405151,4.57253694534302,22.4237976074219,79.5900115966797,0,0,0.283767938613892,0.238784655928612,
15,0,10.46623898,0,0,0,7.984941483,0,0.868180871,0,1.61227715,0,5.844398499,1.08192753791809,0.248275727033615,1.99993801116943,0.427954018115997,4.35188293457031,22.1317462921143,79.5637817382813,0,0,0.33282333612442,0.264046102762222,
16,0,11.50839138,0,0,0,8.48869133,0,0.922719121,0,1.643412828,0,6.187322617,1.13851642608643,0.253825694322586,1.88463807106018,0.394203543663025,4.1437840461731,21.8540954589844,79.5365142822266,0,0,0.385865092277527,0.289225965738297,
17,0,12.56424999,0,0,0,8.974032402,0,0.9757012129,0,1.671187878,0,6.52133894,1.19283747673035,0.258767157793045,1.80826997756958,0.369679927825928,3.9477322101593,21.5916137695313,79.5084609985352,0,0,0.442774325609207,0.314177602529526,
18,0,13.62911129,0,0,0,9.44028759,0,1.027048826,0,1.696014047,0,6.846009731,1.24493455886841,0.263174742460251,1.76279711723328,0.352534264326096,3.76324081420898,21.3447303771973,79.4798355102539,0,0,0.503407657146454,0.338774114847183,
19,0,14.94753742,0,0,0,9.60623455,0,1.062155604,0,1.717624307,0,7.151758671,1.29160296916962,0.267080724239349,1.73826360702515,0.34123295545578,3.58984327316284,21.1127815246582,79.4507904052734,0,0,0.568413078784943,0.361638426780701,
20,0,15.99920559,0,0,0,9.880639076,0,1.106472373,0,1.7354743480000001,0,7.422785759,1.33368539810181,0.270452827215195,1.72796010971069,0.33443495631218,3.42711615562439,20.8950176239014,79.4214172363281,0,0,0.63750147819519,0.382226765155792,
21,0,17.04056168,0,0,0,10.16704655,0,1.150035143,0,1.751960158,0,7.68977499,1.37512266635895,0.273378193378448,1.7302680015564,0.331117361783981,3.27464866638184,20.691478729248,79.3917922973633,0,0,0.709538102149963,0.401508122682571,
22,0,18.06393433,0,0,0,10.46117401,0,1.192465663,0,1.767096639,0,7.950590134,1.41564333438873,0.276013016700745,1.74285292625427,0.330569356679916,3.13201594352722,20.5020523071289,79.3620071411133,0,0,0.784264802932739,0.419815450906754,
23,0,19.07065964,0,0,0,10.76151085,0,1.233784437,0,1.78103888,0,8.205493927,1.4550553560257,0.278417646884918,1.7637791633606,0.332209259271622,2.99880647659302,20.3265132904053,79.332145690918,0,0,0.86141699552536,0.437393486499786,
24,0,20.05901337,0,0,0,11.06598854,0,1.273901939,0,1.793885946,0,8.454035759,1.49327325820923,0.280625492334366,1.79145860671997,0.335566580295563,2.87462139129639,20.1645603179932,79.3023071289063,0,0,0.940743803977966,0.454425036907196,
25,0,21.02724266,0,0,0,11.37271881,0,1.312741876,0,1.805729628,0,8.695803642,1.53023493289948,0.282657563686371,1.82457232475281,0.340257912874222,2.75907444953918,20.0158367156982,79.2725601196289,0,0,1.02199721336365,0.471040993928909,
26,0,21.97077751,0,0,0,11.67904186,0,1.350127101,0,1.8166219,0,8.929731369,1.5658665895462,0.284528493881226,1.86200475692749,0.345967531204224,2.65179109573364,19.8799304962158,79.2429656982422,0,0,1.10492241382599,0.487327188253403,
27,0,22.89069557,0,0,0,11.98424053,0,1.386118174,0,1.826674342,0,9.156188011,1.60012054443359,0.28625163435936,1.90281784534454,0.352437704801559,2.55240774154663,19.7563934326172,79.2135772705078,0,0,1.18926763534546,0.503338217735291,
28,0,23.78796005,0,0,0,12.28773785,0,1.420773625,0,1.8359828,0,9.375518799,1.63301587104797,0.287842392921448,1.94624578952789,0.359463185071945,2.46057152748108,19.6447601318359,79.1844482421875,0,0,1.27480161190033,0.519112706184387,
29,0,24.65795708,0,0,0,12.58715153,0,1.453939676,0,1.844576836,0,9.586715698,1.66455030441284,0.289312481880188,1.99163472652435,0.366875499486923,2.3759400844574,19.544548034668,79.1556091308594,0,0,1.36129462718964,0.534668564796448,
30,0,25.50429153,0,0,0,12.88301659,0,1.485784411,0,1.852560759,0,9.790785789,1.69473552703857,0.290672838687897,2.03843569755554,0.374538600444794,2.2981812953949,19.4552688598633,79.1271057128906,0,0,1.448526263237,0.550012171268463,
31,0,26.32501793,0,0,0,13.17401886,0,1.516264081,0,1.859975338,0,9.987379074,1.72361528873444,0.291934698820114,2.0861988067627,0.382345259189606,2.22697305679321,19.3764324188232,79.0989685058594,0,0,1.53629422187805,0.565145075321198,
32,0,27.11818886,0,0,0,13.45890045,0,1.545338988,0,1.866856933,0,10.17616367,1.75119733810425,0.293105870485306,2.13452744483948,0.390206158161163,2.16200304031372,19.3075428009033,79.0712356567383,0,0,1.62439441680908,0.580056965351105,
33,0,27.88717079,0,0,0,13.73836517,0,1.573167205,0,1.873281479,0,10.35806179,1.7775194644928,0.294194847345352,2.18309545516968,0.398051500320435,2.10296869277954,19.2481136322021,79.0439300537109,0,0,1.71263945102692,0.594736933708191,
34,0,28.62728691,0,0,0,14.01025677,0,1.59961307,0,1.879251122,0,10.53209209,1.802610039711,0.295208543539047,2.23162174224854,0.405824720859528,2.04957675933838,19.1976642608643,79.0170669555664,0,0,1.80084776878357,0.609169542789459,
35,0,29.34441185,0,0,0,14.27631855,0,1.624917269,0,1.884848952,0,10.69975185,1.82651174068451,0.296153753995895,2.2798738479614298,0.413482189178467,2.00154328346252,19.1557216644287,78.9906768798828,0,0,1.88885200023651,0.623340368270874,
36,0,30.03643227,0,0,0,14.53543091,0,1.649037838,0,1.890088677,0,10.86064816,1.84929537773132,0.297037839889526,2.32767581939697,0.420993119478226,1.9585930109024,19.1218280792236,78.9647750854492,0,0,1.97650647163391,0.637240469455719,
37,0,30.70125008,0,0,0,14.78647232,0,1.671932817,0,1.894982457,0,11.0144043,1.87097692489624,0.297864556312561,2.37485432624817,0.428329616785049,1.92046082019806,19.0955390930176,78.9393844604492,0,0,2.06366038322449,0.650852620601654,
38,0,31.34192848,0,0,0,15.03028584,0,1.693737388,0,1.899576664,0,11.16182518,1.89158928394318,0.298638314008713,2.42126631736755,0.435470759868622,1.88688969612122,19.076416015625,78.9145126342773,0,0,2.1501739025116,0.664161264896393,
39,0,31.95888519,0,0,0,15.26679039,0,1.71449542,0,1.903894782,0,11.30309868,1.91119182109833,0.299364179372787,2.46680808067322,0.442403763532639,1.85763156414032,19.0640392303467,78.8901748657227,0,0,2.23592686653137,0.677157461643219,
40,0,32.55249405,0,0,0,15.49587822,0,1.734243631,0,1.907957435,0,11.43839169,1.92983341217041,0.300046145915985,2.511394739151,0.449119716882706,1.83244693279266,19.0580043792725,78.8663864135742,0,0,2.32080817222595,0.689832806587219,
41,0,33.12310791,0,0,0,15.71748352,0,1.753022552,0,1.911782265,0,11.56786537,1.94755637645721,0.30068764090538,2.55495572090149,0.45561271905899,1.81110513210297,19.0579242706299,78.8431549072266,0,0,2.4047155380249,0.702180027961731,
42,0,33.67104721,0,0,0,15.93152809,0,1.770863533,0,1.915385127,0,11.69166279,1.96439898014069,0.301291465759277,2.59743332862854,0.461879253387451,1.79338395595551,19.0634250640869,78.8205032348633,0,0,2.48755502700806,0.714192152023315,
43,0,34.19914246,0,0,0,16.13895988,0,1.78788197,0,1.91879642,0,11.81049252,1.98041415214539,0.301861047744751,2.63879442214966,0.467919886112213,1.77906930446625,19.0741500854492,78.7984313964844,0,0,2.5692472457885702,0.725867807865143,
44,0,34.7026062,0,0,0,16.3377285,0,1.80394578,0,1.921995878,0,11.92333889,1.99562418460846,0.30239799618721,2.67899703979492,0.473733842372894,1.76795542240143,19.0897521972656,78.7769393920898,0,0,2.6497118473053,0.737200736999512,
45,0,35.18673706,0,0,0,16.52978325,0,1.81924355,0,1.925026059,0,12.03144932,2.0100531578064,0.302904069423676,2.71800684928894,0.479321479797363,1.75984466075897,19.1099033355713,78.7560424804688,0,0,2.72887444496155,0.748185336589813,
46,0,35.65174866,0,0,0,16.71507645,0,1.833800316,0,1.927896142,0,12.13492107,2.02376341819763,0.303382605314255,2.75582432746887,0.484688490629196,1.75454676151276,19.1342849731445,78.7357482910156,0,0,2.80668258666992,0.758825659751892,
47,0,36.09784317,0,0,0,16.89358902,0,1.847640038,0,1.930613995,0,12.23384857,2.03679585456848,0.303835541009903,2.7924497127533,0.4898402094841,1.75187945365906,19.1626033782959,78.7160568237305,0,0,2.88308811187744,0.76912480592727706,
48,0,36.52272034,0,0,0,17.06428528,0,1.860705376,0,1.933171868,0,12.32776642,2.04916191101074,0.30426350235939,2.8278694152832,0.494779467582703,1.75166833400726,19.1945667266846,78.6969604492188,0,0,2.95803904533386,0.779080510139465,
49,0,36.93153,0,0,0,17.229129790000002,0,1.873169661,0,1.935606003,0,12.41785431,2.06089472770691,0.304668307304382,2.86208653450012,0.499511510133743,1.75374603271484,19.2299003601074,78.6784744262695,0,0,3.03149557113647,0.788694977760315,
50,0,37.32194519,0,0,0,17.38711739,0,1.884979248,0,1.937906981,0,12.50363827,2.07203769683838,0.305051892995834,2.89511799812317,0.504043340682983,1.75795221328735,19.2683448791504,78.6605987548828,0,0,3.10342907905579,0.797974467277527,
51,0,37.69410324,0,0,0,17.53820801,0,1.896147728,0,1.940079689,0,12.58518219,2.08260226249695,0.30541467666626,2.92696380615234,0.508378922939301,1.76413381099701,19.3096504211426,78.6433334350586,0,0,3.17380523681641,0.806919395923615,
52,0,38.0530777,0,0,0,17.68439674,0,1.906838536,0,1.942157388,0,12.66362667,2.09263586997986,0.305758774280548,2.95765256881714,0.512526452541351,1.77214467525482,19.3535823822021,78.6266708374023,0,0,3.24260926246643,0.815538823604584,
53,0,38.39405441,0,0,0,17.82366562,0,1.916920424,0,1.944115162,0,12.73795128,2.1021671295166,0.306085377931595,2.98720812797546,0.516492903232574,1.78184509277344,19.3999214172363,78.6106185913086,0,0,3.30982780456543,0.823840081691742,
54,0,38.72204971,0,0,0,17.95799255,0,1.926551223,0,1.945984125,0,12.80927277,2.11121654510498,0.306395202875137,3.01565027236938,0.520284354686737,1.7931022644043,19.4484539031982,78.5951690673828,0,0,3.37544894218445,0.831828892230988,
55,0,39.03471375,0,0,0,18.086383819999998,0,1.935669541,0,1.947753549,0,12.87710381,2.11981606483459,0.306689530611038,3.04300999641418,0.523908257484436,1.8057895898819,19.4989833831787,78.5803298950195,0,0,3.43947005271912,0.839514374732971,
56,0,39.33213806,0,0,0,18.20881462,0,1.944287539,0,1.949425936,0,12.94148731,2.12796902656555,0.306968361139297,3.06929898262024,0.52736884355545,1.81978678703308,19.5513191223145,78.5660934448242,0,0,3.50188136100769,0.846899449825287,
57,0,39.61684418,0,0,0,18.32627296,0,1.952486515,0,1.951017141,0,13.00298977,2.13569951057434,0.307232677936554,3.09454083442688,0.530672013759613,1.83497905731201,19.6052742004395,78.5524444580078,0,0,3.56268215179443,0.853990614414215,
58,0,39.88890457,0,0,0,18.43876266,0,1.960274339,0,1.952529669,0,13.06164265,2.1430387496948202,0.30748376250267,3.11877012252808,0.533824861049652,1.85125756263733,19.6606826782227,78.5393981933594,0,0,3.62188005447388,0.860797941684723,
59,0,40.15080643,0,0,0,18.54728127,0,1.967727661,0,1.953977942,0,13.11800098,2.15002131462097,0.307722955942154,3.14202928543091,0.536835551261902,1.86851918697357,19.7173843383789,78.5269317626953,0,0,3.67949080467224,0.867333889007568,
60,0,40.39776993,0,0,0,18.64981079,0,1.974718451,0,1.955337405,0,13.17104816,2.15665197372437,0.307950109243393,3.1643397808075,0.539708733558655,1.88666641712189,19.7752323150635,78.5150604248047,0,0,3.73552203178406,0.873604118824005,
61,0,40.63468933,0,0,0,18.74834061,0,1.981390715,0,1.956635714,0,13.22184944,2.16293597221375,0.308165401220322,3.18571925163269,0.5424485206604,1.90560686588287,19.8340797424316,78.5037612915039,0,0,3.78998064994812,0.879613041877747,
62,0,40.86161804,0,0,0,18.8428936,0,1.987747908,0,1.957874179,0,13.27043056,2.16891074180603,0.308370351791382,3.20621109008789,0.545062482357025,1.92525279521942,19.8937931060791,78.4930419921875,0,0,3.8428897857666,0.885373413562775,
63,0,41.07858658,0,0,0,18.93343735,0,1.993797898,0,1.959053636,0,13.31680489,2.17459583282471,0.308565646409988,3.22585153579712,0.54755699634552,1.94552171230316,19.9542484283447,78.4828796386719,0,0,3.89427161216736,0.890895485877991,
64,0,41.28324509,0,0,0,19.01898575,0,1.999476314,0,1.960162282,0,13.36048603,2.17998719215393,0.30875089764595,3.24465608596802,0.549935221672058,1.96633625030518,20.0153255462646,78.4732818603516,0,0,3.94413924217224,0.896183013916016,
65,0,41.4804306,0,0,0,19.10152435,0,2.004924297,0,1.96122694,0,13.4025116,2.18510127067566,0.30892676115036,3.26265215873718,0.552201986312866,1.98762273788452,20.0769100189209,78.4642333984375,0,0,3.99251365661621,0.901243627071381,
66,0,41.66778183,0,0,0,19.18005943,0,2.010079622,0,1.96223557,0,13.44238758,2.18996429443359,0.309094250202179,3.27987670898438,0.554363310337067,2.00931215286255,20.1389007568359,78.4557418823242,0,0,4.03942155838013,0.9060879945755,
67,0,41.84533691,0,0,0,19.25458717,0,2.01494503,0,1.96318841,0,13.48013115,2.19457387924194,0.309253096580505,3.29634618759155,0.556422293186188,2.03133988380432,20.2011966705322,78.4477996826172,0,0,4.08488178253174,0.91072016954422,
68,0,42.01550674,0,0,0,19.32610321,0,2.019588947,0,1.964099288,0,13.5162611,2.19894623756409,0.309403896331787,3.31208872795105,0.558383405208588,2.05364489555359,20.2637004852295,78.4403839111328,0,0,4.12891960144043,0.915148019790649,
69,0,42.17832947,0,0,0,19.39461899,0,2.0240178109999998,0,1.964968681,0,13.55079174,2.20310568809509,0.309547662734985,3.32714176177979,0.560252606868744,2.07616996765137,20.3263320922852,78.4334945678711,0,0,4.1715669631958,0.919382572174072,
70,0,42.33381653,0,0,0,19.46011353,0,2.028231382,0,1.965796947,0,13.58372879,2.20706582069397,0.309684723615646,3.34153652191162,0.562034606933594,2.09886193275452,20.3890113830566,78.4271240234375,0,0,4.21285486221313,0.92343270778656,
71,0,42.48199844,0,0,0,19.52260399,0,2.032232285,0,1.966584802,0,13.61508751,2.21083307266235,0.309815287590027,3.3552987575531,0.563733398914337,2.12167096138,20.4516620635986,78.421272277832,0,0,4.25281095504761,0.927305519580841,
72,0,42.62288284,0,0,0,19.58207893,0,2.036026001,0,1.967331886,0,13.64487171,2.21441221237183,0.309939384460449,3.36845064163208,0.565352261066437,2.14455080032349,20.5142154693604,78.4159240722656,0,0,4.29146289825439,0.931006848812103,
73,0,42.75650024,0,0,0,19.63853645,0,2.039610863,0,1.968039274,0,13.67309093,2.21780633926392,0.310057133436203,3.38100981712341,0.566893875598907,2.16745805740356,20.5766048431396,78.4110794067383,0,0,4.32883644104004,0.934541523456573,
74,0,42.88286209,0,0,0,19.69198036,0,2.042992592,0,1.968707323,0,13.69975662,2.22101807594299,0.310168623924255,3.392991065979,0.568360507488251,2.19035291671753,20.638765335083,78.4067230224609,0,0,4.36495637893677,0.937913298606873,
75,0,43.00436783,0,0,0,19.74341202,0,2.046233892,0,1.969348192,0,13.72537422,2.22406458854675,0.310274511575699,3.40442109107971,0.569756090641022,2.21319770812988,20.7006397247314,78.4028472900391,0,0,4.39985322952271,0.941130042076111,
76,0,43.12102509,0,0,0,19.79284096,0,2.049337626,0,1.969962716,0,13.74995041,2.22696924209595,0.31037575006485,3.41533637046814,0.571085870265961,2.2359573841095,20.7621784210205,78.3994369506836,0,0,4.43356418609619,0.944202423095703,
77,0,43.23284531,0,0,0,19.84023666,0,2.052306414,0,1.970550776,0,13.77348804,2.22974419593811,0.310472637414932,3.42576694488525,0.572354078292847,2.25860071182251,20.8233375549316,78.3964996337891,0,0,4.46612501144409,0.947139024734497,
78,0,43.33746338,0,0,0,19.8846283,0,2.055076361,0,1.97110033,0,13.79549408,2.23238062858582,0.310564666986465,3.43572378158569,0.573562204837799,2.28109836578369,20.884069442749,78.3940124511719,0,0,4.49755954742432,0.949942588806152,
79,0,43.43726349,0,0,0,19.92700386,0,2.057712317,0,1.971623898,0,13.8164711,2.23487424850464,0.310651689767838,3.44521594047546,0.574711441993713,2.30342316627502,20.9443321228027,78.391975402832,0,0,4.52789354324341,0.952615141868591,
80,0,43.53226089,0,0,0,19.96736717,0,2.060216427,0,1.972121596,0,13.83642769,2.23723959922791,0.310734331607819,3.45426535606384,0.575804889202118,2.32555079460144,21.0040855407715,78.390380859375,0,0,4.55715656280518,0.95516300201416,
81,0,43.62246323,0,0,0,20.00571442,0,2.06258893,0,1.972593546,0,13.85536289,2.23948359489441,0.310812801122665,3.46289038658142,0.576845049858093,2.34745812416077,21.0632953643799,78.3892211914063,0,0,4.58537769317627,0.95759117603302,
82,0,43.71023941,0,0,0,20.04305077,0,2.06489253,0,1.973052502,0,13.87377739,2.241623878479,0.310887843370438,3.47111964225769,0.577835857868195,2.36912488937378,21.1219272613525,78.3884735107422,0,0,4.6125922203064,0.959908246994019,
83,0,43.79323578,0,0,0,20.07837486,0,2.067065716,0,1.973485827,0,13.89117908,2.2436695098877,0.310959726572037,3.47897744178772,0.578780651092529,2.39053249359131,21.1799583435059,78.3881454467773,0,0,4.63883304595947,0.962121427059174,
84,0,43.87144852,0,0,0,20.11168671,0,2.069110394,0,1.973893881,0,13.90757084,2.24561023712158,0.311027824878693,3.48647022247314,0.579680144786835,2.41166424751282,21.2373638153076,78.3882369995117,0,0,4.66412448883057,0.964231848716736,
85,0,43.94488907,0,0,0,20.1429863,0,2.071027756,0,1.974276662,0,13.92295456,2.24744248390198,0.311092078685761,3.49360299110413,0.580534875392914,2.43250513076782,21.2941112518311,78.3887100219727,0,0,4.6884880065918,0.966240465641022,
86,0,44.01830673,0,0,0,20.1742878,0,2.07294035,0,1.974658966,0,13.93832493,2.24919319152832,0.311153680086136,3.50040817260742,0.58134937286377,2.45304155349731,21.3501873016357,78.3895797729492,0,0,4.71196031570435,0.968157231807709,
87,0,44.08458328,0,0,0,20.2025547,0,2.074664116,0,1.975004077,0,13.95219326,2.25086045265198,0.31121239066124,3.5068986415863,0.582125246524811,2.47326183319092,21.4055690765381,78.3908386230469,0,0,4.73456764221191,0.969985604286194,
88,0,44.14847183,0,0,0,20.22980881,0,2.076323509,0,1.975336075,0,13.96555519,2.25242972373962,0.311267524957657,3.51307058334351,0.5828617811203,2.49315524101257,21.4602375030518,78.392463684082,0,0,4.75632858276367,0.971723675727844,
89,0,44.20997238,0,0,0,20.25605965,0,2.077919722,0,1.975655675,0,13.97841358,2.25392365455627,0.311320126056671,3.51894950866699,0.583562552928925,2.5127124786377,21.5141773223877,78.3944625854492,0,0,4.7772741317749,0.973379254341125,
90,0,44.26908875,0,0,0,20.28130531,0,2.079450369,0,1.975962639,0,13.99076748,2.25535202026367,0.311370551586151,3.52455687522888,0.584230303764343,2.53192567825317,21.5673751831055,78.3968200683594,0,0,4.79743528366089,0.974958717823029,
91,0,44.32582474,0,0,0,20.30553818,0,2.080918074,0,1.976257086,0,14.00261879,2.25672006607056,0.311418950557709,3.52991008758545,0.584867298603058,2.55078840255737,21.6198253631592,78.399528503418,0,0,4.81684017181396,0.976467132568359,
92,0,44.37781143,0,0,0,20.32775879,0,2.082262039,0,1.976526856,0,14.01347637,2.25801610946655,0.311464726924896,3.53500962257385,0.585473418235779,2.56929492950439,21.671516418457,78.4025726318359,0,0,4.83550834655762,0.977903962135315,
93,0,44.42742538,0,0,0,20.34896851,0,2.08354044,0,1.976783872,0,14.02383423,2.25923442840576,0.311507642269135,3.53985595703125,0.586048603057861,2.58744096755981,21.7224349975586,78.4059524536133,0,0,4.85345792770386,0.979268968105316,
94,0,44.47702026,0,0,0,20.37017441,0,2.084819555,0,1.977040887,0,14.03418159,2.26040124893188,0.311548948287964,3.54447746276855,0.586596727371216,2.60522270202637,21.772575378418,78.40966796875,0,0,4.8707218170166,0.98057097196579,
95,0,44.5218811,0,0,0,20.38936615,0,2.085974932,0,1.977273107,0,14.04354191,2.26151537895203,0.311588406562805,3.54888391494751,0.587118983268738,2.62263751029968,21.8219375610352,78.4136962890625,0,0,4.88732194900513,0.981812596321106,
96,0,44.5667305,0,0,0,20.40855598,0,2.087127924,0,1.977505326,0,14.05289555,2.26257538795471,0.311625957489014,3.5530834197998,0.587616324424744,2.63968372344971,21.8705139160156,78.4180374145508,0,0,4.90328121185303,0.982996046543121,
97,0,44.60684967,0,0,0,20.42572784,0,2.088159084,0,1.97771275,0,14.06126022,2.26358103752136,0.311661541461945,3.55708265304565,0.588089525699615,2.65636038780212,21.9183025360107,78.4226837158203,0,0,4.91861963272095,0.984122931957245,
98,0,44.64696121,0,0,0,20.4428978,0,2.089188099,0,1.977920175,0,14.06962013,2.2645320892334,0.31169518828392,3.5608868598938,0.588539242744446,2.67266702651978,21.9652976989746,78.4276275634766,0,0,4.93335771560669,0.985194861888886,
99,0,44.68470383,0,0,0,20.45906448,0,2.090156317,0,1.978115201,0,14.07748604,2.26544332504272,0.311727553606033,3.56451535224915,0.58896791934967,2.68860387802124,22.0115013122559,78.4328689575195,0,0,4.94752073287964,0.986217439174652,
100,0,44.72007751,0,0,0,20.47421646,0,2.091062069,0,1.978298068,0,14.08485603,2.26630711555481,0.311758160591125,3.56796932220459,0.589375674724579,2.70417213439941,22.0569133758545,78.4383926391602,0,0,4.96112537384033,0.987190783023834,
101,0,44.7530899,0,0,0,20.48835945,0,2.091908932,0,1.978468537,0,14.09173107,2.26712012290955,0.31178691983223,3.57124948501587,0.589762508869171,2.71937322616577,22.1015319824219,78.4441833496094,0,0,4.97418785095215,0.988114893436432,
102,0,44.78609085,0,0,0,20.50249672,0,2.092751503,0,1.978638887,0,14.09860325,2.26789498329163,0.311814427375793,3.5743715763092,0.59013044834137,2.73420929908752,22.1453609466553,78.4502563476563,0,0,4.98673105239868,0.988994359970093,
103,0,44.81673813,0,0,0,20.51563835,0,2.093535662,0,1.978797197,0,14.10498524,2.26863718032837,0.311840832233429,3.57734799385071,0.590481102466583,2.74868273735046,22.1884021759033,78.4565887451172,0,0,4.99877643585205,0.989832997322083,
104,0,44.84501266,0,0,0,20.52776146,0,2.09425807,0,1.97894299,0,14.11087036,2.26933622360229,0.311865627765656,3.58017492294312,0.590813815593719,2.76279640197754,22.2306594848633,78.4631805419922,0,0,5.01033639907837,0.990629374980927,
105,0,44.87329483,0,0,0,20.53988838,0,2.094980001,0,1.979089022,0,14.11675739,2.27000045776367,0.311889201402664,3.58286356925964,0.591130077838898,2.77655386924744,22.2721366882324,78.4700164794922,0,0,5.02143049240112,0.991386771202087,
106,0,44.90156555,0,0,0,20.55200577,0,2.095700741,0,1.979234695,0,14.1226387,2.27064800262451,0.311912357807159,3.58543729782104,0.591432988643646,2.78995871543884,22.3128395080566,78.4770965576172,0,0,5.03208494186401,0.992112278938293,
107,0,44.92512131,0,0,0,20.5621109,0,2.096302748,0,1.97935617,0,14.12753963,2.27125954627991,0.311934113502502,3.58788728713989,0.591721177101135,2.80301523208618,22.3527755737305,78.4844207763672,0,0,5.04230928421021,0.992802917957306,
108,0,44.94867325,0,0,0,20.57222176,0,2.09690237,0,1.979477644,0,14.13243961,2.27182626724243,0.311954110860825,3.59020590782166,0.591993510723114,2.81572771072388,22.3919467926025,78.4919738769531,0,0,5.05211210250854,0.993456065654755,
109,0,44.97222519,0,0,0,20.58231926,0,2.097501516,0,1.979598999,0,14.13733673,2.27237129211426,0.311973541975021,3.59241557121277,0.592253029346466,2.82810068130493,22.4303588867188,78.4997406005859,0,0,5.06151723861694,0.994078576564789,
110,0,44.993415830000004,0,0,0,20.59141731,0,2.098041296,0,1.979708076,0,14.14174461,2.27289223670959,0.311992138624191,3.59452056884766,0.592500150203705,2.84013915061951,22.4680194854736,78.5077285766602,0,0,5.07053899765015,0.994671821594238,
111,0,45.01460648,0,0,0,20.60050774,0,2.098580122,0,1.979817271,0,14.14614773,2.27338767051697,0.312009781599045,3.59652471542358,0.592735290527344,2.85184812545776,22.5049381256104,78.5159225463867,0,0,5.07919216156006,0.995236575603485,
112,0,45.03343582,0,0,0,20.60860062,0,2.099059343,0,1.979914308,0,14.15006351,2.2738573551178,0.312026470899582,3.59843039512634,0.592958807945251,2.8632333278656,22.5411186218262,78.5243301391602,0,0,5.08748865127563,0.995773613452911,
113,0,45.05226898,0,0,0,20.61667824,0,2.099538565,0,1.980011225,0,14.15397835,2.27430057525635,0.312042236328125,3.60024046897888,0.593170940876007,2.8742995262146,22.5765724182129,78.5329360961914,0,0,5.09544086456299,0.996283411979675,
114,0,45.07109833,0,0,0,20.62476158,0,2.100017548,0,1.980108142,0,14.15789032,2.27473187446594,0.312057673931122,3.60197067260742,0.593373894691467,2.88505268096924,22.611307144165,78.5417404174805,0,0,5.10306930541992,0.996771156787872,
115,0,45.08757019,0,0,0,20.63183594,0,2.100435495,0,1.980193019,0,14.16131496,2.27514290809631,0.312072366476059,3.60362076759338,0.593567430973053,2.89549851417542,22.6453304290771,78.5507431030273,0,0,5.11038398742676,0.997236371040344,
116,0,45.10404587,0,0,0,20.63890648,0,2.100852966,0,1.980277777,0,14.1647377,2.27553057670593,0.312086164951324,3.60519003868103,0.593751311302185,2.90564298629761,22.6786518096924,78.5599212646484,0,0,5.11739444732666,0.997678756713867,
117,0,45.12051392,0,0,0,20.64598274,0,2.101272106,0,1.980362535,0,14.16815853,2.27590727806091,0.312099695205688,3.60669207572937,0.593927502632141,2.91549181938171,22.7112827301025,78.5692825317383,0,0,5.12411785125732,0.99810254573822,
118,0,45.13463211,0,0,0,20.65204239,0,2.101629972,0,1.980435133,0,14.17109203,2.27626490592957,0.31211245059967,3.60812425613403,0.594095408916473,2.92505097389221,22.7432327270508,78.5788116455078,0,0,5.1305627822876,0.998506665229797,
119,0,45.14875031,0,0,0,20.65811539,0,2.101988316,0,1.980507731,0,14.17402554,2.27659940719604,0.312124311923981,3.60948395729065,0.594254732131958,2.93432688713074,22.7745056152344,78.5885162353516,0,0,5.13673734664917,0.998890101909637,
120,0,45.1605072,0,0,0,20.66316414,0,2.102286339,0,1.980568171,0,14.1764679,2.27690887451172,0.312135249376297,3.61076927185059,0.594405114650726,2.94332528114319,22.8051128387451,78.5983734130859,0,0,5.14264869689941,0.999252378940582,
121,0,45.17462158,0,0,0,20.66922951,0,2.102643967,0,1.980640888,0,14.17939949,2.27720713615417,0.312145888805389,3.61199331283569,0.594548285007477,2.95205235481262,22.8350639343262,78.6083908081055,0,0,5.14831256866455,0.999597251415253,
122,0,45.18637848,0,0,0,20.67428017,0,2.102941751,0,1.980701327,0,14.1818409,2.27749967575073,0.312156438827515,3.61316585540771,0.594685554504395,2.96051383018494,22.864372253418,78.6185607910156,0,0,5.15374183654785,0.999927997589111,
123,0,45.19813919,0,0,0,20.67932701,0,2.103238583,0,1.980761647,0,14.18428135,2.27777528762817,0.312166303396225,3.61428141593933,0.594816148281097,2.96871614456177,22.8930435180664,78.6288681030273,0,0,5.15894269943237,1.00024271011353,
124,0,45.20754623,0,0,0,20.6833744,0,2.103477001,0,1.980810165,0,14.18623543,2.2780294418335,0.312175303697586,3.6153359413147,0.594939351081848,2.97666525840759,22.921085357666,78.6393356323242,0,0,5.16391944885254,1.00053977966309,
125,0,45.21695328,0,0,0,20.68741035,0,2.103715658,0,1.980858445,0,14.1881876,2.27825951576233,0.312183380126953,3.61632513999939,0.595054626464844,2.98436713218689,22.94850730896,78.6499328613281,0,0,5.16867828369141,1.00081789493561,
126,0,45.22871399,0,0,0,20.69247246,0,2.10401392,0,1.980918884,0,14.19062996,2.27849245071411,0.312191784381866,3.61727452278137,0.595165491104126,2.99182724952698,22.9753227233887,78.6606674194336,0,0,5.1732382774353,1.00108528137207,
127,0,45.23811722,0,0,0,20.69651794,0,2.104250908,0,1.980967283,0,14.19258213,2.27872681617737,0.312200307846069,3.61819100379944,0.595272779464722,2.99905180931091,23.0015449523926,78.6715240478516,0,0,5.17761087417603,1.0013439655304,
128,0,45.24516678,0,0,0,20.69954872,0,2.104430437,0,1.981003523,0,14.19404697,2.27893328666687,0.312207579612732,3.61905121803284,0.595373213291168,3.00604701042175,23.0271797180176,78.6825103759766,0,0,5.18179082870483,1.00158631801605,
129,0,45.25457764,0,0,0,20.7035923,0,2.104666948,0,1.981051803,0,14.1960001,2.27912712097168,0.312214434146881,3.61986541748047,0.595468163490295,3.0128185749054,23.0522346496582,78.6936187744141,0,0,5.18578958511353,1.00181543827057,
130,0,45.26163101,0,0,0,20.70662689,0,2.104846716,0,1.981088161,0,14.19746399,2.27931523323059,0.312221199274063,3.62064099311829,0.59555858373642,3.01937222480774,23.0767230987549,78.7048492431641,0,0,5.18961715698242,1.00203382968903,
131,0,45.27103424,0,0,0,20.71066856,0,2.105083466,0,1.981136441,0,14.19941521,2.27950048446655,0.312227874994278,3.6213846206665,0.595645427703857,3.02571368217468,23.1006546020508,78.716194152832,0,0,5.19328355789185,1.00224339962006,
132,0,45.27808762,0,0,0,20.71369743,0,2.105262518,0,1.981172681,0,14.20087814,2.27968430519104,0.312234550714493,3.62210130691528,0.595729351043701,3.03184866905212,23.1240406036377,78.7276382446289,0,0,5.19679689407349,1.00244581699371,
133,0,45.28514099,0,0,0,20.71673393,0,2.10544157,0,1.981208801,0,14.20234299,2.27985405921936,0.312240570783615,3.62278175354004,0.595808982849121,3.03778266906738,23.1468925476074,78.7391891479492,0,0,5.20015859603882,1.00263798236847,
134,0,45.28983688,0,0,0,20.71874619,0,2.105559587,0,1.981232882,0,14.20331669,2.28000259399414,0.312245756387711,3.62341785430908,0.595883071422577,3.04352140426636,23.1692161560059,78.750846862793,0,0,5.20336961746216,1.00281703472137,
135,0,45.29689026,0,0,0,20.72177696,0,2.105737209,0,1.98126924,0,14.20477962,2.2801411151886,0.31225061416626,3.62401676177979,0.595952808856964,3.04906988143921,23.1910190582275,78.7625961303711,0,0,5.2064380645752,1.00298535823822,
136,0,45.30393982,0,0,0,20.72480965,0,2.105916262,0,1.98130548,0,14.20624256,2.28028917312622,0.312256067991257,3.62459945678711,0.596020877361298,3.05443334579468,23.2123165130615,78.7744445800781,0,0,5.20938014984131,1.00314974784851,
137,0,45.30864334,0,0,0,20.72684097,0,2.106034517,0,1.98132956,0,14.20721912,2.28042793273926,0.312261044979095,3.62515473365784,0.596085727214813,3.05961728096008,23.233118057251,78.7863922119141,0,0,5.21219491958618,1.00330638885498,
138,0,45.31334305,0,0,0,20.72886276,0,2.10615325,0,1.98135376,0,14.20819664,2.28054809570313,0.312265247106552,3.62567257881165,0.596145987510681,3.06462693214417,23.2534275054932,78.7984237670898,0,0,5.21488189697266,1.0034521818161,
139,0,45.31804657,0,0,0,20.73088455,0,2.106272936,0,1.981377959,0,14.20917225,2.28065991401672,0.31226921081543,3.62615942955017,0.596202552318573,3.06946706771851,23.2732563018799,78.8105392456055,0,0,5.21744823455811,1.00358891487122,
140,0,45.32509613,0,0,0,20.73391151,0,2.106450558,0,1.98141408,0,14.21063328,2.28078198432922,0.312273681163788,3.62663459777832,0.596258103847504,3.07414245605469,23.2926158905029,78.8227310180664,0,0,5.21990919113159,1.00372302532196,
141,0,45.32979584,0,0,0,20.73593903,0,2.106568575,0,1.981438279,0,14.21160793,2.28090810775757,0.31227833032608,3.62710022926331,0.596312761306763,3.07865810394287,23.3115215301514,78.8350067138672,0,0,5.2222695350647,1.0038548707962,
142,0,45.33214569,0,0,0,20.73694611,0,2.106627703,0,1.981450319,0,14.21209621,2.28100848197937,0.3122818171978,3.62752962112427,0.596362829208374,3.0830192565918,23.3299732208252,78.8473510742188,0,0,5.22452020645142,1.0039758682251,
143,0,45.3368454,0,0,0,20.73896599,0,2.106746197,0,1.981474519,0,14.21307087,2.28109693527222,0.312284857034683,3.62792897224426,0.59640920162200906,3.08722996711731,23.3479804992676,78.8597564697266,0,0,5.22666692733765,1.00408804416656,
144,0,45.3415451,0,0,0,20.74098778,0,2.106865644,0,1.98149848,0,14.21404648,2.28119373321533,0.312288373708725,3.6283175945282,0.596454501152039,3.09129476547241,23.3655567169189,78.8722381591797,0,0,5.22872352600098,1.00419747829437,
145,0,45.34624481,0,0,0,20.74300766,0,2.1069839,0,1.981522679,0,14.21502018,2.28129482269287,0.312292128801346,3.62869691848755,0.596498966217041,3.09521818161011,23.3827133178711,78.8847885131836,0,0,5.23069524765015,1.00430476665497,
146,0,45.34859848,0,0,0,20.74402046,0,2.107043266,0,1.9815347190000001,0,14.21550751,2.28138327598572,0.312295258045197,3.6290545463562,0.596540808677673,3.09900498390198,23.3994541168213,78.8973922729492,0,0,5.23257923126221,1.00440573692322,
147,0,45.35329437,0,0,0,20.74604034,0,2.107162714,0,1.981558919,0,14.21648312,2.2814664840698202,0.312298208475113,3.62939429283142,0.596580445766449,3.10265922546387,23.4157905578613,78.9100646972656,0,0,5.23438024520874,1.00450170040131,
148,0,45.35564423,0,0,0,20.74704742,0,2.107221842,0,1.98157084,0,14.21697044,2.28154730796814,0.312301069498062,3.62971878051758,0.596618413925171,3.10618495941162,23.4317283630371,78.9227905273438,0,0,5.23610305786133,1.00459337234497,
149,0,45.35799408,0,0,0,20.74805641,0,2.10728097,0,1.98158288,0,14.21745682,2.28161239624023,0.312303274869919,3.63001656532288,0.596652925014496,3.10958623886108,23.4472751617432,78.9355697631836,0,0,5.23774433135986,1.00467705726624,
150,0,45.36034393,0,0,0,20.74906731,0,2.107339859,0,1.981595039,0,14.21794415,2.28167033195496,0.312305271625519,3.63029217720032,0.596684753894806,3.11286687850952,23.4624404907227,78.9484024047852,0,0,5.23930883407593,1.00475430488586,
151,0,45.36504745,0,0,0,20.75109863,0,2.107458115,0,1.98161912,0,14.21892166,2.28173899650574,0.312307864427567,3.63056373596191,0.596716403961182,3.11603045463562,23.4772319793701,78.9612884521484,0,0,5.24080801010132,1.00483083724976,
152,0,45.36739349,0,0,0,20.75210953,0,2.107517004,0,1.98163116,0,14.21940708,2.28181290626526,0.312310636043549,3.63083219528198,0.596747875213623,3.11908102035522,23.491662979126,78.9742126464844,0,0,5.2422456741333,1.00490689277649,
153,0,45.36974335,0,0,0,20.75311852,0,2.107576132,0,1.981643319,0,14.21989441,2.28187489509583,0.312312841415405,3.63108325004578,0.596777260303497,3.1220223903656,23.5057373046875,78.987190246582,0,0,5.24361801147461,1.00497770309448,
154,0,45.37208939,0,0,0,20.75411987,0,2.10763669,0,1.98165524,0,14.22038078,2.28193163871765,0.312314808368683,3.6313199996948202,0.596804857254028,3.12485814094543,23.5194644927979,79.0002059936523,0,0,5.24492835998535,1.00504446029663,
155,0,45.374443050000004,0,0,0,20.75514412,0,2.107696533,0,1.981667399,0,14.22087002,2.28198623657227,0.312316745519638,3.63154530525208,0.596831083297729,3.12759137153625,23.5328483581543,79.0132598876953,0,0,5.24618053436279,1.00510787963867,
156,0,45.37679291,0,0,0,20.7561512,0,2.107755184,0,1.98167944,0,14.22135735,2.28203964233398,0.312318682670593,3.63176107406616,0.596856236457825,3.13022541999817,23.5459003448486,79.0263519287109,0,0,5.24737739562988,1.00516867637634,
157,0,45.37913895,0,0,0,20.75715637,0,2.107814074,0,1.98169148,0,14.22184372,2.28209209442139,0.312320560216904,3.6319682598114,0.596880435943604,3.13276386260986,23.5586280822754,79.0394744873047,0,0,5.24852228164673,1.0052273273468,
158,0,45.3814888,0,0,0,20.75816727,0,2.107873201,0,1.981703639,0,14.22232914,2.28214430809021,0.312322467565537,3.6321687698364298,0.596903920173645,3.13521003723145,23.5710353851318,79.0526351928711,0,0,5.24961853027344,1.00528407096863,
159,0,45.3814888,0,0,0,20.75816727,0,2.107873201,0,1.981703639,0,14.22232914,2.28218221664429,0.312323749065399,3.63234949111938,0.596924901008606,3.13756680488586,23.5831317901611,79.0658264160156,0,0,5.25066041946411,1.00533485412598,
160,0,45.38384247,0,0,0,20.75917816,0,2.107932091,0,1.981715679,0,14.22281837,2.28221368789673,0.312324792146683,3.63251399993896,0.596943795681,3.13983702659607,23.5949211120605,79.0790481567383,0,0,5.25165128707886,1.00538074970245,
161,0,45.38618851,0,0,0,20.76019096,0,2.10799098,0,1.9817276,0,14.22330475,2.28225612640381,0.312326371669769,3.63267874717712,0.596962988376617,3.14202356338501,23.6064128875732,79.0922927856445,0,0,5.25260210037231,1.00542712211609,
162,0,45.38853836,0,0,0,20.76120186,0,2.108050108,0,1.981739759,0,14.22379208,2.28230357170105,0.312328189611435,3.63284397125244,0.596982419490814,3.14412927627563,23.6176166534424,79.1055603027344,0,0,5.25351428985596,1.00547397136688,
163,0,45.38853836,0,0,0,20.76120186,0,2.108050108,0,1.981739759,0,14.22379208,2.28233957290649,0.312329441308975,3.63299560546875,0.597000062465668,3.14615726470947,23.6285343170166,79.1188507080078,0,0,5.25438356399536,1.00551664829254,
164,0,45.39088821,0,0,0,20.76220894,0,2.108110905,0,1.9817518,0,14.22428036,2.2823703289032,0.312330484390259,3.63313555717468,0.597016274929047,3.14810967445374,23.6391754150391,79.1321716308594,0,0,5.25521087646484,1.0055558681488,
165,0,45.39088821,0,0,0,20.76220894,0,2.108110905,0,1.9817518,0,14.22428036,2.28239893913269,0.312331467866898,3.63326597213745,0.597031354904175,3.14998960494995,23.6495456695557,79.1455078125,0,0,5.25599956512451,1.0055924654007,
166,0,45.39323807,0,0,0,20.76322365,0,2.108170033,0,1.981763959,0,14.22476768,2.28242635726929,0.312332451343536,3.63338851928711,0.597045481204987,3.15179920196533,23.6596488952637,79.1588592529297,0,0,5.256751537323,1.00562679767609,
167,0,45.39558411,0,0,0,20.76423645,0,2.10822916,0,1.981775999,0,14.22525501,2.28246665000916,0.312334060668945,3.6335186958313,0.597060859203339,3.15354084968567,23.6694984436035,79.172233581543,0,0,5.25747632980347,1.00566387176514,
168,0,45.39558411,0,0,0,20.76423645,0,2.10822916,0,1.981775999,0,14.22525501,2.28249955177307,0.312335193157196,3.63364100456238,0.597075283527374,3.15521740913391,23.6790943145752,79.1856155395508,0,0,5.25816822052002,1.0056985616684,
169,0,45.39793777,0,0,0,20.76524544,0,2.10828805,0,1.98178792,0,14.22574139,2.28252863883972,0.312336206436157,3.63375687599182,0.597088873386383,3.15683078765869,23.6884460449219,79.1990127563477,0,0,5.25882863998413,1.00573146343231,
170,0,45.39793777,0,0,0,20.76524544,0,2.10828805,0,1.98178792,0,14.22574139,2.28255605697632,0.312337160110474,3.63386702537537,0.597101807594299,3.1583833694458,23.6975593566895,79.2124176025391,0,0,5.25945997238159,1.00576281547546,
171,0,45.39793777,0,0,0,20.76524544,0,2.10828805,0,1.98178792,0,14.22574139,2.28256869316101,0.31233748793602,3.63395881652832,0.597112238407135,3.15987730026245,23.7064342498779,79.225830078125,0,0,5.26005601882935,1.00578820705414,
172,0,45.40028381,0,0,0,20.76625633,0,2.108346939,0,1.981800079,0,14.226228710000001,2.28258848190308,0.312338262796402,3.6340491771698,0.597122609615326,3.16131448745728,23.7150783538818,79.2392654418945,0,0,5.2606258392334,1.00581336021423,
173,0,45.40028381,0,0,0,20.76625633,0,2.108346939,0,1.981800079,0,14.226228710000001,2.28261137008667,0.312339127063751,3.63413834571838,0.597132980823517,3.16269683837891,23.7234992980957,79.2527084350586,0,0,5.26117086410522,1.00583839416504,
174,0,45.40263367,0,0,0,20.76726341,0,2.108406067,0,1.981812,0,14.22671509,2.28263592720032,0.312340050935745,3.63422632217407,0.597143292427063,3.16402626037598,23.7317028045654,79.2661514282227,0,0,5.26169300079346,1.00586342811584,
175,0,45.40263367,0,0,0,20.76726341,0,2.108406067,0,1.981812,0,14.22671509,2.28266143798828,0.312340974807739,3.6343138217926,0.597153604030609,3.1653048992157,23.7396945953369,79.2795944213867,0,0,5.26219367980957,1.00588822364807,
176,0,45.40263367,0,0,0,20.76726341,0,2.108406067,0,1.981812,0,14.22671509,2.28267312049866,0.312341272830963,3.63438653945923,0.597161948680878,3.16653490066528,23.7474765777588,79.2930450439453,0,0,5.26266622543335,1.00590837001801,
177,0,45.40498352,0,0,0,20.76827621,0,2.108465195,0,1.98182404,0,14.22720242,2.28269243240356,0.312342017889023,3.63446092605591,0.597170650959015,3.16771745681763,23.7550563812256,79.3065032958984,0,0,5.26311922073364,1.00592947006226,
178,0,45.40498352,0,0,0,20.76827621,0,2.108465195,0,1.98182404,0,14.22720242,2.28271532058716,0.312342882156372,3.63453722000122,0.597179651260376,3.16885447502136,23.7624397277832,79.319953918457,0,0,5.26355504989624,1.00595104694366,
179,0,45.40498352,0,0,0,20.76827621,0,2.108465195,0,1.98182404,0,14.22720242,2.28272604942322,0.312343180179596,3.63460040092468,0.597186863422394,3.16994762420654,23.7696304321289,79.3334045410156,0,0,5.26396656036377,1.00596868991852,
180,0,45.40733337,0,0,0,20.76929092,0,2.108524323,0,1.9818362,0,14.22768974,2.28274488449097,0.312343925237656,3.63466691970825,0.597194671630859,3.17099857330322,23.7766342163086,79.3468551635742,0,0,5.26436185836792,1.00598764419556,
181,0,45.40733337,0,0,0,20.76929092,0,2.108524323,0,1.9818362,0,14.22768974,2.28276753425598,0.312344819307327,3.63473677635193,0.597202956676483,3.17200899124146,23.7834548950195,79.3602981567383,0,0,5.26474332809448,1.0060076713562,
182,0,45.40733337,0,0,0,20.76929092,0,2.108524323,0,1.9818362,0,14.22768974,2.28277826309204,0.312345087528229,3.63479471206665,0.597209632396698,3.17298030853271,23.7900943756104,79.3737411499023,0,0,5.26510286331177,1.00602388381958,
183,0,45.40733337,0,0,0,20.76929092,0,2.108524323,0,1.9818362,0,14.22768974,2.28278303146362,0.312345176935196,3.63484263420105,0.597215056419373,3.1739137172699,23.796558380127,79.3871765136719,0,0,5.26544237136841,1.00603711605072,
184,0,45.40968323,0,0,0,20.77029991,0,2.108583212,0,1.98184824,0,14.22817802,2.282799243927,0.312345862388611,3.63489699363709,0.597221374511719,3.17481064796448,23.8028526306152,79.4006042480469,0,0,5.26576995849609,1.00605249404907,
185,0,45.40968323,0,0,0,20.77029991,0,2.108583212,0,1.98184824,0,14.22817802,2.28282070159912,0.31234672665596,3.6349561214447,0.597228467464447,3.17567276954651,23.8089828491211,79.4140243530273,0,0,5.2660870552063,1.00606954097748,
186,0,45.40968323,0,0,0,20.77029991,0,2.108583212,0,1.98184824,0,14.22817802,2.28283047676086,0.312347024679184,3.63500499725342,0.597234189510345,3.17650103569031,23.8149509429932,79.4274444580078,0,0,5.26638650894165,1.00608336925507,
187,0,45.40968323,0,0,0,20.77029991,0,2.108583212,0,1.98184824,0,14.22817802,2.28283500671387,0.312347084283829,3.63504600524902,0.597238838672638,3.17729687690735,23.8207607269287,79.4408493041992,0,0,5.26666927337646,1.00609457492828,
188,0,45.40968323,0,0,0,20.77029991,0,2.108583212,0,1.98184824,0,14.22817802,2.2828369140625,0.312347143888474,3.63507986068726,0.597242593765259,3.17806148529053,23.8264141082764,79.4542541503906,0,0,5.26693630218506,1.00610363483429,
189,0,45.41203308,0,0,0,20.77131081,0,2.10864234,0,1.98186028,0,14.22866344,2.28285193443298,0.312347769737244,3.63512206077576,0.59724760055542,3.17879581451416,23.8319206237793,79.467643737793,0,0,5.26719570159912,1.00611567497253,
190,0,45.41203308,0,0,0,20.77131081,0,2.10864234,0,1.98186028,0,14.22866344,2.28287291526794,0.312348634004593,3.63517141342163,0.597253620624542,3.17950129508972,23.8372821807861,79.4810256958008,0,0,5.26744794845581,1.00613009929657,
191,0,45.41203308,0,0,0,20.77131081,0,2.10864234,0,1.98186028,0,14.22866344,2.28288269042969,0.312348902225494,3.63521218299866,0.597258388996124,3.18017911911011,23.8425025939941,79.4943923950195,0,0,5.26768636703491,1.00614178180695,
192,0,45.41203308,0,0,0,20.77131081,0,2.10864234,0,1.98186028,0,14.22866344,2.28288698196411,0.312348991632462,3.63524627685547,0.597262263298035,3.18083024024963,23.847583770752,79.5077514648438,0,0,5.26791143417358,1.00615131855011,
193,0,45.41203308,0,0,0,20.77131081,0,2.10864234,0,1.98186028,0,14.22866344,2.28288912773132,0.312349021434784,3.63527464866638,0.597265422344208,3.18145537376404,23.8525276184082,79.5210952758789,0,0,5.26812362670898,1.00615906715393,
194,0,45.41203308,0,0,0,20.77131081,0,2.10864234,0,1.98186028,0,14.22866344,2.28289008140564,0.312349051237106,3.63529825210571,0.597267925739288,3.18205571174622,23.8573360443115,79.5344161987305,0,0,5.26832389831543,1.00616526603699,
195,0,45.41203308,0,0,0,20.77131081,0,2.10864234,0,1.98186028,0,14.22866344,2.2828905582428,0.312349051237106,3.6353178024292,0.597269952297211,3.18263220787048,23.8620147705078,79.547721862793,0,0,5.26851320266724,1.00617039203644,
196,0,45.41437912,0,0,0,20.7723217,0,2.108702898,0,1.98187232,0,14.22915077,2.28290486335754,0.312349677085876,3.6353483200073202,0.597273588180542,3.183185338974,23.866569519043,79.5610122680664,0,0,5.26869869232178,1.00617909431458,
197,0,45.41437912,0,0,0,20.7723217,0,2.108702898,0,1.98187232,0,14.22915077,2.2829258441925,0.312350541353226,3.63538789749146,0.597278475761414,3.18371653556824,23.8710060119629,79.5742874145508,0,0,5.26888227462769,1.00619077682495,
198,0,45.41437912,0,0,0,20.7723217,0,2.108702898,0,1.98187232,0,14.22915077,2.28293561935425,0.31235083937645,3.63542056083679,0.597282409667969,3.18422651290894,23.8753242492676,79.5875473022461,0,0,5.26905488967896,1.00620031356812,
199,0,45.41437912,0,0,0,20.7723217,0,2.108702898,0,1.98187232,0,14.22915077,2.28294014930725,0.312350898981094,3.63544750213623,0.597285628318787,3.18471622467041,23.8795280456543,79.6007843017578,0,0,5.26921796798706,1.00620806217194,
200,0,45.41437912,0,0,0,20.7723217,0,2.108702898,0,1.98187232,0,14.22915077,2.28294229507446,0.312350958585739,3.6354703903198202,0.597288191318512,3.18518614768982,23.883617401123,79.6139984130859,0,0,5.26937198638916,1.00621426105499,
201,0,45.41437912,0,0,0,20.7723217,0,2.108702898,0,1.98187232,0,14.22915077,2.28294324874878,0.312350958585739,3.63548922538757,0.597290277481079,3.18563723564148,23.8875961303711,79.627197265625,0,0,5.26951694488525,1.00621938705444,
202,0,45.41437912,0,0,0,20.7723217,0,2.108702898,0,1.98187232,0,14.22915077,2.28294372558594,0.312350958585739,3.63550448417664,0.597291946411133,3.18607020378113,23.8914661407471,79.6403732299805,0,0,5.26965427398682,1.00622355937958,
203,0,45.41437912,0,0,0,20.7723217,0,2.108702898,0,1.98187232,0,14.22915077,2.28294396400452,0.312350958585739,3.63551735877991,0.597293317317963,3.18648552894592,23.8952293395996,79.6535263061523,0,0,5.26978349685669,1.00622689723969,
204,0,45.41437912,0,0,0,20.7723217,0,2.108702898,0,1.98187232,0,14.22915077,2.28294396400452,0.312350958585739,3.63552808761597,0.597294449806213,3.1868839263916,23.8988914489746,79.6666641235352,0,0,5.26990556716919,1.00622963905334,
205,0,45.41437912,0,0,0,20.7723217,0,2.108702898,0,1.98187232,0,14.22915077,2.28294396400452,0.312350958585739,3.63553690910339,0.597295343875885,3.18726634979248,23.9024543762207,79.6797790527344,0,0,5.27002096176147,1.00623190402985,
206,0,45.41672897,0,0,0,20.77333069,0,2.108761311,0,1.98188436,0,14.22963905,2.2829577922821,0.312351584434509,3.63555836677551,0.5972980260849,3.18763279914856,23.9059219360352,79.69287109375,0,0,5.27013731002808,1.00623834133148,
207,0,45.41672897,0,0,0,20.77333069,0,2.108761311,0,1.98188436,0,14.22963905,2.28297781944275,0.312352418899536,3.63559055328369,0.597302198410034,3.18798470497131,23.9092998504639,79.7059478759766,0,0,5.27025508880615,1.00624799728394,
208,0,45.41672897,0,0,0,20.77333069,0,2.108761311,0,1.98188436,0,14.22963905,2.28298711776733,0.312352687120438,3.63561749458313,0.597305536270142,3.1883225440979,23.9125881195068,79.718994140625,0,0,5.27036619186401,1.00625586509705,
209,0,45.41672897,0,0,0,20.77333069,0,2.108761311,0,1.98188436,0,14.22963905,2.28299140930176,0.312352806329727,3.63563966751099,0.597308218479156,3.18864679336548,23.9157867431641,79.7320175170898,0,0,5.27047109603882,1.00626230239868,
210,0,45.41672897,0,0,0,20.77333069,0,2.108761311,0,1.98188436,0,14.22963905,2.28299355506897,0.31235283613205,3.63565826416016,0.597310423851013,3.18895792961121,23.9188995361328,79.7450180053711,0,0,5.27057027816772,1.00626754760742,
211,0,45.41672897,0,0,0,20.77333069,0,2.108761311,0,1.98188436,0,14.22963905,2.28299450874329,0.31235283613205,3.63567352294922,0.597312211990356,3.18925642967224,23.9219284057617,79.7579956054688,0,0,5.27066373825073,1.00627183914185,
212,0,45.41672897,0,0,0,20.77333069,0,2.108761311,0,1.98188436,0,14.22963905,2.28299498558044,0.31235283613205,3.63568639755249,0.597313642501831,3.18954277038574,23.9248752593994,79.7709426879883,0,0,5.270751953125,1.00627529621124,
213,0,45.41672897,0,0,0,20.77333069,0,2.108761311,0,1.98188436,0,14.22963905,2.28299522399902,0.31235283613205,3.63569664955139,0.597314774990082,3.18981742858887,23.9277400970459,79.7838668823242,0,0,5.27083492279053,1.0062780380249,
214,0,45.41672897,0,0,0,20.77333069,0,2.108761311,0,1.98188436,0,14.22963905,2.2829954624176,0.31235283613205,3.63570523262024,0.597315728664398,3.19008088111877,23.9305267333984,79.796760559082,0,0,5.27091312408447,1.0062803030014,
215,0,45.41672897,0,0,0,20.77333069,0,2.108761311,0,1.98188436,0,14.22963905,2.2829954624176,0.31235283613205,3.63571262359619,0.597316443920136,3.19033336639404,23.933235168457,79.8096313476563,0,0,5.27098703384399,1.00628221035004,
216,0,45.41672897,0,0,0,20.77333069,0,2.108761311,0,1.98188436,0,14.22963905,2.2829954624176,0.31235283613205,3.63571858406067,0.597317039966583,3.19057559967041,23.9358692169189,79.8224792480469,0,0,5.27105665206909,1.0062837600708,
217,0,45.41672897,0,0,0,20.77333069,0,2.108761311,0,1.98188436,0,14.22963905,2.2829954624176,0.31235283613205,3.63572359085083,0.597317516803741,3.19080758094788,23.9384326934814,79.8353042602539,0,0,5.27112245559692,1.0062849521637,
218,0,45.41672897,0,0,0,20.77333069,0,2.108761311,0,1.98188436,0,14.22963905,2.2829954624176,0.31235283613205,3.63572764396667,0.597317934036255,3.19103002548218,23.9409236907959,79.8480987548828,0,0,5.27118444442749,1.00628590583801,
219,0,45.41672897,0,0,0,20.77333069,0,2.108761311,0,1.98188436,0,14.22963905,2.2829954624176,0.31235283613205,3.63573098182678,0.597318232059479,3.19124317169189,23.9433460235596,79.8608627319336,0,0,5.27124309539795,1.00628674030304,
220,0,45.41672897,0,0,0,20.77333069,0,2.108761311,0,1.98188436,0,14.22963905,2.2829954624176,0.31235283613205,3.63573360443115,0.597318470478058,3.19144749641418,23.9457015991211,79.8735961914063,0,0,5.2712984085083,1.00628745555878,
221,0,45.41672897,0,0,0,20.77333069,0,2.108761311,0,1.98188436,0,14.22963905,2.2829954624176,0.31235283613205,3.63573598861694,0.597318708896637,3.19164323806763,23.9479904174805,79.8862991333008,0,0,5.27135038375854,1.00628805160522,
222,0,45.41672897,0,0,0,20.77333069,0,2.108761311,0,1.98188436,0,14.22963905,2.2829954624176,0.31235283613205,3.63573789596558,0.597318887710571,3.19183087348938,23.950216293335,79.8989791870117,0,0,5.271399974823,1.00628852844238,
223,0,45.41672897,0,0,0,20.77333069,0,2.108761311,0,1.98188436,0,14.22963905,2.2829954624176,0.31235283613205,3.63573956489563,0.597319006919861,3.19201040267944,23.9523811340332,79.9116363525391,0,0,5.27144622802734,1.00628888607025,
224,0,45.41672897,0,0,0,20.77333069,0,2.108761311,0,1.98188436,0,14.22963905,2.2829954624176,0.31235283613205,3.6357409954071,0.59731912612915,3.19218254089355,23.9544868469238,79.9242553710938,0,0,5.2714900970459,1.00628924369812,
225,0,45.41672897,0,0,0,20.77333069,0,2.108761311,0,1.98188436,0,14.22963905,2.2829954624176,0.31235283613205,3.6357421875,0.597319185733795,3.19234728813171,23.9565334320068,79.9368515014648,0,0,5.27153158187866,1.0062894821167,
226,0,45.41672897,0,0,0,20.77333069,0,2.108761311,0,1.98188436,0,14.22963905,2.2829954624176,0.31235283613205,3.63574290275574,0.59731924533844,3.19250512123108,23.9585227966309,79.9494094848633,0,0,5.27157068252563,1.00628960132599,
227,0,45.41672897,0,0,0,20.77333069,0,2.108761311,0,1.98188436,0,14.22963905,2.2829954624176,0.31235283613205,3.63574361801147,0.597319304943085,3.19265604019165,23.9604587554932,79.9619445800781,0,0,5.27160787582397,1.00628972053528,
228,0,45.41907501,0,0,0,20.77434158,0,2.108820915,0,1.9818964,0,14.23012447,2.28300952911377,0.312353491783142,3.63575839996338,0.597321331501007,3.19280052185059,23.962345123291,79.9744491577148,0,0,5.2716498374939,1.00629448890686,
229,0,45.41907501,0,0,0,20.77434158,0,2.108820915,0,1.9818964,0,14.23012447,2.28302979469299,0.312354326248169,3.63578486442566,0.597324967384338,3.19293928146362,23.9641819000244,79.9869232177734,0,0,5.27169799804688,1.00630283355713,
230,0,45.41907501,0,0,0,20.77434158,0,2.108820915,0,1.9818964,0,14.23012447,2.28303909301758,0.31235459446907,3.63580679893494,0.597327888011932,3.19307231903076,23.965970993042,79.9993591308594,0,0,5.27174282073975,1.00630962848663,
231,0,45.41907501,0,0,0,20.77434158,0,2.108820915,0,1.9818964,0,14.23012447,2.28304362297058,0.312354683876038,3.63582539558411,0.597330212593079,3.19320011138916,23.9677124023438,80.0117721557617,0,0,5.27178525924683,1.00631523132324,
232,0,45.41907501,0,0,0,20.77434158,0,2.108820915,0,1.9818964,0,14.23012447,2.28304576873779,0.31235471367836,3.63584065437317,0.597332119941711,3.1933228969574,23.9694061279297,80.0241546630859,0,0,5.27182531356812,1.00631976127625,
233,0,45.41907501,0,0,0,20.77434158,0,2.108820915,0,1.9818964,0,14.23012447,2.28304672241211,0.31235471367836,3.63585352897644,0.597333669662476,3.19344043731689,23.9710521697998,80.0364990234375,0,0,5.27186346054077,1.00632345676422,
234,0,45.41907501,0,0,0,20.77434158,0,2.108820915,0,1.9818964,0,14.23012447,2.28304719924927,0.31235471367836,3.6358642578125,0.597334921360016,3.19355344772339,23.9726543426514,80.0488204956055,0,0,5.27189922332764,1.00632643699646,
235,0,45.41907501,0,0,0,20.77434158,0,2.108820915,0,1.9818964,0,14.23012447,2.28304743766785,0.31235471367836,3.63587307929993,0.597335934638977,3.1936616897583,23.9742107391357,80.0611114501953,0,0,5.27193307876587,1.00632882118225,
236,0,45.41907501,0,0,0,20.77434158,0,2.108820915,0,1.9818964,0,14.23012447,2.2830476760864298,0.31235471367836,3.63588047027588,0.597336709499359,3.19376564025879,23.9757270812988,80.0733642578125,0,0,5.27196502685547,1.00633072853088,
237,0,45.41907501,0,0,0,20.77434158,0,2.108820915,0,1.9818964,0,14.23012447,2.2830476760864298,0.31235471367836,3.63588666915894,0.597337365150452,3.19386529922485,23.977201461792,80.0855865478516,0,0,5.27199506759644,1.00633227825165,
238,0,45.41907501,0,0,0,20.77434158,0,2.108820915,0,1.9818964,0,14.23012447,2.2830476760864298,0.31235471367836,3.6358916759491,0.597337901592255,3.19396090507507,23.9786319732666,80.0977783203125,0,0,5.27202320098877,1.00633358955383,
239,0,45.41907501,0,0,0,20.77434158,0,2.108820915,0,1.9818964,0,14.23012447,2.2830476760864298,0.31235471367836,3.63589572906494,0.597338318824768,3.19405269622803,23.9800243377686,80.1099395751953,0,0,5.27204990386963,1.00633466243744,
240,0,45.41907501,0,0,0,20.77434158,0,2.108820915,0,1.9818964,0,14.23012447,2.2830476760864298,0.31235471367836,3.63589930534363,0.597338676452637,3.19414067268372,23.9813785552979,80.1220703125,0,0,5.27207517623901,1.00633549690247,
241,0,45.41907501,0,0,0,20.77434158,0,2.108820915,0,1.9818964,0,14.23012447,2.2830476760864298,0.31235471367836,3.635901927948,0.597338974475861,3.19422507286072,23.9826965332031,80.1341705322266,0,0,5.27209901809692,1.0063362121582,
242,0,45.41907501,0,0,0,20.77434158,0,2.108820915,0,1.9818964,0,14.23012447,2.2830476760864298,0.31235471367836,3.63590431213379,0.59733921289444,3.19430589675903,23.9839763641357,80.146240234375,0,0,5.27212142944336,1.00633680820465,
243,0,45.41907501,0,0,0,20.77434158,0,2.108820915,0,1.9818964,0,14.23012447,2.2830476760864298,0.31235471367836,3.63590621948242,0.597339391708374,3.19438338279724,23.985221862793,80.1582794189453,0,0,5.27214288711548,1.00633728504181,
244,0,45.41907501,0,0,0,20.77434158,0,2.108820915,0,1.9818964,0,14.23012447,2.2830476760864298,0.31235471367836,3.6359076499939,0.597339510917664,3.19445753097534,23.9864311218262,80.170280456543,0,0,5.27216291427612,1.00633764266968,
245,0,45.41907501,0,0,0,20.77434158,0,2.108820915,0,1.9818964,0,14.23012447,2.2830476760864298,0.31235471367836,3.63590884208679,0.597339630126953,3.19452881813049,23.9876079559326,80.182243347168,0,0,5.27218198776245,1.00633800029755,
246,0,45.41907501,0,0,0,20.77434158,0,2.108820915,0,1.9818964,0,14.23012447,2.2830476760864298,0.31235471367836,3.63591003417969,0.597339749336243,3.19459676742554,23.9887504577637,80.1941757202148,0,0,5.27220010757446,1.00633835792542,
247,0,45.41907501,0,0,0,20.77434158,0,2.108820915,0,1.9818964,0,14.23012447,2.2830476760864298,0.31235471367836,3.63591074943542,0.597339808940887,3.19466209411621,23.989860534668,80.2060775756836,0,0,5.27221727371216,1.0063384771347,
248,0,45.41907501,0,0,0,20.77434158,0,2.108820915,0,1.9818964,0,14.23012447,2.2830476760864298,0.31235471367836,3.63591170310974,0.597339868545532,3.19472455978394,23.9909400939941,80.2179489135742,0,0,5.27223300933838,1.00633859634399,
249,0,45.41907501,0,0,0,20.77434158,0,2.108820915,0,1.9818964,0,14.23012447,2.2830476760864298,0.31235471367836,3.63591241836548,0.597339928150177,3.19478440284729,23.9919891357422,80.2297897338867,0,0,5.27224779129028,1.00633871555328,
250,0,45.41907501,0,0,0,20.77434158,0,2.108820915,0,1.9818964,0,14.23012447,2.2830476760864298,0.31235471367836,3.63591265678406,0.597339987754822,3.19484162330627,23.9930114746094,80.2415924072266,0,0,5.27226161956787,1.00633883476257,
251,0,45.41907501,0,0,0,20.77434158,0,2.108820915,0,1.9818964,0,14.23012447,2.2830476760864298,0.31235471367836,3.63591313362122,0.597339987754822,3.19489645957947,23.9940032958984,80.2533645629883,0,0,5.2722749710083,1.00633895397186,
252,0,45.41907501,0,0,0,20.77434158,0,2.108820915,0,1.9818964,0,14.23012447,2.2830476760864298,0.31235471367836,3.63591361045837,0.597339987754822,3.19494915008545,23.9949684143066,80.2650985717773,0,0,5.27228784561157,1.00633895397186,
253,0,45.41907501,0,0,0,20.77434158,0,2.108820915,0,1.9818964,0,14.23012447,2.2830476760864298,0.31235471367836,3.63591384887695,0.597339987754822,3.19499921798706,23.9959049224854,80.2768020629883,0,0,5.27229976654053,1.00633895397186,
254,0,45.41907501,0,0,0,20.77434158,0,2.108820915,0,1.9818964,0,14.23012447,2.2830476760864298,0.31235471367836,3.63591384887695,0.597339987754822,3.19504737854004,23.9968166351318,80.2884750366211,0,0,5.27231121063232,1.00633895397186,
255,0,45.41907501,0,0,0,20.77434158,0,2.108820915,0,1.9818964,0,14.23012447,2.2830476760864298,0.31235471367836,3.63591384887695,0.597339987754822,3.19509363174438,23.9977016448975,80.3001098632813,0,0,5.2723217010498,1.00633895397186,
256,0,45.41907501,0,0,0,20.77434158,0,2.108820915,0,1.9818964,0,14.23012447,2.2830476760864298,0.31235471367836,3.63591384887695,0.597339987754822,3.19513773918152,23.9985618591309,80.3117141723633,0,0,5.27233171463013,1.00633895397186,
257,0,45.41907501,0,0,0,20.77434158,0,2.108820915,0,1.9818964,0,14.23012447,2.2830476760864298,0.31235471367836,3.63591384887695,0.597339987754822,3.19517970085144,23.9993991851807,80.3232879638672,0,0,5.27234125137329,1.00633895397186,
258,0,45.41907501,0,0,0,20.77434158,0,2.108820915,0,1.9818964,0,14.23012447,2.2830476760864298,0.31235471367836,3.63591384887695,0.597339987754822,3.19521999359131,24.0002117156982,80.3348236083984,0,0,5.2723503112793,1.00633895397186,
259,0,45.41907501,0,0,0,20.77434158,0,2.108820915,0,1.9818964,0,14.23012447,2.2830476760864298,0.31235471367836,3.63591384887695,0.597339987754822,3.19525861740112,24.0010032653809,80.3463287353516,0,0,5.27235889434814,1.00633895397186,
260,0,45.41907501,0,0,0,20.77434158,0,2.108820915,0,1.9818964,0,14.23012447,2.2830476760864298,0.31235471367836,3.63591384887695,0.597339987754822,3.19529557228088,24.0017719268799,80.3578033447266,0,0,5.27236700057983,1.00633895397186,
261,0,45.41907501,0,0,0,20.77434158,0,2.108820915,0,1.9818964,0,14.23012447,2.2830476760864298,0.31235471367836,3.63591384887695,0.597339987754822,3.19533085823059,24.0025177001953,80.3692398071289,0,0,5.27237415313721,1.00633895397186,
262,0,45.41907501,0,0,0,20.77434158,0,2.108820915,0,1.9818964,0,14.23012447,2.2830476760864298,0.31235471367836,3.63591384887695,0.597339987754822,3.19536447525024,24.0032444000244,80.3806457519531,0,0,5.27238130569458,1.00633895397186,
263,0,45.41907501,0,0,0,20.77434158,0,2.108820915,0,1.9818964,0,14.23012447,2.2830476760864298,0.31235471367836,3.63591384887695,0.597339987754822,3.19539666175842,24.0039482116699,80.3920135498047,0,0,5.27238798141479,1.00633895397186,
264,0,45.41907501,0,0,0,20.77434158,0,2.108820915,0,1.9818964,0,14.23012447,2.2830476760864298,0.31235471367836,3.63591384887695,0.597339987754822,3.19542765617371,24.0046348571777,80.4033508300781,0,0,5.27239418029785,1.00633895397186,
265,0,45.41907501,0,0,0,20.77434158,0,2.108820915,0,1.9818964,0,14.23012447,2.2830476760864298,0.31235471367836,3.63591384887695,0.597339987754822,3.19545722007751,24.0053005218506,80.4146499633789,0,0,5.27240037918091,1.00633895397186,
266,0,45.41907501,0,0,0,20.77434158,0,2.108820915,0,1.9818964,0,14.23012447,2.2830476760864298,0.31235471367836,3.63591384887695,0.597339987754822,3.19548559188843,24.0059471130371,80.4259185791016,0,0,5.27240610122681,1.00633895397186,
267,0,45.41907501,0,0,0,20.77434158,0,2.108820915,0,1.9818964,0,14.23012447,2.2830476760864298,0.31235471367836,3.63591384887695,0.597339987754822,3.19551253318787,24.0065765380859,80.4371643066406,0,0,5.27241134643555,1.00633895397186,
268,0,45.41907501,0,0,0,20.77434158,0,2.108820915,0,1.9818964,0,14.23012447,2.2830476760864298,0.31235471367836,3.63591384887695,0.597339987754822,3.19553828239441,24.0071868896484,80.448371887207,0,0,5.27241611480713,1.00633895397186,
269,0,45.41907501,0,0,0,20.77434158,0,2.108820915,0,1.9818964,0,14.23012447,2.2830476760864298,0.31235471367836,3.63591384887695,0.597339987754822,3.19556307792664,24.0077800750732,80.4595413208008,0,0,5.27242088317871,1.00633895397186,
270,0,45.41907501,0,0,0,20.77434158,0,2.108820915,0,1.9818964,0,14.23012447,2.2830476760864298,0.31235471367836,3.63591384887695,0.597339987754822,3.19558644294739,24.0083560943604,80.4706802368164,0,0,5.27242565155029,1.00633895397186,
271,0,45.41907501,0,0,0,20.77434158,0,2.108820915,0,1.9818964,0,14.23012447,2.2830476760864298,0.31235471367836,3.63591384887695,0.597339987754822,3.19560885429382,24.008918762207,80.4817810058594,0,0,5.27242994308472,1.00633895397186,
272,0,45.41907501,0,0,0,20.77434158,0,2.108820915,0,1.9818964,0,14.23012447,2.2830476760864298,0.31235471367836,3.63591384887695,0.597339987754822,3.19563055038452,24.009464263916,80.4928512573242,0,0,5.27243375778198,1.00633895397186,
273,0,45.41907501,0,0,0,20.77434158,0,2.108820915,0,1.9818964,0,14.23012447,2.2830476760864298,0.31235471367836,3.63591384887695,0.597339987754822,3.1956510543823202,24.0099945068359,80.5038909912109,0,0,5.27243757247925,1.00633895397186,
274,0,45.41907501,0,0,0,20.77434158,0,2.108820915,0,1.9818964,0,14.23012447,2.2830476760864298,0.31235471367836,3.63591384887695,0.597339987754822,3.19567084312439,24.0105113983154,80.5149002075195,0,0,5.27244138717651,1.00633895397186,
275,0,45.41907501,0,0,0,20.77434158,0,2.108820915,0,1.9818964,0,14.23012447,2.2830476760864298,0.31235471367836,3.63591384887695,0.597339987754822,3.19568967819214,24.0110130310059,80.5258712768555,0,0,5.27244424819946,1.00633895397186,
276,0,45.41907501,0,0,0,20.77434158,0,2.108820915,0,1.9818964,0,14.23012447,2.2830476760864298,0.31235471367836,3.63591384887695,0.597339987754822,3.19570779800415,24.0114994049072,80.5368041992188,0,0,5.27244710922241,1.00633895397186,
277,0,45.41907501,0,0,0,20.77434158,0,2.108820915,0,1.9818964,0,14.23012447,2.2830476760864298,0.31235471367836,3.63591384887695,0.597339987754822,3.19572496414185,24.0119724273682,80.5477142333984,0,0,5.27244997024536,1.00633895397186,
278,0,45.41907501,0,0,0,20.77434158,0,2.108820915,0,1.9818964,0,14.23012447,2.2830476760864298,0.31235471367836,3.63591384887695,0.597339987754822,3.19574117660522,24.01243019104,80.5585861206055,0,0,5.27245283126831,1.00633895397186,
279,0,45.41907501,0,0,0,20.77434158,0,2.108820915,0,1.9818964,0,14.23012447,2.2830476760864298,0.31235471367836,3.63591384887695,0.597339987754822,3.19575691223145,24.0128765106201,80.5694198608398,0,0,5.27245569229126,1.00633895397186,
280,0,45.41907501,0,0,0,20.77434158,0,2.108820915,0,1.9818964,0,14.23012447,2.2830476760864298,0.31235471367836,3.63591384887695,0.597339987754822,3.19577169418335,24.0133094787598,80.5802307128906,0,0,5.27245807647705,1.00633895397186,
281,0,45.41907501,0,0,0,20.77434158,0,2.108820915,0,1.9818964,0,14.23012447,2.2830476760864298,0.31235471367836,3.63591384887695,0.597339987754822,3.19578576087952,24.013729095459,80.5910034179688,0,0,5.27246046066284,1.00633895397186,
282,0,45.41907501,0,0,0,20.77434158,0,2.108820915,0,1.9818964,0,14.23012447,2.2830476760864298,0.31235471367836,3.63591384887695,0.597339987754822,3.19579935073853,24.0141372680664,80.6017379760742,0,0,5.27246284484863,1.00633895397186,
283,0,45.41907501,0,0,0,20.77434158,0,2.108820915,0,1.9818964,0,14.23012447,2.2830476760864298,0.31235471367836,3.63591384887695,0.597339987754822,3.1958122253418,24.0145359039307,80.6124496459961,0,0,5.27246475219727,1.00633895397186,
284,0,45.41907501,0,0,0,20.77434158,0,2.108820915,0,1.9818964,0,14.23012447,2.2830476760864298,0.31235471367836,3.63591384887695,0.597339987754822,3.19582462310791,24.0149250030518,80.6231231689453,0,0,5.2724666595459,1.00633895397186,
285,0,45.41907501,0,0,0,20.77434158,0,2.108820915,0,1.9818964,0,14.23012447,2.2830476760864298,0.31235471367836,3.63591384887695,0.597339987754822,3.19583630561829,24.0153007507324,80.6337585449219,0,0,5.27246856689453,1.00633895397186,
286,0,45.41907501,0,0,0,20.77434158,0,2.108820915,0,1.9818964,0,14.23012447,2.2830476760864298,0.31235471367836,3.63591384887695,0.597339987754822,3.19584774971008,24.0156669616699,80.6443710327148,0,0,5.27247047424316,1.00633895397186,
287,0,45.41907501,0,0,0,20.77434158,0,2.108820915,0,1.9818964,0,14.23012447,2.2830476760864298,0.31235471367836,3.63591384887695,0.597339987754822,3.19585847854614,24.0160217285156,80.6549453735352,0,0,5.27247190475464,1.00633895397186,
288,0,45.41907501,0,0,0,20.77434158,0,2.108820915,0,1.9818964,0,14.23012447,2.2830476760864298,0.31235471367836,3.63591384887695,0.597339987754822,3.19586873054504,24.0163669586182,80.6654891967773,0,0,5.27247333526611,1.00633895397186,
289,0,45.41907501,0,0,0,20.77434158,0,2.108820915,0,1.9818964,0,14.23012447,2.2830476760864298,0.31235471367836,3.63591384887695,0.597339987754822,3.19587850570679,24.0167026519775,80.6760025024414,0,0,5.27247476577759,1.00633895397186,
290,0,45.41907501,0,0,0,20.77434158,0,2.108820915,0,1.9818964,0,14.23012447,2.2830476760864298,0.31235471367836,3.63591384887695,0.597339987754822,3.19588804244995,24.0170288085938,80.6864776611328,0,0,5.27247619628906,1.00633895397186,
291,0,45.41907501,0,0,0,20.77434158,0,2.108820915,0,1.9818964,0,14.23012447,2.2830476760864298,0.31235471367836,3.63591384887695,0.597339987754822,3.19589710235596,24.0173454284668,80.6969223022461,0,0,5.27247762680054,1.00633895397186,
292,0,45.41907501,0,0,0,20.77434158,0,2.108820915,0,1.9818964,0,14.23012447,2.2830476760864298,0.31235471367836,3.63591384887695,0.597339987754822,3.1959056854248,24.0176525115967,80.7073287963867,0,0,5.27247905731201,1.00633895397186,
293,0,45.41907501,0,0,0,20.77434158,0,2.108820915,0,1.9818964,0,14.23012447,2.2830476760864298,0.31235471367836,3.63591384887695,0.597339987754822,3.19591379165649,24.017951965332,80.7177124023438,0,0,5.27248048782349,1.00633895397186,
294,0,45.41907501,0,0,0,20.77434158,0,2.108820915,0,1.9818964,0,14.23012447,2.2830476760864298,0.31235471367836,3.63591384887695,0.597339987754822,3.19592142105103,24.0182418823242,80.7280578613281,0,0,5.2724814414978,1.00633895397186,
295,0,45.41907501,0,0,0,20.77434158,0,2.108820915,0,1.9818964,0,14.23012447,2.2830476760864298,0.31235471367836,3.63591384887695,0.597339987754822,3.19592881202698,24.0185241699219,80.7383728027344,0,0,5.27248239517212,1.00633895397186,
296,0,45.41907501,0,0,0,20.77434158,0,2.108820915,0,1.9818964,0,14.23012447,2.2830476760864298,0.31235471367836,3.63591384887695,0.597339987754822,3.19593596458435,24.0187969207764,80.748649597168,0,0,5.27248334884644,1.00633895397186,
297,0,45.41907501,0,0,0,20.77434158,0,2.108820915,0,1.9818964,0,14.23012447,2.2830476760864298,0.31235471367836,3.63591384887695,0.597339987754822,3.19594287872314,24.0190620422363,80.7588958740234,0,0,5.27248430252075,1.00633895397186,
298,0,45.41907501,0,0,0,20.77434158,0,2.108820915,0,1.9818964,0,14.23012447,2.2830476760864298,0.31235471367836,3.63591384887695,0.597339987754822,3.19594931602478,24.0193214416504,80.7691192626953,0,0,5.27248525619507,1.00633895397186,
299,0,45.41907501,0,0,0,20.77434158,0,2.108820915,0,1.9818964,0,14.23012447,2.2830476760864298,0.31235471367836,3.63591384887695,0.597339987754822,3.19595551490784,24.0195732116699,80.7793045043945,0,0,5.27248573303223,1.00633895397186,
