"Time Step","Softwood Merchantable","Hardwood Merchantable","Softwood Submerchantable","Hardwood Submerchantable","Softwood Other","Hardwood Other","Softwood Foliage","Hardwood Foliage","Softwood Fine Roots","Hardwood Fine Roots","Softwood Coarse Roots","Hardwood Coarse Roots","Aboveground Very Fast DOM","Belowground Very Fast DOM","Aboveground Fast DOM","Belowground Fast DOM","Medium DOM","Aboveground Slow DOM","Belowground Slow DOM","Softwood Stem Snag","Softwood Branch Snag","Hardwood Stem Snag","Hardwood Branch Snag",
0,0.00701431511,0,0,0,0.07352296263,0,0.2198969722,0,0.02822379209,0,0.03847261518,0,9.81375026702881,1.2565701007843,48.3402137756348,12.5833740234375,17.4512310028076,34.6670570373535,99.0588912963867,1.55317902681418e-5,3.4523426438681e-4,0,0,
1,0.03721664846,0,0,0,0.4132878482,0,0.4547343552,0,0.0839092508,0,0.1170537844,0,7.08550691604614,0.73381108045578,42.4613914489746,11.0518941879272,16.8974304199219,35.6293144226074,99.2983093261719,1.1273679410805e-4,0.0025776622351259,0,0,
2,0.09874372929,0,0,0,0.9322367907,0,0.6899812818,0,0.1566732824,0,0.2253802419,0,5.15770864486694,0.444685786962509,37.3107109069824,9.70770931243896,16.3612079620361,36.3148765563965,99.4734039306641,4.0845456533134e-4,0.00849670264869928,0,0,
3,0.1972217411,0,0,0,1.588629723,0,0.9221888781,0,0.2412418127,0,0.3599431515,0,3.8080313205719,0.292739063501358,32.8042488098145,8.52826023101807,15.8420114517212,36.7849502563477,99.6040725708008,0.00104446639306843,0.0190184507519007,0,0,
4,0.3370821774,0,0,0,2.353658915,0,1.149730444,0,0.3337509632,0,0.5188336968,0,2.87556433677673,0.221594095230103,28.8674373626709,7.4937105178833,15.3393106460571,37.0864562988281,99.7029418945313,0.00217810971662402,0.0345859415829182,0,0,
5,0.5219615102,0,0,0,3.204816818,0,1.371706963,0,0.4311184585,0,0.700745225,0,2.24384951591492,0.19815132021904,25.4341316223145,6.58662509918213,14.8525972366333,37.2556343078613,99.7782745361328,0.00397713528946042,0.0553326644003391,0,0,
6,0.7548815608,0,0,0,4.12337923,0,1.587593198,0,0.5308250189,0,0.9045945406,0,1.82854890823364,0.202836930751801,22.4456977844238,5.79168128967285,14.3813848495483,37.3207206726074,99.8356552124023,0.00661609321832657,0.0811778455972672,0,0,
7,1.038344383,0,0,0,5.093208313,0,1.797084093,0,0.6308113933,0,1.129345894,0,1.56853306293488,0.223958969116211,19.8501663208008,5.0954122543335,13.9252080917358,37.3038749694824,99.8790283203125,0.0102734984830022,0.111889518797398,0,0,
8,1.374385834,0,0,0,6.100099564,0,2.00001502,0,0.7294155359,0,1.373923659,0,1.4194530248642,0.254442512989044,17.6014671325684,4.48598289489746,13.48362159729,37.2226219177246,99.911262512207,0.0151294581592083,0.147129133343697,0,0,
9,1.764608026,0,0,0,7.131402016,0,2.196316719,0,0.8253247142,0,1.637171984,0,1.34910559654236,0.289939731359482,15.6587467193604,3.9529881477356,13.0561990737915,37.090934753418,99.9345092773438,0.0213636066764593,0.186484470963478,0,0,
10,2.210199118,0,0,0,8.175775528,0,2.385986567,0,0.9175341725,0,1.917841196,0,1.33409285545349,0.327733546495438,13.9857625961304,3.48727965354919,12.6425333023071,36.9200248718262,99.9504165649414,0.0291532520204782,0.229494452476501,0,0,
11,2.711945772,0,0,0,9.2230358120000009,0,2.569070101,0,1.00530839,0,2.214591026,0,1.35741138458252,0.366099089384079,12.550350189209,3.0808117389679,12.2422361373901,36.7189292907715,99.9602966308594,0.0386716723442078,0.275668263435364,0,0,
12,3.270243883,0,0,0,10.2640419,0,2.745648146,0,1.088143706,0,2.526001453,0,1.4067108631134,0.403928905725479,11.3239507675171,2.72650623321533,11.8549375534058,36.4949836730957,99.965202331543,0.0500865615904331,0.324500381946564,0,0,
13,3.885105133,0,0,0,11.2906208,0,2.91582799,0,1.165733337,0,2.85059166,0,1.47303462028503,0.440510630607605,10.2811975479126,2.41813397407532,11.4802827835083,36.2541656494141,99.9659652709961,0.0635585784912109,0.375482201576233,0,0,
14,4.556163788,0,0,0,12.29551125,0,3.079735756,0,1.237934351,0,3.186839342,0,1.54990661144257,0.475392580032349,9.39955139160156,2.15021133422852,11.1179351806641,36.0013389587402,99.9632568359375,0.0792399793863297,0.428111404180527,0,0,
15,5.28268528,0,0,0,13.27231312,0,3.237511873,0,1.30473721,0,3.533200264,0,1.63266754150391,0.508300721645355,8.65898132324219,1.91790866851807,10.7675714492798,35.7404937744141,99.957633972168,0.0972733795642853,0.481899201869965,0,0,
16,6.063574791,0,0,0,14.21545029,0,3.389307499,0,1.366238117,0,3.888132095,0,1.71799147129059,0.539085149765015,8.04167938232422,1.71697092056274,10.4288854598999,35.4748840332031,99.9495544433594,0.117790587246418,0.536376357078552,0,0,
17,6.897386551,0,0,0,15.12013721,0,3.535280943,0,1.42261517,0,4.250107765,0,1.80353260040283,0.567684948444366,7.53181552886963,1.5436475276947,10.1015825271606,35.2071723937988,99.9393844604492,0.140911534428596,0.591097474098206,0,0,
18,7.782338142,0,0,0,15.98234558,0,3.675595522,0,1.474105477,0,4.617636681,0,1.88766503334045,0.594103395938873,7.11531829833984,1.3946316242218,9.7853832244873,34.9395141601563,99.9274215698242,0.166743353009224,0.645644783973694,0,0,
19,8.716322899,0,0,0,16.7987709,0,3.810417652,0,1.520988464,0,4.989275455,0,1.96929275989532,0.618389904499054,6.77968454360962,1.26700592041016,9.48001861572266,34.6736717224121,99.913932800293,0.195379450917244,0.699630796909332,0,0,
20,9.696928024,0,0,0,17.56680298,0,3.939915419,0,1.563569903,0,5.363639832,0,2.0477077960968,0.640627145767212,6.51380825042725,1.15819585323334,9.18523216247559,34.4110527038574,99.8991241455078,0.226898849010468,0.75270015001297,0,0,
21,10.72145081,0,0,0,18.28449059,0,4.064257145,0,1.602168918,0,5.739415169,0,2.12248516082764,0.660920083522797,6.30783224105835,1.06592857837677,8.90077590942383,34.1527786254883,99.883171081543,0.261365443468094,0.804531157016754,0,0,
22,11.78692436,0,0,0,18.95050812,0,4.183610916,0,1.637108684,0,6.115363121,0,2.19340658187866,0.679388642311096,6.15301752090454,0.988196790218353,8.62641525268555,33.8997268676758,99.8662261962891,0.298827618360519,0.854836463928223,0,0,
23,13.62219429,0,0,0,18.58569527,0,4.1454687119999996,0,1.662060499,0,6.408384323,0,2.25415301322937,0.695547580718994,6.02837657928467,0.922867357730865,8.36192226409912,33.6517753601074,99.8483200073242,0.340938717126846,0.898769199848175,0,0,
24,14.68369293,0,0,0,18.79738426,0,4.227426052,0,1.684121609,0,6.687166691,0,2.3047661781311,0.709188580513,5.92326354980469,0.868003308773041,8.10712718963623,33.4085502624512,99.8294219970703,0.387469798326492,0.935182452201843,0,0,
25,15.7646656,0,0,0,19.01089096,0,4.310724735,0,1.705119729,0,6.972034931,0,2.35200762748718,0.721015095710754,5.84222364425659,0.82229471206665,7.86185932159424,33.170295715332,99.8095550537109,0.436541229486465,0.967955768108368,0,0,
26,16.86030579,0,0,0,19.22533989,0,4.394849777,0,1.725004315,0,7.261666298,0,2.39665484428406,0.731596171855927,5.78209018707275,0.784674346446991,7.62589550018311,32.9372482299805,99.7887725830078,0.488108336925507,0.997665524482727,0,0,
27,17.96834946,0,0,0,19.44037056,0,4.479507923,0,1.74379313,0,7.555393696,0,2.43923306465149,0.741256296634674,5.74010753631592,0.754196286201477,7.39901733398438,32.7096214294434,99.7671813964844,0.542112946510315,1.02479314804077,0,0,
28,19.08414268,0,0,0,19.65515327,0,4.564249516,0,1.761477232,0,7.851909637,0,2.48009467124939,0.75018322467804,5.71387338638306,0.730021119117737,7.18101263046265,32.4875869750977,99.7448654174805,0.598484098911285,1.04973983764648,0,0,
29,20.21035385,0,0,0,19.87029457,0,4.649202347,0,1.778171539,0,8.151855469,0,2.51949262619019,0.758494734764099,5.70130681991577,0.711408734321594,6.97167301177979,32.2712936401367,99.7219161987305,0.657150030136108,1.07284367084503,0,0,
30,21.34476089,0,0,0,20.08542442,0,4.734136581,0,1.793912768,0,8.454566956,0,2.55762267112732,0.766272604465485,5.70061445236206,0.697709023952484,6.77079439163208,32.0608558654785,99.6984252929688,0.718043267726898,1.09439158439636,0,0,
31,22.48039246,0,0,0,20.29930496,0,4.818486691,0,1.808683515,0,8.758112907,0,2.59459900856018,0.773565828800201,5.71021223068237,0.688339591026306,6.57817697525024,31.8563652038574,99.6744689941406,0.781079173088074,1.11461853981018,0,0,
32,23.61990356,0,0,0,20.51251984,0,4.902420998,0,1.822600007,0,9.063135147,0,2.63050103187561,0.780411720275879,5.72871685028076,0.682783305644989,6.39362525939941,31.6578826904297,99.6501159667969,0.846167623996735,1.13371992111206,0,0,
33,24.76114273,0,0,0,20.72472954,0,4.985757828,0,1.835711598,0,9.368990898,0,2.66540384292603,0.786846816539764,5.75493240356445,0.680586099624634,6.21694660186768,31.4654426574707,99.6254348754883,0.913223743438721,1.1518622636795,0,0,
34,25.89961624,0,0,0,20.93517303,0,5.068156719,0,1.848044991,0,9.674407959,0,2.69935178756714,0.792899489402771,5.78780174255371,0.681340634822845,6.04795265197754,31.2790660858154,99.6004791259766,0.982152104377747,1.16918087005615,0,0,
35,27.03793716,0,0,0,21.14440727,0,5.149804115,0,1.859702945,0,9.980033875,0,2.73238587379456,0.798597872257233,5.82640171051025,0.684686481952667,5.88645696640015,31.098747253418,99.5753173828125,1.05285751819611,1.18578934669495,0,0,
36,28.17163277,0,0,0,21.35167885,0,5.230381966,0,1.870710611,0,10.28460979,0,2.76454567909241,0.803969860076904,5.86992645263672,0.690304458141327,5.73227739334106,30.9244689941406,99.5499801635742,1.12524545192719,1.20178270339966,0,0,
37,29.30094337,0,0,0,21.55709648,0,5.309913158,0,1.881138921,0,10.58814716,0,2.79586029052734,0.809040546417236,5.91766309738159,0.697908759117126,5.58523321151733,30.7561988830566,99.524528503418,1.19921600818634,1.21723818778992,0,0,
38,30.4237709,0,0,0,21.76034546,0,5.388266563,0,1.8910324570000001,0,10.89003754,0,2.82635951042175,0.813834965229034,5.96898651123047,0.707245707511902,5.44514751434326,30.5938911437988,99.4989929199219,1.27467024326324,1.23222029209137,0,0,
39,31.53802681,0,0,0,21.96112442,0,5.465312004,0,1.900434375,0,11.18967628,0,2.85606575012207,0.818375527858734,6.02334070205688,0.718087196350098,5.31184530258179,30.4374904632568,99.4734191894531,1.35150468349457,1.24678039550781,0,0,
40,32.64393616,0,0,0,22.1595192,0,5.541087151,0,1.909402966,0,11.4870863,0,2.88500332832336,0.822684645652771,6.08023548126221,0.730230391025543,5.18515396118164,30.2869281768799,99.4478454589844,1.42961633205414,1.26096105575562,0,0,
41,33.74171448,0,0,0,22.35563087,0,5.615626335,0,1.917990804,0,11.78228951,0,2.91320538520813,0.826785385608673,6.13924741744995,0.743497312068939,5.06490325927734,30.1421337127686,99.4223098754883,1.50890827178955,1.27479910850525,0,0,
42,34.82925415,0,0,0,22.54914284,0,5.688811302,0,1.926228881,0,12.07469273,0,2.94070172309875,0.830698788166046,6.20000267028809,0.757729113101959,4.95092535018921,30.0030269622803,99.3968353271484,1.58928406238556,1.28832471370697,0,0,
43,35.90676498,0,0,0,22.74013901,0,5.760680676,0,1.934161901,0,12.36432171,0,2.96752023696899,0.834443867206573,6.2621693611145,0.772783815860748,4.84305477142334,29.8695220947266,99.3714599609375,1.67064738273621,1.30156207084656,0,0,
44,36.97214508,0,0,0,22.92830276,0,5.831120968,0,1.941813111,0,12.65059471,0,2.9936857223510702,0.838037967681885,6.32545328140259,0.788534343242645,4.74112844467163,29.7415332794189,99.3462219238281,1.7529022693634,1.31453084945679,0,0,
45,38.02331161,0,0,0,23.11332321,0,5.900024414,0,1.949204087,0,12.93293381,0,3.01921319961548,0.841495096683502,6.38958311080933,0.80486398935318,4.64498519897461,29.6189670562744,99.3211364746094,1.83594834804535,1.32724452018738,0,0,
46,39.064991,0,0,0,23.29606438,0,5.967727184,0,1.956399202,0,13.21259022,0,3.04413223266602,0.844831347465515,6.45433378219604,0.821673095226288,4.55446624755859,29.5017261505127,99.2962417602539,1.91969549655914,1.33971703052521,0,0,
47,40.09054184,0,0,0,23.47540474,0,6.033824444,0,1.963381052,0,13.48776817,0,3.06846570968628,0.848060190677643,6.51950216293335,0.838871955871582,4.46941471099854,29.3897151947021,99.2715606689453,2.00405406951904,1.35195899009705,0,0,
48,41.10240173,0,0,0,23.65182877,0,6.098505974,0,1.970191836,0,13.75911617,0,3.09222602844238,0.851191759109497,6.5848970413208,0.856376528739929,4.38967609405518,29.2828311920166,99.2471160888672,2.08892869949341,1.36397659778595,0,0,
49,42.10073471,0,0,0,23.8253994,0,6.161809444,0,1.976854205,0,14.02666855,0,3.11543822288513,0.854237794876099,6.65036201477051,0.874116182327271,4.31509780883789,29.1809730529785,99.2229309082031,2.17423510551453,1.37577724456787,0,0,
50,43.08343124,0,0,0,23.99578667,0,6.223628521,0,1.983374119,0,14.28985977,0,3.1381196975708,0.857207834720612,6.71575403213501,0.892026424407959,4.24552917480469,29.0840377807617,99.1990356445313,2.25988793373108,1.38736641407013,0,0,
51,44.05064392,0,0,0,24.16303825,0,6.284000397,0,1.989768744,0,14.54871559,0,3.1602840423584,0.860109269618988,6.7809419631958,0.910048365592957,4.18082237243652,28.9919204711914,99.1754531860352,2.34580183029175,1.39874720573425,0,0,
52,45.00251389,0,0,0,24.3272419,0,6.342966557,0,1.996054053,0,14.80329132,0,3.18194770812988,0.862949669361115,6.84581327438354,0.928130447864532,4.12083101272583,28.9045162200928,99.1521987915039,2.43189644813538,1.40992271900177,0,0,
53,45.93916702,0,0,0,24.48843193,0,6.400556564,0,2.002242804,0,15.05360794,0,3.20312833786011,0.86573588848114,6.91027116775513,0.946227967739105,4.06541109085083,28.821720123291,99.1292877197266,2.51809525489807,1.4208961725235,0,0,
54,46.86073685,0,0,0,24.64666176,0,6.456804752,0,2.008346796,0,15.29970741,0,3.22384333610535,0.868474304676056,6.9742317199707,0.964301764965057,4.01442050933838,28.74342918396,99.1067504882813,2.6043267250061,1.43167090415955,0,0,
55,47.76732635,0,0,0,24.80199051,0,6.511746407,0,2.01437521,0,15.54162025,0,3.24411082267761,0.871170282363892,7.03762435913086,0.982317805290222,3.9677197933197,28.6695365905762,99.084602355957,2.69052219390869,1.44225013256073,0,0,
56,48.65461349,0,0,0,24.95368576,0,6.565140247,0,2.020306349,0,15.77819729,0,3.26393365859985,0.87382584810257,7.10037326812744,1.00024127960205,3.92517161369324,28.5999393463135,99.0628662109375,2.77660775184631,1.45263338088989,0,0,
57,49.52936935,0,0,0,25.10294914,0,6.61741972,0,2.026191235,0,16.01125145,0,3.28332543373108,0.87644499540329,7.16242074966431,1.0180447101593,3.88664102554321,28.5345325469971,99.0415496826172,2.8625180721283,1.46282255649567,0,0,
58,50.38504028,0,0,0,25.24868011,0,6.668218136,0,2.03199029,0,16.23904037,0,3.30229926109314,0.87903106212616,7.22371816635132,1.03570401668549,3.85199546813965,28.4732131958008,99.0206680297852,2.94819140434265,1.47281968593597,0,0,
59,51.22616196,0,0,0,25.39167595,0,6.717826843,0,2.037737846,0,16.46277618,0,3.32086133956909,0.88158518075943,7.28421640396118,1.05319595336914,3.82110381126404,28.4158782958984,99.0002365112305,3.03356456756592,1.48262500762939,0,0,
60,52.05060959,0,0,0,25.53158188,0,6.766142368,0,2.043421745,0,16.68190765,0,3.33902502059937,0.884110450744629,7.34388017654419,1.07050263881683,3.79383754730225,28.3624267578125,98.9802780151367,3.1185827255249,1.49224102497101,0,0,
61,52.85847092,0,0,0,25.6684494,0,6.81318903,0,2.049044371,0,16.89646149,0,3.35679602622986,0.886607587337494,7.40267515182495,1.087606549263,3.77007079124451,28.3127555847168,98.9607849121094,3.20318865776062,1.50166821479797,0,0,
62,53.64984131,0,0,0,25.80230713,0,6.858995438,0,2.054606676,0,17.10646629,0,3.37418127059937,0.889077186584473,7.46056938171387,1.10449206829071,3.74967980384827,28.2667655944824,98.9417877197266,3.28732895851135,1.51090729236603,0,0,
63,54.42478943,0,0,0,25.93319321,0,6.903585434,0,2.060109615,0,17.31195831,0,3.3911874294281,0.891520023345947,7.51753807067871,1.12114608287811,3.73254299163818,28.2243556976318,98.9233016967773,3.37095260620117,1.51995944976807,0,0,
64,55.18340302,0,0,0,26.06112671,0,6.94698143,0,2.065553188,0,17.51296234,0,3.4078209400177,0.893936455249786,7.57355928421021,1.13755738735199,3.71854114532471,28.1854267120361,98.9053268432617,3.45401167869568,1.5288257598877,0,0,
65,55.92794418,0,0,0,26.1865139,0,6.989332199,0,2.070953131,0,17.71008873,0,3.42409443855286,0.896328151226044,7.62862348556519,1.15371870994568,3.7075572013855,28.1498832702637,98.8878707885742,3.5364656448364298,1.53750908374786,0,0,
66,56.65628052,0,0,0,26.30901909,0,7.03053236,0,2.07629323,0,17.90278244,0,3.44001889228821,0.898696005344391,7.68272304534912,1.16962397098541,3.69947648048401,28.1176300048828,98.8709487915039,3.61827611923218,1.54601228237152,0,0,
67,57.3684845,0,0,0,26.42864418,0,7.070600986,0,2.081571341,0,18.09106445,0,3.45559668540955,0.901039063930511,7.73584461212158,1.18526554107666,3.69418716430664,28.0885715484619,98.8545684814453,3.69940185546875,1.55433619022369,0,0,
68,58.06462097,0,0,0,26.54543114,0,7.109560966,0,2.086786985,0,18.27496719,0,3.47083067893982,0.903356194496155,7.78797817230225,1.20063698291779,3.69157910346985,28.062614440918,98.838737487793,3.77980399131775,1.5624817609787,0,0,
69,58.74473953,0,0,0,26.65939331,0,7.147428513,0,2.09193778,0,18.45450783,0,3.48572421073914,0.905646741390228,7.83911514282227,1.21573269367218,3.69154524803162,28.039665222168,98.8234558105469,3.85944557189941,1.57044982910156,0,0,
70,59.41108322,0,0,0,26.7709198,0,7.184344769,0,2.097038507,0,18.63029099,0,3.50028610229492,0.90791130065918,7.8892560005188,1.23055064678192,3.6939799785614,28.0196361541748,98.8087387084961,3.93829703330994,1.57824337482452,0,0,
71,60.06153107,0,0,0,26.87966537,0,7.22020483,0,2.102070808,0,18.80176544,0,3.51452422142029,0.910149991512299,7.93840312957764,1.24508917331696,3.69878053665161,28.0024337768555,98.7945785522461,4.01633024215698,1.58586478233337,0,0,
72,60.69829559,0,0,0,26.98601913,0,7.255143642,0,2.107048988,0,18.96951294,0,3.52844500541687,0.912362575531006,7.98655796051025,1.25934708118439,3.70584678649902,27.9879722595215,98.7809906005859,4.09351778030396,1.5933164358139,0,0,
73,61.31925201,0,0,0,27.08963013,0,7.289055824,0,2.111953974,0,19.13298798,0,3.54205322265625,0.914548277854919,8.03372478485107,1.2733234167099,3.71508049964905,27.9761657714844,98.7679824829102,4.16983461380005,1.60060060024261,0,0,
74,61.92662811,0,0,0,27.19086647,0,7.322079182,0,2.116800785,0,19.29278564,0,3.55535268783569,0.916706442832947,8.07990646362305,1.28701758384705,3.72638583183289,27.9669303894043,98.7555541992188,4.24525690078735,1.60771918296814,0,0,
75,62.51828003,0,0,0,27.28939438,0,7.354104996,0,2.121569157,0,19.44834518,0,3.56834745407104,0.918836116790771,8.12510681152344,1.30042910575867,3.73966932296753,27.9601802825928,98.7437057495117,4.31976270675659,1.61467385292053,0,0,
76,63.09643173,0,0,0,27.38559151,0,7.385264874,0,2.126274347,0,19.6002636,0,3.58103966712952,0.920936405658722,8.16932964324951,1.31355774402618,3.75483965873718,27.9558334350586,98.7324371337891,4.39333057403564,1.62146627902985,0,0,
77,63.66111374,0,0,0,27.47947311,0,7.415573597,0,2.130913973,0,19.74855423,0,3.59343814849854,0.923007786273956,8.21258640289307,1.32640612125397,3.77180814743042,27.9538097381592,98.7217559814453,4.46594476699829,1.62809991836548,0,0,
78,64.21234894,0,0,0,27.57104111,0,7.445040226,0,2.135485649,0,19.89322662,0,3.60554981231689,0.92505019903183,8.25488758087158,1.33897662162781,3.79048800468445,27.954029083252,98.7116622924805,4.53759050369263,1.63457751274109,0,0,
79,64.75019836,0,0,0,27.66030693,0,7.473677635,0,2.139986992,0,20.03430176,0,3.61737942695618,0.927063226699829,8.29624462127686,1.35127127170563,3.81079483032227,27.9564170837402,98.7021560668945,4.60825490951538,1.64090156555176,0,0,
80,65.27684021,0,0,0,27.74765015,0,7.501608849,0,2.144433975,0,20.17236137,0,3.62893676757813,0.929047882556915,8.33667373657227,1.36329460144043,3.83264684677124,27.9608955383301,98.6932373046875,4.67792940139771,1.64707589149475,0,0,
81,65.78797913,0,0,0,27.83237076,0,7.528616428,0,2.148787975,0,20.30628395,0,3.64022326469421,0.931002497673035,8.37618350982666,1.37504827976227,3.85596418380737,27.9673900604248,98.6849060058594,4.74660205841064,1.65310251712799,0,0,
82,66.28796387,0,0,0,27.91517067,0,7.554940701,0,2.153082371,0,20.43721008,0,3.65123987197876,0.932925760746002,8.41478157043457,1.38653385639191,3.88066935539246,27.9758281707764,98.6771621704102,4.8142614364624,1.65898287296295,0,0,
83,66.77466583,0,0,0,27.99572182,0,7.580471516,0,2.15729785,0,20.56459427,0,3.66199421882629,0.934818208217621,8.45248317718506,1.39775514602661,3.90668678283691,27.986141204834,98.6700134277344,4.88090133666992,1.66471993923187,0,0,
84,67.24811554,0,0,0,28.07403183,0,7.605223656,0,2.161430836,0,20.68844604,0,3.67248439788818,0.936678111553192,8.48929309844971,1.40871345996857,3.93394374847412,27.998254776001,98.663444519043,4.94651126861572,1.67031502723694,0,0,
85,67.71047974,0,0,0,28.15045929,0,7.629312038,0,2.165498734,0,20.80933762,0,3.68271636962891,0.938505530357361,8.52522563934326,1.41941213607788,3.96236848831177,28.0121040344238,98.657470703125,5.01108646392822,1.67577052116394,0,0,
86,68.16179657,0,0,0,28.22500992,0,7.652750492,0,2.169499397,0,20.92728424,0,3.69270038604736,0.940302133560181,8.56029987335205,1.42985689640045,3.99189186096191,28.0276184082031,98.6520690917969,5.07462692260742,1.68109047412872,0,0,
87,68.60208893,0,0,0,28.29770279,0,7.675541878,0,2.173431158,0,21.04229355,0,3.70244407653809,0.942068338394165,8.59453392028809,1.44005286693573,4.02244710922241,28.0447330474854,98.6472549438477,5.13713216781616,1.68627834320068,0,0,
88,69.02920532,0,0,0,28.36818504,0,7.697584152,0,2.17727232,0,21.15381241,0,3.71194696426392,0.943802416324615,8.62793636322021,1.45000207424164,4.05396938323975,28.0633869171143,98.6430130004883,5.19859790802002,1.69133543968201,0,0,
89,69.44748688,0,0,0,28.43716812,0,7.719103813,0,2.181060076,0,21.26297379,0,3.72121429443359,0.945504724979401,8.66052150726318,1.45970892906189,4.08639574050903,28.0835189819336,98.6393508911133,5.25902462005615,1.69626462459564,0,0,
90,69.85262299,0,0,0,28.5039463,0,7.739887238,0,2.184753418,0,21.36865997,0,3.73025059700012,0.947175025939941,8.69230365753174,1.46917724609375,4.11966562271118,28.1050643920898,98.6362609863281,5.31841278076172,1.70106828212738,0,0,
91,70.2489624,0,0,0,28.56924248,0,7.760160923,0,2.188390255,0,21.47200775,0,3.73905825614929,0.948812961578369,8.72329616546631,1.4784107208252,4.15371990203857,28.1279640197754,98.6337432861328,5.37676286697388,1.70574867725372,0,0,
92,70.6343689,0,0,0,28.63271523,0,7.779821873,0,2.191949129,0,21.57246399,0,3.74764680862427,0.950419902801514,8.75351715087891,1.48741483688354,4.18850088119507,28.1521625518799,98.6317901611328,5.43408107757568,1.71030914783478,0,0,
93,71.01098633,0,0,0,28.69470787,0,7.798979759,0,2.195447922,0,21.67059135,0,3.75602126121521,0.951996207237244,8.78298377990723,1.49619460105896,4.22395467758179,28.1776027679443,98.6304016113281,5.49037170410156,1.71475279331207,0,0,
94,71.37670135,0,0,0,28.75487518,0,7.817534924,0,2.198865891,0,21.76583672,0,3.76418614387512,0.953541934490204,8.81171131134033,1.50475454330444,4.26002740859985,28.2042293548584,98.6295776367188,5.54563999176025,1.71908223628998,0,0,
95,71.73150635,0,0,0,28.81322479,0,7.835491657,0,2.20220089,0,21.85821152,0,3.77213907241821,0.955054998397827,8.83970546722412,1.51309597492218,4.29666805267334,28.2319869995117,98.6293106079102,5.59988594055176,1.72329795360565,0,0,
96,72.07972717,0,0,0,28.87046623,0,7.853070259,0,2.20549202,0,21.94883347,0,3.77988958358765,0.956537425518036,8.86698818206787,1.5212254524231,4.33382654190063,28.2608261108398,98.6295852661133,5.6531195640564,1.72740399837494,0,0,
97,72.41707611,0,0,0,28.92589378,0,7.870059013,0,2.208698034,0,22.03659439,0,3.78744554519653,0.957990407943726,8.89357757568359,1.52914822101593,4.37145519256592,28.2906932830811,98.6304092407227,5.70535039901733,1.73140347003937,0,0,
98,72.74569702,0,0,0,28.97988129,0,7.88657093,0,2.21183753,0,22.12206078,0,3.79480504989624,0.959412336349487,8.91948223114014,1.53686702251434,4.409508228302,28.3215389251709,98.6317749023438,5.75658226013184,1.73529756069183,0,0,
99,73.06347656,0,0,0,29.0320549,0,7.902500629,0,2.214888334,0,22.20467567,0,3.8019685745239298,0.96080219745636,8.94471168518066,1.54438412189484,4.44794082641602,28.3533172607422,98.6336822509766,5.80681943893433,1.73908746242523,0,0,
100,73.37470245,0,0,0,29.08314896,0,7.918066502,0,2.217891216,0,22.28556252,0,3.80894088745117,0.962160885334015,8.96928024291992,1.55170392990112,4.48671054840088,28.3859786987305,98.636116027832,5.85607004165649,1.74277555942535,0,0,
101,73.67723846,0,0,0,29.13277626,0,7.933164597,0,2.220824003,0,22.36416245,0,3.8157331943512,0.963490903377533,8.99320888519287,1.55883276462555,4.52577590942383,28.4194793701172,98.6390762329102,5.90434741973877,1.74636578559875,0,0,
102,73.97325134,0,0,0,29.18134499,0,7.947907448,0,2.223706961,0,22.44104767,0,3.82235240936279,0.964793145656586,9.01651477813721,1.56577634811401,4.56509733200073,28.4537754058838,98.6425628662109,5.95166349411011,1.74986135959625,0,0,
103,74.25843811,0,0,0,29.22809982,0,7.962081432,0,2.226496696,0,22.51509476,0,3.82879781723022,0.966066300868988,9.03920841217041,1.5725371837616,4.60463666915894,28.4888210296631,98.6465682983398,5.99802589416504,1.75326347351074,0,0,
104,74.537117,0,0,0,29.27378273,0,7.975906849,0,2.229234695,0,22.58743668,0,3.83506870269775,0.967309355735779,9.06129837036133,1.57911765575409,4.64435815811157,28.5245761871338,98.6510848999023,6.04344081878662,1.75657296180725,0,0,
105,74.8092804,0,0,0,29.31838799,0,7.989381313,0,2.231920004,0,22.6580658,0,3.84117722511292,0.968525469303131,9.08280658721924,1.58552479743958,4.68422603607178,28.5610008239746,98.6561126708984,6.08792543411255,1.7597941160202,0,0,
106,75.07279205,0,0,0,29.36156845,0,8.002403259,0,2.234530449,0,22.7264328,0,3.84712505340576,0.969714224338531,9.10374546051025,1.59176218509674,4.72420740127563,28.5980529785156,98.6616363525391,6.13148880004883,1.76292884349823,0,0,
107,75.32981873,0,0,0,29.40365028,0,8.015080452,0,2.237086535,0,22.79309082,0,3.85291457176209,0.970875263214111,9.12412643432617,1.59783291816711,4.76426935195923,28.6356945037842,98.6676559448242,6.17414236068726,1.7659786939621,0,0,
108,75.57820892,0,0,0,29.44432831,0,8.027309418,0,2.239566088,0,22.85749817,0,3.85854649543762,0.972008407115936,9.14395999908447,1.60373997688293,4.80438184738159,28.6738910675049,98.6741714477539,6.21589422225952,1.76894509792328,0,0,
109,75.82225037,0,0,0,29.48427582,0,8.039304733,0,2.242011309,0,22.92076302,0,3.86402821540833,0.973115146160126,9.16326141357422,1.60948848724365,4.84451532363892,28.7126064300537,98.6811752319336,6.25675916671753,1.77183091640472,0,0,
110,76.05767822,0,0,0,29.52280807,0,8.050857544,0,2.244379044,0,22.98178101,0,3.86936497688293,0.974196374416351,9.18204593658447,1.61508274078369,4.88464117050171,28.751802444458,98.6886520385742,6.29675054550171,1.77463853359222,0,0,
111,76.28661346,0,0,0,29.56026459,0,8.062074661,0,2.246688843,0,23.04109764,0,3.8745539188385,0.975250482559204,9.20031929016113,1.62052440643311,4.92473268508911,28.7914447784424,98.6966018676758,6.33587646484375,1.77736830711365,0,0,
112,76.50908661,0,0,0,29.59665489,0,8.072956085,0,2.248941183,0,23.09873009,0,3.87959933280945,0.976278305053711,9.21809387207031,1.62581694126129,4.96476411819458,28.8315029144287,98.7050247192383,6.37414884567261,1.78002226352692,0,0,
113,76.72723389,0,0,0,29.63233566,0,8.083609581,0,2.251156807,0,23.15522766,0,3.88451075553894,0.977282285690308,9.23538780212402,1.63096630573273,5.00471115112305,28.8719444274902,98.7139129638672,6.41158437728882,1.78260385990143,0,0,
114,76.93678284,0,0,0,29.66659355,0,8.093829155,0,2.253291845,0,23.20948792,0,3.88928818702698,0.978261709213257,9.25221061706543,1.6359748840332,5.04455041885376,28.9127388000488,98.7232513427734,6.44819402694702,1.78511416912079,0,0,
115,77.14200592,0,0,0,29.70014763,0,8.103821754,0,2.255389214,0,23.2626152,0,3.89393281936646,0.9792160987854,9.26856994628906,1.6408451795578,5.08425998687744,28.9538555145264,98.7330474853516,6.4839882850647,1.78755438327789,0,0,
116,77.34078217,0,0,0,29.7326355,0,8.113488197,0,2.257426739,0,23.31406593,0,3.89845037460327,0.980147123336792,9.28448104858398,1.64558172225952,5.12381839752197,28.9952659606934,98.743278503418,6.51898193359375,1.78992712497711,0,0,
117,77.53523254,0,0,0,29.76441193,0,8.12293148,0,2.25942564,0,23.3643856,0,3.90284562110901,0.981055557727814,9.29995727539063,1.65018844604492,5.16320562362671,29.0369415283203,98.7539520263672,6.55318880081177,1.79223418235779,0,0,
118,77.72324371,0,0,0,29.79511452,0,8.132047653,0,2.261363268,0,23.41302681,0,3.90712189674377,0.981941819190979,9.31500816345215,1.6546688079834,5.20240259170532,29.078857421875,98.7650604248047,6.58662271499634,1.79447746276855,0,0,
119,77.9069519,0,0,0,29.82512283,0,8.140947342,0,2.263262033,0,23.4605484,0,3.91128158569336,0.982806026935577,9.32964611053467,1.65902590751648,5.24139213562012,29.1209850311279,98.7765960693359,6.61929607391357,1.79665863513947,0,0,
120,78.08421326,0,0,0,29.85407639,0,8.149522781,0,2.265099049,0,23.50639725,0,3.91532683372498,0.983648240566254,9.34387969970703,1.66326248645782,5.28015613555908,29.1632995605469,98.7885513305664,6.65122175216675,1.79877901077271,0,0,
121,78.25717163,0,0,0,29.88231087,0,8.157877922,0,2.266895294,0,23.55111885,0,3.91925859451294,0.984468400478363,9.35771751403809,1.66738092899323,5.31867933273315,29.2057781219482,98.8009262084961,6.6824107170105,1.80083978176117,0,0,
122,78.42584229,0,0,0,29.90984917,0,8.166016579,0,2.268651962,0,23.59472847,0,3.92308330535889,0.985268414020538,9.37117385864258,1.67138576507568,5.35694646835327,29.2483959197998,98.8137130737305,6.7128791809082,1.80284345149994,0,0,
123,78.58807373,0,0,0,29.93634415,0,8.173838615,0,2.270345449,0,23.63666725,0,3.92680048942566,0.986047267913818,9.38425540924072,1.67527866363525,5.39494323730469,29.2911319732666,98.8269119262695,6.74263715744019,1.80479061603546,0,0,
124,78.74814606,0,0,0,29.96246338,0,8.181544304,0,2.272019863,0,23.67803764,0,3.93041563034058,0.986806452274323,9.39697456359863,1.6790633201599101,5.43265628814697,29.3339595794678,98.8404998779297,6.77169942855835,1.80668342113495,0,0,
125,78.9017868,0,0,0,29.98752975,0,8.188934326,0,2.273630857,0,23.71774101,0,3.93393206596375,0.987546682357788,9.40934181213379,1.68274319171906,5.47007322311401,29.3768653869629,98.8544769287109,6.80008029937744,1.80852365493774,0,0,
126,79.0511322,0,0,0,30.01189613,0,8.196109772,0,2.275200129,0,23.75632858,0,3.93734669685364,0.988266289234161,9.42135906219482,1.68631887435913,5.50718212127686,29.4198246002197,98.8688430786133,6.82778739929199,1.81031107902527,0,0,
127,79.19620514,0,0,0,30.03556252,0,8.203070641,0,2.276727676,0,23.79380608,0,3.94066333770752,0.988966286182404,9.43303680419922,1.6897931098938,5.5439715385437,29.4628162384033,98.8835906982422,6.85483503341675,1.81204736232758,0,0,
128,79.33699036,0,0,0,30.0585289,0,8.209823608,0,2.278213263,0,23.83017349,0,3.94388484954834,0.989647328853607,9.44438362121582,1.69316852092743,5.58043146133423,29.5058212280273,98.8987121582031,6.88123416900635,1.81373393535614,0,0,
129,79.47561646,0,0,0,30.08113289,0,8.216463089,0,2.279678583,0,23.86597443,0,3.94701886177063,0.990311682224274,9.45541477203369,1.6964498758316,5.61655282974243,29.5488224029541,98.9142074584961,6.90700197219849,1.81537342071533,0,0,
130,79.60782623,0,0,0,30.102705,0,8.222792625,0,2.281078815,0,23.90011978,0,3.95006561279297,0.990958571434021,9.46613502502441,1.69963884353638,5.65232610702515,29.5918045043945,98.930061340332,6.9321494102478,1.8169664144516,0,0,
131,79.73789215,0,0,0,30.12390327,0,8.229010582,0,2.282458782,0,23.93370056,0,3.95302414894104,0.991587579250336,9.4765510559082,1.70273697376251,5.68774366378784,29.6347465515137,98.9462738037109,6.95668601989746,1.81851375102997,0,0,
132,79.86367035,0,0,0,30.14441872,0,8.235019684,0,2.283795834,0,23.96617508,0,3.95590090751648,0.992200314998627,9.48667430877686,1.7057478427887,5.72279691696167,29.6776371002197,98.9628448486328,6.98062801361084,1.82001745700836,0,0,
133,79.98731232,0,0,0,30.16456604,0,8.240920067,0,2.285112143,0,23.99808884,0,3.95870018005371,0.992797911167145,9.49651622772217,1.70867490768433,5.75747966766357,29.7204570770264,98.9797668457031,7.00398826599121,1.82147932052612,0,0,
134,80.10453796,0,0,0,30.18367386,0,8.246511459,0,2.286362648,0,24.02835083,0,3.96141886711121,0.993378877639771,9.50607776641846,1.71151864528656,5.7917857170105,29.7631931304932,98.9970245361328,7.02677488327026,1.82289910316467,0,0,
135,80.22175598,0,0,0,30.20278358,0,8.25209713,0,2.287614822,0,24.05859947,0,3.96406054496765,0.99394416809082,9.5153694152832,1.71428179740906,5.82570934295654,29.8058300018311,99.0146255493164,7.04900169372559,1.82427859306335,0,0,
136,80.33255768,0,0,0,30.22083282,0,8.257371902,0,2.28880024,0,24.08719254,0,3.96662855148315,0.994494616985321,9.52439785003662,1.71696698665619,5.85924530029297,29.8483543395996,99.0325469970703,7.07068061828613,1.82561910152435,0,0,
137,80.44122314,0,0,0,30.23854637,0,8.262542725,0,2.289964676,0,24.11522865,0,3.96911859512329,0.99502831697464,9.53316497802734,1.71957385540009,5.89238834381104,29.890754699707,99.0507965087891,7.09181928634644,1.82692003250122,0,0,
138,80.54774475,0,0,0,30.25589561,0,8.267607689,0,2.291107893,0,24.14271164,0,3.97154021263123,0.99554860591888406,9.5416841506958,1.72210705280304,5.92513465881348,29.9330158233643,99.0693588256836,7.11243295669556,1.82818424701691,0,0,
139,80.65000153,0,0,0,30.2725563,0,8.27246666,0,2.292206764,0,24.16909027,0,3.97389364242554,0.996054947376251,9.54996204376221,1.72456836700439,5.95748043060303,29.9751262664795,99.0882415771484,7.13253259658813,1.82941246032715,0,0,
140,80.75010681,0,0,0,30.28886414,0,8.277218819,0,2.293283939,0,24.19491196,0,3.97617959976196,0.996547222137451,9.55800342559814,1.72695910930634,5.98942232131958,30.0170764923096,99.1074371337891,7.15212869644165,1.83060538768768,0,0,
141,80.8480835,0,0,0,30.30481148,0,8.281866074,0,2.294339657,0,24.2201767,0,3.97840428352356,0.997027456760406,9.56581878662109,1.72928321361542,6.02095794677734,30.0588550567627,99.1269378662109,7.17123556137085,1.83176517486572,0,0,
142,80.94179535,0,0,0,30.32008362,0,8.28631115,0,2.29535079,0,24.24434662,0,3.98056626319885,0.997494637966156,9.57341289520264,1.73154127597809,6.05208492279053,30.1004524230957,99.146728515625,7.18986177444458,1.83289194107056,0,0,
143,81.03336334,0,0,0,30.3350029,0,8.290650368,0,2.296340227,0,24.26795959,0,3.98266506195068,0.997948169708252,9.58078956604004,1.73373425006866,6.08280086517334,30.1418571472168,99.1668243408203,7.20801639556885,1.83398616313934,0,0,
144,81.1206665,0,0,0,30.34922028,0,8.294782639,0,2.297284603,0,24.29047203,0,3.98469924926758,0.998387694358826,9.58795070648193,1.73586273193359,6.11310482025146,30.1830577850342,99.1871948242188,7.22570705413818,1.83504784107208,0,0,
145,81.20795441,0,0,0,30.3634243,0,8.298913002,0,2.298229694,0,24.31297684,0,3.98667430877686,0.99881511926651,9.59490489959717,1.7379298210144,6.14299535751343,30.2240447998047,99.2078552246094,7.2429461479187,1.83607852458954,0,0,
146,81.29099274,0,0,0,30.37695313,0,8.302841187,0,2.299130201,0,24.33438492,0,3.98859453201294,0.999231517314911,9.60166168212891,1.73993802070618,6.17247152328491,30.2648124694824,99.2287902832031,7.25974607467651,1.83707988262177,0,0,
147,81.37188721,0,0,0,30.39011383,0,8.306664467,0,2.300008059,0,24.35523605,0,3.9904568195343,0.999635279178619,9.60822010040283,1.74188733100891,6.20153284072876,30.3053512573242,99.2499923706055,7.27611351013184,1.83805155754089,0,0,
148,81.45277405,0,0,0,30.40328407,0,8.31048584,0,2.300886869,0,24.37608719,0,3.99227094650269,1.00002980232239,9.61459541320801,1.7437824010849,6.23017930984497,30.3456554412842,99.2714691162109,7.29206371307373,1.83899652957916,0,0,
149,81.52939606,0,0,0,30.41575432,0,8.314105034,0,2.301720381,0,24.39583588,0,3.99403858184814,1.00041496753693,9.62079334259033,1.74562501907349,6.25841045379639,30.3857173919678,99.2932052612305,7.30760765075684,1.83991551399231,0,0,
150,81.60388947,0,0,0,30.42788696,0,8.317620277,0,2.302531481,0,24.41503334,0,3.99575352668762,1.00078845024109,9.62681198120117,1.74741423130035,6.28622722625732,30.4255275726318,99.3151931762695,7.32275009155273,1.8408077955246,0,0,
151,81.67624664,0,0,0,30.43965721,0,8.321033478,0,2.303320169,0,24.43368149,0,3.99741792678833,1.0011510848999,9.63265800476074,1.74915182590485,6.3136305809021,30.4650802612305,99.3374328613281,7.33750057220459,1.84167432785034,0,0,
152,81.74434662,0,0,0,30.450737,0,8.324243546,0,2.304063082,0,24.45122719,0,3.99902749061584,1.00150120258331,9.63832759857178,1.75083673000336,6.34062147140503,30.5043697357178,99.3599243164063,7.35186338424683,1.84251391887665,0,0,
153,81.81455994,0,0,0,30.46217346,0,8.327554703,0,2.304829836,0,24.4693222,0,4.00059127807617,1.00184202194214,9.64383411407471,1.75247299671173,6.36720085144043,30.5433902740479,99.3826522827148,7.36585235595703,1.84332919120789,0,0,
154,81.88052368,0,0,0,30.47289276,0,8.330659866,0,2.305550575,0,24.48631668,0,4.00211620330811,1.00217545032501,9.64918804168701,1.75406408309937,6.39337015151978,30.5821342468262,99.4056243896484,7.37947988510132,1.84412240982056,0,0,
155,81.94435883,0,0,0,30.48329163,0,8.333665848,0,2.306248903,0,24.50276184,0,4.00359392166138,1.00249838829041,9.65438461303711,1.75560832023621,6.4191312789917,30.6205978393555,99.428825378418,7.39274978637695,1.8448920249939,0,0,
156,82.00605011,0,0,0,30.49332047,0,8.336568832,0,2.306924105,0,24.51865387,0,4.00502586364746,1.0028110742569,9.65942764282227,1.75710666179657,6.44448614120483,30.6587772369385,99.452262878418,7.40566921234131,1.84563827514648,0,0,
157,82.06774902,0,0,0,30.50336456,0,8.339471817,0,2.30760026,0,24.53454971,0,4.00641822814941,1.00311577320099,9.66432571411133,1.7585620880127,6.46943664550781,30.6966648101807,99.4759216308594,7.41825008392334,1.84636330604553,0,0,
158,82.12518311,0,0,0,30.51270294,0,8.342172623,0,2.308229923,0,24.54934311,0,4.00777006149292,1.00341176986694,9.66908168792725,1.75997507572174,6.49398517608643,30.7342586517334,99.4997940063477,7.4304986000061,1.84706711769104,0,0,
159,82.18261719,0,0,0,30.52205849,0,8.344873428,0,2.308860302,0,24.56413841,0,4.0090799331665,1.00369834899902,9.67369651794434,1.76134586334229,6.51813411712646,30.7715530395508,99.5238800048828,7.44242143630981,1.8477498292923,0,0,
160,82.23792267,0,0,0,30.53104973,0,8.347470284,0,2.309467793,0,24.5783844,0,4.01035308837891,1.00397753715515,9.67817783355713,1.76267719268799,6.54188585281372,30.8085460662842,99.5481796264648,7.45402956008911,1.84841299057007,0,0,
161,82.29109955,0,0,0,30.53970337,0,8.349970818,0,2.310052156,0,24.59207916,0,4.01158761978149,1.00424826145172,9.68252754211426,1.76396906375885,6.5652437210083,30.8452339172363,99.5726776123047,7.46532821655273,1.84905648231506,0,0,
162,82.3442688,0,0,0,30.54834938,0,8.352464676,0,2.310636759,0,24.60577202,0,4.01278829574585,1.00451195240021,9.68675231933594,1.76522397994995,6.58821058273315,30.8816108703613,99.5973892211914,7.47632694244385,1.84968161582947,0,0,
163,82.39530182,0,0,0,30.55665207,0,8.354859352,0,2.311198473,0,24.61891174,0,4.01395797729492,1.00476956367493,9.69085884094238,1.76644384860992,6.61078929901123,30.9176788330078,99.6222915649414,7.48703575134277,1.85028946399689,0,0,
164,82.44421387,0,0,0,30.56459618,0,8.3571558,0,2.311737061,0,24.63150787,0,4.0150933265686,1.00501942634583,9.69484519958496,1.76762843132019,6.63298320770264,30.9534301757813,99.6473846435547,7.49745845794678,1.85087954998016,0,0,
165,82.49312592,0,0,0,30.57255745,0,8.359449387,0,2.312275887,0,24.644104,0,4.016197681427,1.00526261329651,9.69871807098389,1.76877915859222,6.65479612350464,30.9888668060303,99.6726684570313,7.50760412216187,1.8514529466629,0,0,
166,82.53778076,0,0,0,30.57982635,0,8.361542702,0,2.312768459,0,24.65560341,0,4.01726675033569,1.00549781322479,9.70247650146484,1.76989567279816,6.67623090744019,31.0239849090576,99.6981353759766,7.5174765586853,1.85200917720795,0,0,
167,82.58455658,0,0,0,30.58743095,0,8.363734245,0,2.313284397,0,24.66764641,0,4.0183048248291,1.00572633743286,9.70612525939941,1.77097964286804,6.69729137420654,31.0587825775146,99.7237777709961,7.52708435058594,1.85254907608032,0,0,
168,82.62708282,0,0,0,30.59434319,0,8.365729332,0,2.313753843,0,24.6785965,0,4.01931428909302,1.00594878196716,9.70966911315918,1.77203261852264,6.71798133850098,31.0932579040527,99.7495956420898,7.53643417358398,1.85307347774506,0,0,
169,82.66960907,0,0,0,30.60125732,0,8.36771965,0,2.314223528,0,24.68954277,0,4.02029037475586,1.00616359710693,9.71310615539551,1.77305340766907,6.73830461502075,31.1274089813232,99.7755889892578,7.54552984237671,1.8535817861557,0,0,
170,82.71000671,0,0,0,30.60782623,0,8.369613647,0,2.314670086,0,24.69994354,0,4.02123594284058,1.00637185573578,9.71644115447998,1.77404379844666,6.75826454162598,31.1612339019775,99.8017501831055,7.55437850952148,1.85407471656799,0,0,
171,82.75039673,0,0,0,30.61439323,0,8.37150383,0,2.315116644,0,24.71034241,0,4.02215385437012,1.00657403469086,9.71967697143555,1.7750049829483,6.77786540985107,31.194730758667,99.8280792236328,7.56298685073853,1.85455286502838,0,0,
172,82.79078674,0,0,0,30.62095833,0,8.373394012,0,2.31556344,0,24.72073936,0,4.02305173873901,1.00677287578583,9.722825050354,1.77594029903412,6.79711055755615,31.2278995513916,99.8545684814453,7.57136631011963,1.85501873493195,0,0,
173,82.82693481,0,0,0,30.62683868,0,8.375084877,0,2.315963507,0,24.73004341,0,4.02392292022705,1.00696551799774,9.72588157653809,1.77684843540192,6.81600475311279,31.2607402801514,99.8812103271484,7.57951831817627,1.85547089576721,0,0,
174,82.86519623,0,0,0,30.63305473,0,8.3768749239999991,0,2.316387177,0,24.73989105,0,4.02476835250854,1.00715243816376,9.72884941101074,1.77772986888885,6.83455181121826,31.2932529449463,99.9080123901367,7.58744955062866,1.85590994358063,0,0,
175,82.89920807,0,0,0,30.63859177,0,8.37846756,0,2.316764116,0,24.74864769,0,4.02558898925781,1.00733387470245,9.73173046112061,1.77858567237854,6.85275602340698,31.3254337310791,99.9349517822266,7.59516525268555,1.85633623600006,0,0,
176,82.93321991,0,0,0,30.64412498,0,8.380056381,0,2.317141294,0,24.75740433,0,4.02637958526611,1.0075079202652,9.73452091217041,1.77941417694092,6.87062168121338,31.3572845458984,99.962043762207,7.60266590118408,1.85674846172333,0,0,
177,82.96723175,0,0,0,30.6496563,0,8.38164711,0,2.317518473,0,24.76615715,0,4.02714872360229,1.00767779350281,9.73723030090332,1.7802187204361,6.88815259933472,31.3888034820557,99.9892730712891,7.60996150970459,1.85714900493622,0,0,
178,82.99911499,0,0,0,30.6548214,0,8.383137703,0,2.317871809,0,24.77436066,0,4.0278959274292,1.00784289836884,9.73986053466797,1.78099977970123,6.90535354614258,31.419994354248,100.016639709473,7.61705732345581,1.85753762722015,0,0,
179,83.0309906,0,0,0,30.6600132,0,8.384626389,0,2.318225622,0,24.78256416,0,4.02862071990967,1.00800323486328,9.74241352081299,1.7817577123642,6.92222833633423,31.4508533477783,100.044136047363,7.62395858764648,1.857914686203,0,0,
180,83.06287384,0,0,0,30.66520309,0,8.386116028,0,2.318579912,0,24.79077148,0,4.02932929992676,1.00816094875336,9.74489784240723,1.78249561786652,6.93878126144409,31.4813804626465,100.071762084961,7.63067436218262,1.8582820892334,0,0,
181,83.09262848,0,0,0,30.67003632,0,8.387505531,0,2.31891036,0,24.79842758,0,4.03002071380615,1.00831484794617,9.74731254577637,1.78321313858032,6.95501756668091,31.5115833282471,100.099517822266,7.63720846176147,1.85863971710205,0,0,
182,83.12025452,0,0,0,30.67452049,0,8.388794899,0,2.319217205,0,24.80553627,0,4.03068685531616,1.00846230983734,9.74965286254883,1.78390836715698,6.97094058990479,31.5414543151855,100.127395629883,7.6435604095459,1.85898578166962,0,0,
183,83.14788818,0,0,0,30.67901802,0,8.39008522,0,2.319524288,0,24.81264687,0,4.0313286781311,1.00860381126404,9.75191974639893,1.7845813035965,6.98655557632446,31.5709972381592,100.155395507813,7.649733543396,1.85932052135468,0,0,
184,83.17551422,0,0,0,30.68350792,0,8.391374588,0,2.31983161,0,24.81975746,0,4.03195285797119,1.00874197483063,9.75412082672119,1.78523457050323,7.00186634063721,31.6002101898193,100.18350982666,7.65573692321777,1.85964560508728,0,0,
185,83.20313263,0,0,0,30.6879921,0,8.392664909,0,2.320138693,0,24.82686043,0,4.03256464004517,1.00887823104858,9.75626182556152,1.78587090969086,7.01687717437744,31.6290969848633,100.211738586426,7.66157817840576,1.85996246337891,0,0,
186,83.2286377,0,0,0,30.69214058,0,8.393855095,0,2.320422411,0,24.83342552,0,4.03316116333008,1.00901114940643,9.75834465026855,1.78648972511292,7.03159236907959,31.6576614379883,100.240081787109,7.66726064682007,1.86027085781097,0,0,
187,83.25202179,0,0,0,30.69593811,0,8.394946098,0,2.320682764,0,24.83944321,0,4.03373384475708,1.00913786888123,9.76036071777344,1.78708827495575,7.04601669311523,31.6858997344971,100.268524169922,7.6727819442749,1.86056888103485,0,0,
188,83.27751923,0,0,0,30.70008659,0,8.396136284,0,2.320966721,0,24.84600449,0,4.03428983688354,1.00926101207733,9.7623176574707,1.78766942024231,7.0601544380188,31.7138137817383,100.297073364258,7.67815017700195,1.8608580827713,0,0,
189,83.30089569,0,0,0,30.70389175,0,8.397227287,0,2.321226835,0,24.85201836,0,4.0348334312439,1.00938212871552,9.76422119140625,1.78823494911194,7.07400989532471,31.7414054870605,100.325729370117,7.68337249755859,1.86113977432251,0,0,
190,83.32426453,0,0,0,30.70768547,0,8.398316383,0,2.321487665,0,24.85803223,0,4.03536224365234,1.00949990749359,9.76607036590576,1.78878438472748,7.08758735656738,31.7686786651611,100.354476928711,7.68845081329346,1.86141359806061,0,0,
191,83.34551239,0,0,0,30.71113396,0,8.399307251,0,2.321724415,0,24.86349869,0,4.0358738899231,1.00961363315582,9.76786518096924,1.78931748867035,7.10089111328125,31.79563331604,100.383323669434,7.69338798522949,1.86167895793915,0,0,
192,83.36676025,0,0,0,30.7145977,0,8.400298119,0,2.321961403,0,24.86896896,0,4.03636741638184,1.00972282886505,9.76960372924805,1.7898336648941,7.11392593383789,31.8222694396973,100.412254333496,7.69818449020386,1.86193585395813,0,0,
193,83.38800049,0,0,0,30.7180481,0,8.401287079,0,2.322198153,0,24.87443161,0,4.03684759140015,1.00982940196991,9.77129173278809,1.79033493995667,7.12669563293457,31.8485870361328,100.441276550293,7.7028489112854,1.86218535900116,0,0,
194,83.40713501,0,0,0,30.72115517,0,8.402177811,0,2.322411537,0,24.879352569999998,0,4.03731155395508,1.00993227958679,9.77292823791504,1.79082071781158,7.13920450210571,31.8745880126953,100.470390319824,7.70738124847412,1.86242699623108,0,0,
195,83.42625427,0,0,0,30.72426224,0,8.403069496,0,2.322624683,0,24.88427353,0,4.03775787353516,1.01003086566925,9.77451133728027,1.7912905216217,7.1514573097229,31.9002780914307,100.499588012695,7.71178388595581,1.86266040802002,0,0,
196,83.44537354,0,0,0,30.72737694,0,8.403960228,0,2.322838068,0,24.88919258,0,4.03819179534912,1.01012706756592,9.776047706604,1.79174637794495,7.16345739364624,31.925651550293,100.528861999512,7.71606254577637,1.86288690567017,0,0,
197,83.4644928,0,0,0,30.73046875,0,8.40485096,0,2.323051453,0,24.89410782,0,4.03861618041992,1.01022171974182,9.77754211425781,1.79218983650208,7.17520904541016,31.9507160186768,100.558212280273,7.72022342681885,1.86310744285583,0,0,
198,83.48361206,0,0,0,30.73358345,0,8.405740738,0,2.323264837,0,24.89902687,0,4.03903436660767,1.01031565666199,9.77899837493896,1.79262268543243,7.18671655654907,31.9754772186279,100.58763885498,7.72427177429199,1.86332297325134,0,0,
199,83.50061035,0,0,0,30.7363472,0,8.406534195,0,2.323454618,0,24.90340233,0,4.03944110870361,1.01040697097778,9.78041458129883,1.79304349422455,7.19798469543457,31.9999294281006,100.617134094238,7.72820806503296,1.86353278160095,0,0,
200,83.51760864,0,0,0,30.7390976,0,8.407324791,0,2.3236444,0,24.90777016,0,4.03983402252197,1.01049447059631,9.78178882598877,1.79345166683197,7.20901679992676,32.0240783691406,100.646697998047,7.73203372955322,1.86373603343964,0,0,
201,83.53247833,0,0,0,30.74151802,0,8.408016205,0,2.323810577,0,24.91159439,0,4.04021024703979,1.01057779788971,9.78311634063721,1.79384589195251,7.21981763839722,32.0479278564453,100.676330566406,7.73574829101563,1.86393213272095,0,0,
202,83.54947662,0,0,0,30.74428368,0,8.408808708,0,2.324000597,0,24.91596985,0,4.04057502746582,1.01065850257874,9.78440380096436,1.79422831535339,7.23039054870605,32.071475982666,100.706024169922,7.73935794830322,1.86412227153778,0,0,
203,83.56434631,0,0,0,30.7467041,0,8.409502029,0,2.324166775,0,24.91979599,0,4.040931224823,1.01073789596558,9.7856559753418,1.7946001291275,7.24074029922485,32.0947303771973,100.735786437988,7.74286699295044,1.86430728435516,0,0,
204,83.57922363,0,0,0,30.7491188,0,8.410194397,0,2.324333191,0,24.92362404,0,4.04127502441406,1.01081430912018,9.78687000274658,1.79496026039124,7.25087022781372,32.1176834106445,100.765602111816,7.74627542495728,1.86448645591736,0,0,
205,83.59408569,0,0,0,30.75152779,0,8.410885811,0,2.324499369,0,24.92744446,0,4.04160976409912,1.01088893413544,9.78804779052734,1.79531013965607,7.26078414916992,32.1403427124023,100.795471191406,7.74958848953247,1.86466038227081,0,0,
206,83.60895538,0,0,0,30.75394058,0,8.411578178,0,2.324665546,0,24.93126869,0,4.04193878173828,1.01096260547638,9.78919506072998,1.7956508398056,7.27048635482788,32.1627159118652,100.825386047363,7.75281047821045,1.86483001708984,0,0,
207,83.6217041,0,0,0,30.75601196,0,8.412171364,0,2.324808121,0,24.93454742,0,4.04225635528564,1.0110335350036601,9.79030799865723,1.79598128795624,7.27998018264771,32.1847991943359,100.855361938477,7.75594091415405,1.86499440670013,0,0,
208,83.63444519,0,0,0,30.7580986,0,8.412765503,0,2.324950695,0,24.93782806,0,4.04255962371826,1.01110064983368,9.79138374328613,1.79630041122437,7.28926992416382,32.2065963745117,100.885383605957,7.75897979736328,1.86515295505524,0,0,
209,83.64719391,0,0,0,30.76015854,0,8.413355827,0,2.325093269,0,24.94110489,0,4.04285287857056,1.01116561889648,9.79242515563965,1.79660940170288,7.29835891723633,32.2281112670898,100.915451049805,7.76193141937256,1.86530649662018,0,0,
210,83.659935,0,0,0,30.76222992,0,8.413949966,0,2.325235844,0,24.94438171,0,4.04313945770264,1.0112292766571,9.79343700408936,1.79690945148468,7.3072509765625,32.249340057373,100.94556427002,7.76479959487915,1.86545562744141,0,0,
211,83.67269135,0,0,0,30.76429558,0,8.414541245,0,2.325378656,0,24.94766235,0,4.04342031478882,1.01129233837128,9.7944221496582,1.79720175266266,7.3159499168396,32.2702903747559,100.975723266602,7.76758813858032,1.86560106277466,0,0,
212,83.68543243,0,0,0,30.76637459,0,8.41513443,0,2.325521469,0,24.95094109,0,4.04369735717773,1.01135492324829,9.79538345336914,1.79748737812042,7.32445907592773,32.2909622192383,101.005920410156,7.7703013420105,1.86574339866638,0,0,
213,83.69605255,0,0,0,30.76809502,0,8.415630341,0,2.325640202,0,24.9536705,0,4.0439658164978,1.0114152431488,9.79631614685059,1.79776465892792,7.33278226852417,32.3113632202148,101.036148071289,7.7729377746582,1.86588168144226,0,0,
214,83.70666504,0,0,0,30.76982307,0,8.416125298,0,2.325758934,0,24.95639801,0,4.0442214012146,1.01147174835205,9.79721736907959,1.79803228378296,7.34092283248901,32.3314895629883,101.066413879395,7.77549600601196,1.86601459980011,0,0,
215,83.71729279,0,0,0,30.77153778,0,8.416617393,0,2.325877905,0,24.95913124,0,4.04446792602539,1.01152622699738,9.7980899810791,1.79829108715057,7.34888458251953,32.3513488769531,101.096717834473,7.77797985076904,1.86614322662354,0,0,
216,83.7279129,0,0,0,30.77326775,0,8.417111397,0,2.325997114,0,24.96186638,0,4.04470777511597,1.01157963275909,9.79893684387207,1.79854249954224,7.35667037963867,32.3709411621094,101.127052307129,7.78039407730103,1.86626815795898,0,0,
217,83.73853302,0,0,0,30.77500343,0,8.4176054,0,2.326115847,0,24.96459579,0,4.04494285583496,1.01163232326508,9.79976081848145,1.79878723621368,7.3642840385437,32.3902702331543,101.157417297363,7.78274059295654,1.86638987064362,0,0,
218,83.74915314,0,0,0,30.7767334,0,8.418099403,0,2.326235056,0,24.96733093,0,4.04517412185669,1.0116845369339,9.80056476593018,1.79902625083923,7.37172889709473,32.4093360900879,101.187805175781,7.7850227355957,1.86650919914246,0,0,
219,83.75764465,0,0,0,30.77810669,0,8.4184932709999991,0,2.326330185,0,24.96951294,0,4.04539728164673,1.01173436641693,9.80134391784668,1.79925751686096,7.37900829315186,32.4281425476074,101.218208312988,7.78723907470703,1.86662459373474,0,0,
220,83.7661438,0,0,0,30.7794857,0,8.418888092,0,2.326425314,0,24.97169685,0,4.0456075668335,1.01178073883057,9.80209445953369,1.79947996139526,7.38612508773804,32.4466934204102,101.248641967773,7.78938817977905,1.86673498153687,0,0,
221,83.77676392,0,0,0,30.78120613,0,8.419382095,0,2.326544285,0,24.97442818,0,4.04581546783447,1.0118271112442,9.80282497406006,1.79969692230225,7.39308261871338,32.4649887084961,101.279098510742,7.79147815704346,1.86684286594391,0,0,
222,83.78526306,0,0,0,30.78259087,0,8.419778824,0,2.326639652,0,24.97661591,0,4.04602098464966,1.01187360286713,9.80353832244873,1.79990899562836,7.39988422393799,32.4830322265625,101.309577941895,7.79351139068604,1.86694872379303,0,0,
223,83.79375458,0,0,0,30.78397179,0,8.420172691,0,2.326734781,0,24.97879982,0,4.04621887207031,1.01191794872284,9.80422973632813,1.80011439323425,7.40653324127197,32.5008277893066,101.340072631836,7.795485496521,1.86705112457275,0,0,
224,83.80225372,0,0,0,30.7853508,0,8.420567513,0,2.326830149,0,24.98098564,0,4.04641103744507,1.01196098327637,9.80490112304688,1.80031418800354,7.41303205490112,32.5183753967285,101.370574951172,7.79740381240845,1.86715054512024,0,0,
225,83.80862427,0,0,0,30.78639412,0,8.420864105,0,2.326901674,0,24.98262405,0,4.0465931892395,1.01200115680695,9.80554866790771,1.8005063533783,7.41938400268555,32.5356826782227,101.401100158691,7.79926443099976,1.86724603176117,0,0,
226,83.81712341,0,0,0,30.78777313,0,8.421257973,0,2.326996803,0,24.98480988,0,4.04676818847656,1.01203966140747,9.80617427825928,1.80069184303284,7.42559242248535,32.5527458190918,101.431632995605,7.80106973648071,1.86733818054199,0,0,
227,83.82561493,0,0,0,30.78915215,0,8.421654701,0,2.327092171,0,24.9869957,0,4.04694414138794,1.01207947731018,9.80678749084473,1.80087399482727,7.43165969848633,32.5695724487305,101.462173461914,7.80282735824585,1.86742877960205,0,0,
228,83.8319931,0,0,0,30.79018021,0,8.42195034,0,2.327163696,0,24.98863411,0,4.04711484909058,1.01211774349213,9.80738353729248,1.80105078220367,7.43758869171143,32.5861625671387,101.492721557617,7.80453443527222,1.86751675605774,0,0,
229,83.83836365,0,0,0,30.7912178,0,8.422245979,0,2.327235222,0,24.99027252,0,4.04727506637573,1.01215302944183,9.80795478820801,1.80122041702271,7.44338226318359,32.6025161743164,101.52326965332,7.80618906021118,1.86760079860687,0,0,
230,83.84684753,0,0,0,30.79259682,0,8.4226408,0,2.327330112,0,24.99245262,0,4.04743385314941,1.01218867301941,9.80851268768311,1.80138623714447,7.44904327392578,32.6186408996582,101.553825378418,7.80779790878296,1.86768317222595,0,0,
231,83.85322571,0,0,0,30.79362679,0,8.422935486,0,2.327401638,0,24.99409103,0,4.04759216308594,1.01222455501556,9.80905914306641,1.80154848098755,7.45457458496094,32.6345329284668,101.58438873291,7.8093638420105,1.86776423454285,0,0,
232,83.85959625,0,0,0,30.7946701,0,8.423232079,0,2.327473402,0,24.99573326,0,4.04774332046509,1.0122584104538,9.8095874786377,1.80170547962189,7.45997905731201,32.650203704834,101.614952087402,7.81088352203369,1.86784243583679,0,0,
233,83.8659668,0,0,0,30.79570007,0,8.423526764,0,2.3275446890000002,0,24.99736786,0,4.04788970947266,1.01229107379913,9.81010055541992,1.80185770988464,7.46525907516479,32.6656455993652,101.6455078125,7.81235933303833,1.86791813373566,0,0,
234,83.87233734,0,0,0,30.79672813,0,8.42382431,0,2.327615976,0,24.99900627,0,4.04803228378296,1.01232302188873,9.8105993270874,1.80200576782227,7.47041749954224,32.6808700561523,101.676063537598,7.81379365921021,1.86799192428589,0,0,
235,83.87658691,0,0,0,30.7974205,0,8.424021721,0,2.327663898,0,25.00009727,0,4.04816675186157,1.01235246658325,9.81107807159424,1.80214774608612,7.47545623779297,32.695873260498,101.706619262695,7.81518363952637,1.86806237697601,0,0,
236,83.88296509,0,0,0,30.79847145,0,8.424318314,0,2.327735424,0,25.00174141,0,4.04829454421997,1.0123804807663,9.81153964996338,1.80228447914124,7.48037815093994,32.7106628417969,101.737174987793,7.81653165817261,1.86813008785248,0,0,
237,83.88933563,0,0,0,30.79950142,0,8.424613953,0,2.32780695,0,25.00337982,0,4.04842376708984,1.01240980625153,9.81199264526367,1.80241894721985,7.4851861000061,32.7252388000488,101.767730712891,7.81784343719482,1.86819708347321,0,0,
238,83.89357758,0,0,0,30.80018616,0,8.42481041,0,2.327854633,0,25.00447083,0,4.04854822158813,1.01243770122528,9.81243133544922,1.80254912376404,7.48988199234009,32.7396011352539,101.798271179199,7.81911659240723,1.86826169490814,0,0,
239,83.89994049,0,0,0,30.80121803,0,8.425105095,0,2.32792592,0,25.00610352,0,4.04866886138916,1.01246476173401,9.81285667419434,1.80267536640167,7.49446821212769,32.7537574768066,101.828804016113,7.82035350799561,1.86832439899445,0,0,
240,83.90419769,0,0,0,30.80190849,0,8.425304413,0,2.327973843,0,25.00719833,0,4.04878711700439,1.01249134540558,9.81327056884766,1.80279815196991,7.49894714355469,32.767707824707,101.859329223633,7.82155513763428,1.8683854341507,0,0,
241,83.90844727,0,0,0,30.80260277,0,8.425501823,0,2.328021526,0,25.00829315,0,4.04889726638794,1.01251542568207,9.81366729736328,1.80291557312012,7.50332117080688,32.7814521789551,101.889839172363,7.82271862030029,1.868443608284,0,0,
242,83.91481018,0,0,0,30.80363274,0,8.425796509,0,2.328093052,0,25.00992966,0,4.04900789260864,1.01254022121429,9.81405544281006,1.80303072929382,7.50759267807007,32.7949981689453,101.920341491699,7.82385015487671,1.86850082874298,0,0,
243,83.91906738,0,0,0,30.80433083,0,8.425994873,0,2.328140736,0,25.01102448,0,4.0491189956665,1.01256561279297,9.8144359588623,1.80314385890961,7.51176357269287,32.8083419799805,101.950820922852,7.82495212554932,1.86855733394623,0,0,
244,83.92331696,0,0,0,30.8050251,0,8.426192284,0,2.328188658,0,25.01211929,0,4.04922342300415,1.01258897781372,9.81480312347412,1.80325293540955,7.51583623886108,32.8214912414551,101.981292724609,7.82602071762085,1.86861169338226,0,0,
245,83.9275589,0,0,0,30.80570602,0,8.426387787,0,2.328236103,0,25.01320839,0,4.04932355880737,1.01261115074158,9.81515789031982,1.80335819721222,7.51981258392334,32.8344459533691,102.011741638184,7.82705783843994,1.86866414546967,0,0,
246,83.93180084,0,0,0,30.80639648,0,8.426587105,0,2.328283787,0,25.01429939,0,4.04942083358765,1.01263272762299,9.81550121307373,1.80346024036407,7.52369499206543,32.8472137451172,102.042175292969,7.82806444168091,1.86871480941772,0,0,
247,83.93605804,0,0,0,30.80708313,0,8.426784515,0,2.32833147,0,25.0153923,0,4.04951572418213,1.01265406608582,9.81583595275879,1.80355942249298,7.52748537063599,32.859790802002,102.072593688965,7.82904195785522,1.86876392364502,0,0,
248,83.94029999,0,0,0,30.8077774,0,8.426980972,0,2.328378916,0,25.01648331,0,4.04960918426514,1.01267504692078,9.81616115570068,1.8036562204361,7.53118562698364,32.8721771240234,102.102989196777,7.82999229431152,1.868812084198,0,0,
249,83.94454956,0,0,0,30.8084774,0,8.427178383,0,2.328427076,0,25.01758003,0,4.04970121383667,1.01269602775574,9.81647968292236,1.803750872612,7.53479814529419,32.8843803405762,102.133354187012,7.83091592788696,1.86885929107666,0,0,
250,83.9487915,0,0,0,30.80915642,0,8.42737484,0,2.32847476,0,25.01866913,0,4.04979276657104,1.01271688938141,9.81679153442383,1.80384361743927,7.5383243560791,32.8964004516602,102.163703918457,7.83181476593018,1.8689056634903,0,0,
251,83.95092773,0,0,0,30.80950546,0,8.427474022,0,2.328498602,0,25.01921844,0,4.04987716674805,1.01273548603058,9.81709003448486,1.80393218994141,7.54176664352417,32.9082450866699,102.194023132324,7.83268547058105,1.86894965171814,0,0,
252,83.95516968,0,0,0,30.81018639,0,8.427669525,0,2.328546047,0,25.02030754,0,4.04995632171631,1.01275277137756,9.8173770904541,1.80401718616486,7.54512691497803,32.9199104309082,102.224327087402,7.83352851867676,1.86899173259735,0,0,
253,83.95941162,0,0,0,30.81087875,0,8.427868843,0,2.3285937309999998,0,25.02139854,0,4.05003881454468,1.01277148723602,9.81766033172607,1.80410134792328,7.54840612411499,32.9314002990723,102.254600524902,7.8343505859375,1.86903381347656,0,0,
254,83.96153259,0,0,0,30.81121445,0,8.427966118,0,2.328617573,0,25.02194214,0,4.05011653900146,1.0127888917923,9.81793308258057,1.80418241024017,7.55160665512085,32.9427185058594,102.284851074219,7.83514785766602,1.86907422542572,0,0,
255,83.96578217,0,0,0,30.81191444,0,8.428163528,0,2.328665257,0,25.02303505,0,4.0501914024353,1.01280546188354,9.81819725036621,1.8042608499527,7.5547308921814,32.9538650512695,102.315063476563,7.83592128753662,1.8691132068634,0,0,
256,83.96790314,0,0,0,30.8122654,0,8.428263664,0,2.328689337,0,25.02358246,0,4.05026388168335,1.01282167434692,9.81845378875732,1.80433690547943,7.55777978897095,32.96484375,102.345252990723,7.83667230606079,1.86915111541748,0,0,
257,83.97215271,0,0,0,30.81294441,0,8.428458214,0,2.328736782,0,25.02467155,0,4.05033493041992,1.01283752918243,9.81870269775391,1.80441105365753,7.56075525283813,32.9756546020508,102.375411987305,7.83740234375,1.8691878318786601,0,0,
258,83.97428131,0,0,0,30.81329536,0,8.428557396,0,2.328760624,0,25.02522087,0,4.05040454864502,1.01285338401794,9.81894588470459,1.804483294487,7.56365871429443,32.9863014221191,102.405540466309,7.83811187744141,1.86922383308411,0,0,
259,83.97640228,0,0,0,30.81363678,0,8.428655624,0,2.328784704,0,25.02576637,0,4.0504674911499,1.01286685466766,9.81917572021484,1.80455148220062,7.56649208068848,32.9967842102051,102.435623168945,7.83879709243774,1.86925745010376,0,0,
260,83.98064423,0,0,0,30.81432533,0,8.428852081,0,2.328832388,0,25.02685738,0,4.0505313873291,1.01288115978241,9.81940174102783,1.80461859703064,7.56925678253174,33.0071067810059,102.465682983398,7.83946371078491,1.86929070949554,0,0,
261,83.98277283,0,0,0,30.81468201,0,8.428952217,0,2.328856468,0,25.0274086,0,4.05059623718262,1.0128960609436,9.81962394714355,1.80468475818634,7.57195472717285,33.017276763916,102.495704650879,7.84011316299438,1.86932373046875,0,0,
262,83.98488617,0,0,0,30.81502533,0,8.429051399,0,2.32888031,0,25.02795029,0,4.05065536499023,1.01290905475616,9.8198356628418,1.80474758148193,7.57458686828613,33.027286529541,102.525688171387,7.84074115753174,1.86935496330261,0,0,
263,83.9870224,0,0,0,30.81536674,0,8.429150581,0,2.328904152,0,25.0284996,0,4.05071067810059,1.01292097568512,9.82003879547119,1.80480766296387,7.57715463638306,33.0371437072754,102.555641174316,7.84134912490845,1.86938452720642,0,0,
264,83.99127197,0,0,0,30.81606102,0,8.429347992,0,2.328951836,0,25.02959061,0,4.05076932907104,1.01293444633484,9.82024002075195,1.80486750602722,7.57965993881226,33.0468482971191,102.585556030273,7.84194231033325,1.8694144487381,0,0,
265,83.99339294,0,0,0,30.81639671,0,8.429445267,0,2.328975677,0,25.0301342,0,4.05083036422729,1.01294875144958,9.8204402923584,1.80492734909058,7.58210420608521,33.0564079284668,102.615440368652,7.84252119064331,1.86944437026978,0,0,
266,83.99551392,0,0,0,30.81674004,0,8.429542542,0,2.328999519,0,25.03068161,0,4.0508861541748,1.01296138763428,9.82063293457031,1.80498456954956,7.58448886871338,33.0658187866211,102.645278930664,7.84308195114136,1.86947298049927,0,0,
267,83.99763489,0,0,0,30.81709099,0,8.429641724,0,2.329023361,0,25.03122711,0,4.05093908309937,1.01297307014465,9.8208179473877,1.80503964424133,7.58681488037109,33.075080871582,102.675079345703,7.84362602233887,1.86950039863586,0,0,
268,83.99976349,0,0,0,30.81744003,0,8.429739952,0,2.329047441,0,25.03177452,0,4.05098915100098,1.01298427581787,9.82099723815918,1.80509281158447,7.58908414840698,33.0842018127441,102.70484161377,7.84415340423584,1.86952686309814,0,0,
269,84.00189209,0,0,0,30.81779099,0,8.429839134,0,2.329071283,0,25.03232384,0,4.05103778839111,1.01299512386322,9.82117080688477,1.80514430999756,7.59129762649536,33.0931854248047,102.734558105469,7.84466505050659,1.86955261230469,0,0,
270,84.00401306,0,0,0,30.81812668,0,8.429937363,0,2.329094887,0,25.03286743,0,4.05108547210693,1.01300573348999,9.82134056091309,1.80519437789917,7.59345722198486,33.1020278930664,102.764236450195,7.84516191482544,1.86957764625549,0,0,
271,84.00613403,0,0,0,30.81846809,0,8.430037498,0,2.329118967,0,25.03341103,0,4.0511326789856,1.01301622390747,9.82150554656982,1.8052431344986,7.59556341171265,33.1107330322266,102.793869018555,7.84564447402954,1.86960196495056,0,0,
272,84.008255,0,0,0,30.81881142,0,8.430135727,0,2.329142809,0,25.03395653,0,4.05117893218994,1.01302671432495,9.82166576385498,1.80529069900513,7.59761762619019,33.1193008422852,102.823448181152,7.84611368179321,1.86962568759918,0,0,
273,84.01038361,0,0,0,30.81916046,0,8.430234909,0,2.329166651,0,25.03450584,0,4.05122518539429,1.01303720474243,9.82182216644287,1.80533742904663,7.59962129592896,33.1277351379395,102.852989196777,7.84657001495361,1.86964893341064,0,0,
274,84.01249695,0,0,0,30.81949806,0,8.430332184,0,2.329190254,0,25.035045620000002,0,4.05127048492432,1.01304757595062,9.82197570800781,1.80538296699524,7.60157537460327,33.1360397338867,102.88249206543,7.84701442718506,1.86967194080353,0,0,
275,84.01249695,0,0,0,30.81949806,0,8.430332184,0,2.329190254,0,25.035045620000002,0,4.05130910873413,1.01305568218231,9.82211875915527,1.80542552471161,7.60348129272461,33.144214630127,102.91194152832,7.84744262695313,1.8696928024292,0,0,
276,84.01462555,0,0,0,30.81986237,0,8.43043232,0,2.329214334,0,25.03559875,0,4.05134344100952,1.01306259632111,9.8222541809082,1.80546534061432,7.60534000396729,33.1522560119629,102.941337585449,7.84785509109497,1.8697122335434,0,0,
277,84.01674652,0,0,0,30.82019997,0,8.430529594,0,2.329238176,0,25.03614044,0,4.05138063430786,1.01307106018066,9.82238864898682,1.80550503730774,7.60715293884277,33.1601753234863,102.970703125,7.84825706481934,1.86973190307617,0,0,
278,84.01887512,0,0,0,30.82054138,0,8.430627823,0,2.329262018,0,25.03668785,0,4.05141973495483,1.01308023929596,9.82252311706543,1.80554461479187,7.60892057418823,33.1679649353027,103.000015258789,7.8486499786377,1.86975169181824,0,0,
279,84.02099609,0,0,0,30.82087898,0,8.430726051,0,2.32928586,0,25.03723145,0,4.05146074295044,1.0130900144577,9.82265567779541,1.805584192276,7.61064434051514,33.1756362915039,103.029273986816,7.84903383255005,1.86977171897888,0,0,
280,84.02099609,0,0,0,30.82087898,0,8.430726051,0,2.32928586,0,25.03723145,0,4.05149602890015,1.01309776306152,9.82278060913086,1.80562150478363,7.6123251914978,33.1831855773926,103.058486938477,7.84940385818481,1.86979019641876,0,0,
281,84.02312469,0,0,0,30.82123566,0,8.43082428,0,2.32930994,0,25.03778267,0,4.05152797698975,1.01310455799103,9.82289981842041,1.80565667152405,7.61396408081055,33.190616607666,103.08765411377,7.84976100921631,1.86980736255646,0,0,
282,84.02524567,0,0,0,30.82157326,0,8.430922508,0,2.329333544,0,25.03832436,0,4.05156326293945,1.01311278343201,9.82301902770996,1.80569231510162,7.61556243896484,33.1979293823242,103.116767883301,7.85011053085327,1.86982524394989,0,0,
283,84.02524567,0,0,0,30.82157326,0,8.430922508,0,2.329333544,0,25.03832436,0,4.05159473419189,1.0131196975708,9.82313251495361,1.80572605133057,7.61712026596069,33.2051277160645,103.14582824707,7.85044860839844,1.86984193325043,0,0,
284,84.02736664,0,0,0,30.82190704,0,8.431020737,0,2.329357624,0,25.03886986,0,4.05162382125854,1.01312601566315,9.82324028015137,1.80575799942017,7.61863946914673,33.2122116088867,103.174835205078,7.85077524185181,1.86985766887665,0,0,
285,84.02948761,0,0,0,30.82227135,0,8.431121826,0,2.329381466,0,25.03941917,0,4.05165767669678,1.01313388347626,9.82334995269775,1.80579090118408,7.62012052536011,33.219181060791,103.203788757324,7.85109567642212,1.8698742389679,0,0,
286,84.02948761,0,0,0,30.82227135,0,8.431121826,0,2.329381466,0,25.03941917,0,4.0516881942749,1.01314067840576,9.82345581054688,1.80582213401794,7.62156438827515,33.2260437011719,103.232696533203,7.85140609741211,1.86988997459412,0,0,
287,84.03160858,0,0,0,30.82260704,0,8.431220055,0,2.329405308,0,25.03996277,0,4.05171632766724,1.01314687728882,9.8235559463501,1.80585205554962,7.62297201156616,33.232795715332,103.26155090332,7.85170602798462,1.86990475654602,0,0,
288,84.03160858,0,0,0,30.82260704,0,8.431220055,0,2.329405308,0,25.03996277,0,4.0517430305481,1.01315259933472,9.82365226745605,1.8058807849884,7.62434434890747,33.2394371032715,103.290344238281,7.85199689865112,1.86991882324219,0,0,
289,84.03373718,0,0,0,30.82295227,0,8.431317329,0,2.32942915,0,25.04050827,0,4.05176830291748,1.01315808296204,9.82374572753906,1.80590832233429,7.62568235397339,33.2459716796875,103.319091796875,7.85227823257446,1.86993229389191,0,0,
290,84.03373718,0,0,0,30.82295227,0,8.431317329,0,2.32942915,0,25.04050827,0,4.05179262161255,1.01316344738007,9.82383632659912,1.80593502521515,7.62698602676392,33.2524032592773,103.347778320313,7.85255146026611,1.86994528770447,0,0,
291,84.03586578,0,0,0,30.82330132,0,8.4314174650000009,0,2.32945323,0,25.04105759,0,4.05181646347046,1.01316869258881,9.82392311096191,1.80596077442169,7.62825727462769,33.258731842041,103.376419067383,7.85281610488892,1.86995792388916,0,0,
292,84.03586578,0,0,0,30.82330132,0,8.4314174650000009,0,2.32945323,0,25.04105759,0,4.05184030532837,1.01317405700684,9.82400798797607,1.80598568916321,7.62949657440186,33.2649574279785,103.405006408691,7.85307264328003,1.86997032165527,0,0,
293,84.03798676,0,0,0,30.82364464,0,8.431515694,0,2.329477072,0,25.04160309,0,4.05186319351196,1.01317918300629,9.8240909576416,1.80600988864899,7.63070440292358,33.2710800170898,103.433525085449,7.85332202911377,1.86998236179352,0,0,
294,84.03798676,0,0,0,30.82364464,0,8.431515694,0,2.329477072,0,25.04160309,0,4.05188608169556,1.01318442821503,9.82417106628418,1.80603361129761,7.63188171386719,33.2771072387695,103.461990356445,7.85356426239014,1.86999416351318,0,0,
295,84.04010773,0,0,0,30.82398224,0,8.431612015,0,2.329500914,0,25.04214478,0,4.05190849304199,1.01318967342377,9.82425022125244,1.80605685710907,7.63302898406982,33.2830390930176,103.490394592285,7.85379981994629,1.87000572681427,0,0,
296,84.04010773,0,0,0,30.82398224,0,8.431612015,0,2.329500914,0,25.04214478,0,4.05193138122559,1.01319491863251,9.82432651519775,1.80607962608337,7.63414716720581,33.288875579834,103.518737792969,7.85402870178223,1.87001705169678,0,0,
297,84.04223633,0,0,0,30.82432365,0,8.431710243,0,2.329524517,0,25.04269218,0,4.05195379257202,1.01320004463196,9.82440185546875,1.80610203742981,7.6352367401123,33.2946166992188,103.547035217285,7.85425138473511,1.87002837657928,0,0,
298,84.04223633,0,0,0,30.82432365,0,8.431710243,0,2.329524517,0,25.04269218,0,4.05197620391846,1.01320517063141,9.82447624206543,1.80612421035767,7.63629865646362,33.3002662658691,103.575271606445,7.85446834564209,1.8700395822525,0,0,
299,84.0443573,0,0,0,30.82468224,0,8.431809425,0,2.329548597,0,25.0432415,0,4.05199813842773,1.01321041584015,9.82454872131348,1.80614602565765,7.63733386993408,33.3058242797852,103.603446960449,7.85468006134033,1.87005066871643,0,0,
