"Time Step","Softwood Merchantable","Hardwood Merchantable","Softwood Submerchantable","Hardwood Submerchantable","Softwood Other","Hardwood Other","Softwood Foliage","Hardwood Foliage","Softwood Fine Roots","Hardwood Fine Roots","Softwood Coarse Roots","Hardwood Coarse Roots","Aboveground Very Fast DOM","Belowground Very Fast DOM","Aboveground Fast DOM","Belowground Fast DOM","Medium DOM","Aboveground Slow DOM","Belowground Slow DOM","Softwood Stem Snag","Softwood Branch Snag","Hardwood Stem Snag","Hardwood Branch Snag",
0,0,0,0,0,0,0,0,0,0,0,0,0,0.428148001432419,2.15127491950989,17.2414398193359,13.9435396194458,13.4898500442505,9.29860305786133,91.0622634887695,81.5294036865234,27.2892608642578,0,0,
1,0.00701431511,0,0,0,0.07352296263,0,0.2198969722,0,0.02822379209,0,0.03847261518,0,0.318647027015686,1.24119198322296,17.5398941040039,12.2459306716919,15.587908744812,10.1055526733398,91.2653961181641,77.6682434082031,23.0654373168945,0,0,
2,0.03721664846,0,0,0,0.4132878482,0,0.4547343552,0,0.0839092508,0,0.1170537844,0,0.265989124774933,0.724957168102264,17.4370136260986,10.7555379867554,17.4997501373291,10.8539142608643,91.3729095458984,73.9900283813477,19.4973697662354,0,0,
3,0.09874372929,0,0,0,0.9322367907,0,0.6899812818,0,0.1566732824,0,0.2253802419,0,0.259834289550781,0.439588189125061,17.045431137085,9.44743728637695,19.2369537353516,11.5468997955322,91.4179000854492,70.4862060546875,16.4856414794922,0,0,
4,0.1972217411,0,0,0,1.588629723,0,0.9221888781,0,0.2412418127,0,0.3599431515,0,0.29030841588974,0.289804130792618,16.453577041626,8.29967975616455,20.8104648590088,12.1881303787231,91.4209442138672,67.1486740112305,13.9456262588501,0,0,
5,0.3370821774,0,0,0,2.353658915,0,1.149730444,0,0.3337509632,0,0.5188336968,0,0.349085837602615,0.219904318451881,15.7307262420654,7.29296207427979,22.2306308746338,12.7814311981201,91.3951797485352,63.9697418212891,11.8054609298706,0,0,
6,0.5219615102,0,0,0,3.204816818,0,1.371706963,0,0.4311184585,0,0.700745225,0,0.429296761751175,0.197178423404694,14.930721282959,6.41031980514526,23.507230758667,13.3306865692139,91.349250793457,60.942081451416,10.0041656494141,0,0,
7,0.7548815608,0,0,0,4.12337923,0,1.587593198,0,0.5308250189,0,0.9045945406,0,0.525311410427094,0.202276781201363,14.0949363708496,5.63684272766113,24.6495094299316,13.8397426605225,91.2890167236328,58.0587310791016,8.4900074005127,0,0,
8,1.038344383,0,0,0,5.093208313,0,1.797084093,0,0.6308113933,0,1.129345894,0,0.632529437541962,0.223636463284492,13.2546968460083,4.95942687988281,25.6661987304688,14.3123292922974,91.2185821533203,55.3130798339844,7.21909618377686,0,0,
9,1.374385834,0,0,0,6.100099564,0,2.00001502,0,0.7294155359,0,1.373923659,0,0.747201859951019,0.254256844520569,12.4332513809204,4.36655521392822,26.5655517578125,14.7520036697388,91.1409225463867,52.6988296508789,6.15419435501099,0,0,
10,1.764608026,0,0,0,7.131402016,0,2.196316719,0,0.8253247142,0,1.637171984,0,0.866285264492035,0.2898328602314,11.6473817825317,3.84810209274292,27.3553638458252,15.1621160507202,91.0582656860352,50.2099952697754,5.26370143890381,0,0,
11,2.210199118,0,0,0,8.175775528,0,2.385986567,0,0.9175341725,0,1.917841196,0,0.98732453584671,0.327672064304352,10.9087266921997,3.39516448974609,28.0429954528809,15.5457887649536,90.9722900390625,47.8408813476563,4.52079677581787,0,0,
12,2.711945772,0,0,0,9.2230358120000009,0,2.569070101,0,1.00530839,0,2.214591026,0,1.10835742950439,0.366063714027405,10.2248554229736,2.99991250038147,28.6354007720947,15.9058980941772,90.8842697143555,45.586067199707,3.90270972251892,0,0,
13,3.270243883,0,0,0,10.2640419,0,2.745648146,0,1.088143706,0,2.526001453,0,1.22783672809601,0.403908550739288,9.6001501083374,2.65545725822449,29.1391410827637,16.2450733184814,90.7952194213867,43.4403839111328,3.3901035785675,0,0,
14,3.885105133,0,0,0,11.2906208,0,2.91582799,0,1.165733337,0,2.85059166,0,1.34456479549408,0.440498918294907,9.03652191162109,2.35573601722717,29.5604133605957,16.5656967163086,90.705924987793,41.3989181518555,2.96655321121216,0,0,
15,4.556163788,0,0,0,12.29551125,0,3.079735756,0,1.237934351,0,3.186839342,0,1.45763778686523,0.475385874509811,8.53398704528809,2.0954110622406,29.9050636291504,16.8699169158936,90.6170043945313,39.4569854736328,2.61810421943665,0,0,
16,5.28268528,0,0,0,13.27231312,0,3.237511873,0,1.30473721,0,3.533200264,0,1.56639885902405,0.508296847343445,8.09114265441895,1.86978089809418,30.1786041259766,17.1596527099609,90.5289306640625,37.6101150512695,2.33289766311646,0,0,
17,6.063574791,0,0,0,14.21545029,0,3.389307499,0,1.366238117,0,3.888132095,0,1.67039656639099,0.539082884788513,7.70554304122925,1.67470324039459,30.3862419128418,17.4366054534912,90.4420852661133,35.8540458679199,2.10085439682007,0,0,
18,6.897386551,0,0,0,15.12013721,0,3.535280943,0,1.42261517,0,4.250107765,0,1.76934909820557,0.567683637142181,7.3740062713623,1.50652658939362,30.5328788757324,17.702278137207,90.3567504882813,34.1847190856934,1.91340625286102,0,0,
19,7.782338142,0,0,0,15.98234558,0,3.675595522,0,1.474105477,0,4.617636681,0,1.86311399936676,0.594102621078491,7.09285449981689,1.36203062534332,30.6231384277344,17.9579849243164,90.2731399536133,32.598258972168,1.76327037811279,0,0,
20,8.716322899,0,0,0,16.7987709,0,3.810417652,0,1.520988464,0,4.989275455,0,1.95165991783142,0.618389487266541,6.85811042785645,1.23837435245514,30.6613788604736,18.2048740386963,90.1914215087891,31.0909595489502,1.64425659179688,0,0,
21,9.696928024,0,0,0,17.56680298,0,3.939915419,0,1.563569903,0,5.363639832,0,2.03504347801209,0.640626847743988,6.66564512252808,1.13305056095123,30.6517028808594,18.4439334869385,90.1117248535156,29.6592826843262,1.55110514163971,0,0,
22,10.72145081,0,0,0,18.28449059,0,4.064257145,0,1.602168918,0,5.739415169,0,2.11338949203491,0.660919904708862,6.51130056381226,1.04384505748749,30.597972869873,18.6760120391846,90.0341339111328,28.2998504638672,1.47934913635254,0,0,
23,11.78692436,0,0,0,18.95050812,0,4.183610916,0,1.637108684,0,6.115363121,0,2.18687391281128,0.679388463497162,6.39097595214844,0.968802154064178,30.5038280487061,18.9018306732178,89.9587020874023,27.009428024292,1.42519772052765,0,0,
24,13.62219429,0,0,0,18.58569527,0,4.1454687119999996,0,1.662060499,0,6.408384323,0,2.24946117401123,0.695547461509705,6.28745174407959,0.905834197998047,30.372688293457,19.1211948394775,89.885383605957,25.7865428924561,1.38084280490875,0,0,
25,14.68369293,0,0,0,18.79738426,0,4.227426052,0,1.684121609,0,6.687166691,0,2.30139660835266,0.709188520908356,6.19313144683838,0.853044152259827,30.2078170776367,19.3337306976318,89.8140487670898,24.627986907959,1.34263467788696,0,0,
26,15.7646656,0,0,0,19.01089096,0,4.310724735,0,1.705119729,0,6.972034931,0,2.34958744049072,0.72101503610611,6.1150164604187,0.809156954288483,30.0122814178467,19.5397472381592,89.7446365356445,23.5290431976318,1.31233739852905,0,0,
27,16.86030579,0,0,0,19.22533989,0,4.394849777,0,1.725004315,0,7.261666298,0,2.39491653442383,0.731596112251282,6.05191230773926,0.773136258125305,29.7889022827148,19.7395782470703,89.6771469116211,22.4869632720947,1.28873956203461,0,0,
28,17.96834946,0,0,0,19.44037056,0,4.479507923,0,1.74379313,0,7.555393696,0,2.43798494338989,0.741256237030029,6.0026388168335,0.744063138961792,29.5403232574463,19.9335613250732,89.6115646362305,21.499116897583,1.27081108093262,0,0,
29,19.08414268,0,0,0,19.65515327,0,4.564249516,0,1.761477232,0,7.851909637,0,2.47919821739197,0.75018322467804,5.96604442596436,0.721121847629547,29.2690238952637,20.1220264434814,89.5479125976563,20.5629787445068,1.25767600536346,0,0,
30,20.21035385,0,0,0,19.87029457,0,4.649202347,0,1.778171539,0,8.151855469,0,2.51884889602661,0.758494734764099,5.94103479385376,0.703593075275421,28.9773292541504,20.3052959442139,89.4862060546875,19.676139831543,1.24859285354614,0,0,
31,21.34476089,0,0,0,20.08542442,0,4.734136581,0,1.793912768,0,8.454566956,0,2.55716037750244,0.766272604465485,5.92658758163452,0.690845012664795,28.6674137115479,20.483678817749,89.4264450073242,18.8363056182861,1.24293613433838,0,0,
32,22.48039246,0,0,0,20.29930496,0,4.818486691,0,1.808683515,0,8.758112907,0,2.59426712989807,0.773565828800201,5.92171621322632,0.682311356067657,28.3413105010986,20.6574573516846,89.3686447143555,18.0412712097168,1.24016952514648,0,0,
33,23.61990356,0,0,0,20.51251984,0,4.902420998,0,1.822600007,0,9.063135147,0,2.63026261329651,0.780411720275879,5.92549419403076,0.677489101886749,28.0009212493896,20.8268985748291,89.3128051757813,17.2889289855957,1.23983657360077,0,0,
34,24.76114273,0,0,0,20.72472954,0,4.985757828,0,1.835711598,0,9.368990898,0,2.66523265838623,0.786846816539764,5.93706941604614,0.67593652009964,27.6480236053467,20.9922485351563,89.2589111328125,16.5772666931152,1.24155294895172,0,0,
35,25.89961624,0,0,0,20.93517303,0,5.068156719,0,1.848044991,0,9.674407959,0,2.69922876358032,0.792899489402771,5.95563793182373,0.677257180213928,27.284273147583,21.1537380218506,89.2069473266602,15.9043569564819,1.24498820304871,0,0,
36,27.03793716,0,0,0,21.14440727,0,5.149804115,0,1.859702945,0,9.980033875,0,2.73229765892029,0.798597872257233,5.98045969009399,0.681100249290466,26.9112167358398,21.311580657959,89.1569061279297,15.2683563232422,1.24986231327057,0,0,
37,28.17163277,0,0,0,21.35167885,0,5.230381966,0,1.870710611,0,10.28460979,0,2.76448225975037,0.803969860076904,6.01085329055786,0.687154948711395,26.530294418335,21.4659671783447,89.1087799072266,14.6675081253052,1.25593757629395,0,0,
38,29.30094337,0,0,0,21.55709648,0,5.309913158,0,1.881138921,0,10.58814716,0,2.79581475257874,0.809040546417236,6.04618644714355,0.69514274597168,26.14284324646,21.6170825958252,89.0625457763672,14.1001262664795,1.26301038265228,0,0,
39,30.4237709,0,0,0,21.76034546,0,5.388266563,0,1.8910324570000001,0,10.89003754,0,2.82632660865784,0.813834965229034,6.08588075637817,0.704816460609436,25.7501068115234,21.7650909423828,89.0181884765625,13.564600944519,1.27090728282928,0,0,
40,31.53802681,0,0,0,21.96112442,0,5.465312004,0,1.900434375,0,11.18967628,0,2.85604214668274,0.818375527858734,6.12939977645874,0.715953767299652,25.3532390594482,21.9101467132568,88.9756851196289,13.0593919754028,1.27947890758514,0,0,
41,32.64393616,0,0,0,22.1595192,0,5.541087151,0,1.909402966,0,11.4870863,0,2.88498640060425,0.822684645652771,6.17625284194946,0.728356719017029,24.953311920166,22.0523910522461,88.9350051879883,12.5830249786377,1.28859806060791,0,0,
42,33.74171448,0,0,0,22.35563087,0,5.615626335,0,1.917990804,0,11.78228951,0,2.9131932258606,0.826785385608673,6.22600126266479,0.74185174703598,24.5513172149658,22.1919574737549,88.8961334228516,12.1340990066528,1.29815816879272,0,0,
43,34.82925415,0,0,0,22.54914284,0,5.688811302,0,1.926228881,0,12.07469273,0,2.94069314002991,0.830698788166046,6.278244972229,0.756283938884735,24.1481685638428,22.3289661407471,88.8590393066406,11.7112722396851,1.30806791782379,0,0,
44,35.90676498,0,0,0,22.74013901,0,5.760680676,0,1.934161901,0,12.36432171,0,2.96751427650452,0.834443867206573,6.33261871337891,0.771514654159546,23.7447147369385,22.4635314941406,88.8237075805664,11.3132648468018,1.31824922561646,0,0,
45,36.97214508,0,0,0,22.92830276,0,5.831120968,0,1.941813111,0,12.65059471,0,2.99368143081665,0.838037967681885,6.38878965377808,0.787419736385345,23.3417320251465,22.5957641601563,88.7901153564453,10.9388523101807,1.32863485813141,0,0,
46,38.02331161,0,0,0,23.11332321,0,5.900024414,0,1.949204087,0,12.93293381,0,3.01921057701111,0.841495096683502,6.44644641876221,0.803885102272034,22.9399375915527,22.7257614135742,88.7582321166992,10.586856842041,1.33916521072388,0,0,
47,39.064991,0,0,0,23.29606438,0,5.967727184,0,1.956399202,0,13.21259022,0,3.0441300868988,0.844831347465515,6.50532007217407,0.820813477039337,22.5399856567383,22.8536148071289,88.7280426025391,10.2561664581299,1.34979248046875,0,0,
48,40.09054184,0,0,0,23.47540474,0,6.033824444,0,1.963381052,0,13.48776817,0,3.06846404075623,0.848060190677643,6.5651650428772,0.838117003440857,22.1424789428711,22.9794120788574,88.6995239257813,9.94571495056152,1.36047494411469,0,0,
49,41.10240173,0,0,0,23.65182877,0,6.098505974,0,1.970191836,0,13.75911617,0,3.09222507476807,0.851191759109497,6.62574815750122,0.855713546276093,21.7479667663574,23.103235244751,88.6726455688477,9.6544771194458,1.37117433547974,0,0,
50,42.10073471,0,0,0,23.8253994,0,6.161809444,0,1.976854205,0,14.02666855,0,3.11543750762939,0.854237794876099,6.68687105178833,0.873533964157104,21.3569507598877,23.2251605987549,88.6473999023438,9.38148403167725,1.38186097145081,0,0,
51,43.08343124,0,0,0,23.99578667,0,6.223628521,0,1.983374119,0,14.28985977,0,3.13811922073364,0.857207834720612,6.74835205078125,0.891515076160431,20.9698848724365,23.3452606201172,88.6237487792969,9.12580680847168,1.3925085067749,0,0,
52,44.05064392,0,0,0,24.16303825,0,6.284000397,0,1.989768744,0,14.54871559,0,3.1602840423584,0.860109269618988,6.81002235412598,0.909599244594574,20.5871810913086,23.46360206604,88.601676940918,8.88655567169189,1.40309321880341,0,0,
53,45.00251389,0,0,0,24.3272419,0,6.342966557,0,1.996054053,0,14.80329132,0,3.18194770812988,0.862949669361115,6.87173414230347,0.927736043930054,20.2092094421387,23.580249786377,88.5811614990234,8.66288471221924,1.4135959148407,0,0,
54,45.93916702,0,0,0,24.48843193,0,6.400556564,0,2.002242804,0,15.05360794,0,3.20312833786011,0.86573588848114,6.93335819244385,0.945881545543671,19.8363018035889,23.6952629089355,88.5621871948242,8.45398807525635,1.42400085926056,0,0,
55,46.86073685,0,0,0,24.64666176,0,6.456804752,0,2.008346796,0,15.29970741,0,3.22384333610535,0.868474304676056,6.99478006362915,0.963997542858124,19.4687538146973,23.8086986541748,88.5447311401367,8.25909900665283,1.43429493904114,0,0,
56,47.76732635,0,0,0,24.80199051,0,6.511746407,0,2.01437521,0,15.54162025,0,3.24411082267761,0.871170282363892,7.05590152740479,0.982050597667694,19.1068325042725,23.9206104278564,88.5287628173828,8.07748794555664,1.44446802139282,0,0,
57,48.65461349,0,0,0,24.95368576,0,6.565140247,0,2.020306349,0,15.77819729,0,3.26393365859985,0.87382584810257,7.11662006378174,1.00000667572021,18.7507705688477,24.0310516357422,88.5142669677734,7.90845012664795,1.45450794696808,0,0,
58,49.52936935,0,0,0,25.10294914,0,6.61741972,0,2.026191235,0,16.01125145,0,3.28332543373108,0.87644499540329,7.1768536567688,1.01783859729767,18.4007701873779,24.1400699615479,88.501220703125,7.75131988525391,1.46440696716309,0,0,
59,50.38504028,0,0,0,25.24868011,0,6.668218136,0,2.03199029,0,16.23904037,0,3.30229926109314,0.87903106212616,7.23653268814087,1.03552293777466,18.0570087432861,24.2477073669434,88.4896087646484,7.60546255111694,1.4741587638855,0,0,
60,51.22616196,0,0,0,25.39167595,0,6.717826843,0,2.037737846,0,16.46277618,0,3.32086133956909,0.88158518075943,7.29558753967285,1.05303680896759,17.7196350097656,24.3540096282959,88.4794006347656,7.47027063369751,1.48375689983368,0,0,
61,52.05060959,0,0,0,25.53158188,0,6.766142368,0,2.043421745,0,16.68190765,0,3.33902502059937,0.884110450744629,7.3539662361145,1.07036292552948,17.3887786865234,24.4590167999268,88.470588684082,7.34516954421997,1.49319779872894,0,0,
62,52.85847092,0,0,0,25.6684494,0,6.81318903,0,2.049044371,0,16.89646149,0,3.35679602622986,0.886607587337494,7.41161680221558,1.08748376369476,17.064546585083,24.5627689361572,88.4631500244141,7.22960710525513,1.50247693061829,0,0,
63,53.64984131,0,0,0,25.80230713,0,6.858995438,0,2.054606676,0,17.10646629,0,3.37418127059937,0.889077186584473,7.46849346160889,1.10438430309296,16.7470226287842,24.6653003692627,88.4570617675781,7.12305879592896,1.51159083843231,0,0,
64,54.42478943,0,0,0,25.93319321,0,6.903585434,0,2.060109615,0,17.31195831,0,3.3911874294281,0.891520023345947,7.52455759048462,1.1210515499115,16.4362735748291,24.7666473388672,88.4522933959961,7.02502489089966,1.52053713798523,0,0,
65,55.18340302,0,0,0,26.06112671,0,6.94698143,0,2.065553188,0,17.51296234,0,3.4078209400177,0.893936455249786,7.57977485656738,1.13747429847717,16.1323471069336,24.8668384552002,88.4488372802734,6.93502950668335,1.52931392192841,0,0,
66,55.92794418,0,0,0,26.1865139,0,6.989332199,0,2.070953131,0,17.71008873,0,3.42409443855286,0.896328151226044,7.63412523269653,1.15364575386047,15.835277557373,24.9659080505371,88.4466705322266,6.85262489318848,1.53792178630829,0,0,
67,56.65628052,0,0,0,26.30901909,0,7.03053236,0,2.07629323,0,17.90278244,0,3.44001889228821,0.898696005344391,7.68759155273438,1.16955995559692,15.5450830459595,25.0638847351074,88.4457702636719,6.77738428115845,1.54636108875275,0,0,
68,57.3684845,0,0,0,26.42864418,0,7.070600986,0,2.081571341,0,18.09106445,0,3.45559668540955,0.901039063930511,7.74015140533447,1.18520927429199,15.2617664337158,25.160795211792,88.4461212158203,6.70889616012573,1.55463099479675,0,0,
69,58.06462097,0,0,0,26.54543114,0,7.109560966,0,2.086786985,0,18.27496719,0,3.47083067893982,0.903356194496155,7.79178667068481,1.20058751106262,14.9853181838989,25.2566661834717,88.4477005004883,6.64677095413208,1.56273090839386,0,0,
70,58.74473953,0,0,0,26.65939331,0,7.147428513,0,2.09193778,0,18.45450783,0,3.48572421073914,0.905646741390228,7.84248113632202,1.21568918228149,14.7157182693481,25.3515224456787,88.4504928588867,6.59063529968262,1.5706604719162,0,0,
71,59.41108322,0,0,0,26.7709198,0,7.184344769,0,2.097038507,0,18.63029099,0,3.50028610229492,0.90791130065918,7.89223051071167,1.23051238059998,14.4529342651367,25.4453868865967,88.4544677734375,6.54013919830322,1.57842147350311,0,0,
72,60.06153107,0,0,0,26.87966537,0,7.22020483,0,2.102070808,0,18.80176544,0,3.51452422142029,0.910149991512299,7.94103145599365,1.2450555562973,14.196925163269,25.5382823944092,88.459602355957,6.49495077133179,1.58601546287537,0,0,
73,60.69829559,0,0,0,26.98601913,0,7.255143642,0,2.107048988,0,18.96951294,0,3.52844500541687,0.912362575531006,7.98887968063354,1.25931751728058,13.947639465332,25.6302280426025,88.4658966064453,6.45475244522095,1.59344387054443,0,0,
74,61.31925201,0,0,0,27.08963013,0,7.289055824,0,2.111953974,0,19.13298798,0,3.54205322265625,0.914548277854919,8.03577423095703,1.27329742908478,13.7050199508667,25.7212448120117,88.4733200073242,6.41924285888672,1.60070836544037,0,0,
75,61.92662811,0,0,0,27.19086647,0,7.322079182,0,2.116800785,0,19.29278564,0,3.55535268783569,0.916706442832947,8.08171558380127,1.28699469566345,13.4689989089966,25.8113498687744,88.4818496704102,6.38813495635986,1.60781025886536,0,0,
76,62.51828003,0,0,0,27.28939438,0,7.354104996,0,2.121569157,0,19.44834518,0,3.56834745407104,0.918836116790771,8.1267032623291,1.30040895938873,13.2395038604736,25.900562286377,88.4914703369141,6.36115550994873,1.61475086212158,0,0,
77,63.09643173,0,0,0,27.38559151,0,7.385264874,0,2.126274347,0,19.6002636,0,3.58103966712952,0.920936405658722,8.17073822021484,1.31354010105133,13.0164566040039,25.9889011383057,88.5021667480469,6.33804416656494,1.62153148651123,0,0,
78,63.66111374,0,0,0,27.47947311,0,7.415573597,0,2.130913973,0,19.74855423,0,3.59343814849854,0.923007786273956,8.21382904052734,1.32639062404633,12.7997703552246,26.0763778686523,88.513916015625,6.31855773925781,1.62815511226654,0,0,
79,64.21234894,0,0,0,27.57104111,0,7.445040226,0,2.135485649,0,19.89322662,0,3.60554981231689,0.92505019903183,8.25598430633545,1.33896291255951,12.5893573760986,26.1630077362061,88.5267028808594,6.30246543884277,1.63462424278259,0,0,
80,64.75019836,0,0,0,27.66030693,0,7.473677635,0,2.139986992,0,20.03430176,0,3.61737942695618,0.927063226699829,8.29721164703369,1.35125923156738,12.3851232528687,26.2488079071045,88.5405044555664,6.28954648971558,1.6409410238266,0,0,
81,65.27684021,0,0,0,27.74765015,0,7.501608849,0,2.144433975,0,20.17236137,0,3.62893676757813,0.929047882556915,8.33752727508545,1.36328411102295,12.1869697570801,26.3337898254395,88.555305480957,6.27959680557251,1.64710927009583,0,0,
82,65.78797913,0,0,0,27.83237076,0,7.528616428,0,2.148787975,0,20.30628395,0,3.64022326469421,0.931002497673035,8.3769359588623,1.37503898143768,11.9947957992554,26.41796875,88.5710754394531,6.27241563796997,1.65313076972961,0,0,
83,66.28796387,0,0,0,27.91517067,0,7.554940701,0,2.153082371,0,20.43721008,0,3.65123987197876,0.932925760746002,8.41544532775879,1.38652563095093,11.8084983825684,26.5013542175293,88.5878067016602,6.26781320571899,1.65900659561157,0,0,
84,66.77466583,0,0,0,27.99572182,0,7.580471516,0,2.15729785,0,20.56459427,0,3.66199421882629,0.934818208217621,8.45306777954102,1.39774799346924,11.6279706954956,26.5839576721191,88.6054916381836,6.26561403274536,1.66474008560181,0,0,
85,67.24811554,0,0,0,28.07403183,0,7.605223656,0,2.161430836,0,20.68844604,0,3.67248439788818,0.936678111553192,8.48980808258057,1.40870714187622,11.4531030654907,26.6657905578613,88.6240921020508,6.2656455039978,1.67033207416534,0,0,
86,67.71047974,0,0,0,28.15045929,0,7.629312038,0,2.165498734,0,20.80933762,0,3.68271636962891,0.938505530357361,8.52567958831787,1.41940653324127,11.2837858200073,26.7468605041504,88.6436004638672,6.26774787902832,1.67578494548798,0,0,
87,68.16179657,0,0,0,28.22500992,0,7.652750492,0,2.169499397,0,20.92728424,0,3.69270038604736,0.940302133560181,8.56069946289063,1.42985200881958,11.1199073791504,26.8271808624268,88.6640014648438,6.27177333831787,1.68110275268555,0,0,
88,68.60208893,0,0,0,28.29770279,0,7.675541878,0,2.173431158,0,21.04229355,0,3.70244407653809,0.942068338394165,8.59488582611084,1.44004857540131,10.9613542556763,26.9067573547363,88.6852798461914,6.2775821685791,1.68628871440887,0,0,
89,69.02920532,0,0,0,28.36818504,0,7.697584152,0,2.17727232,0,21.15381241,0,3.71194696426392,0.943802416324615,8.62824630737305,1.4499983787536601,10.8080129623413,26.9855995178223,88.707405090332,6.28503704071045,1.69134438037872,0,0,
90,69.44748688,0,0,0,28.43716812,0,7.719103813,0,2.181060076,0,21.26297379,0,3.72121429443359,0.945504724979401,8.66079425811768,1.45970571041107,10.6597681045532,27.0637168884277,88.7303771972656,6.29401063919067,1.69627213478088,0,0,
91,69.85262299,0,0,0,28.5039463,0,7.739887238,0,2.184753418,0,21.36865997,0,3.73025059700012,0.947175025939941,8.69254398345947,1.46917450428009,10.5165061950684,27.1411170959473,88.7541656494141,6.30438232421875,1.70107471942902,0,0,
92,70.2489624,0,0,0,28.56924248,0,7.760160923,0,2.188390255,0,21.47200775,0,3.73905825614929,0.948812961578369,8.72350788116455,1.4784083366394,10.3781118392944,27.2178039550781,88.7787628173828,6.31603765487671,1.70575404167175,0,0,
93,70.6343689,0,0,0,28.63271523,0,7.779821873,0,2.191949129,0,21.57246399,0,3.74764680862427,0.950419902801514,8.75370311737061,1.48741269111633,10.2444696426392,27.2937870025635,88.8041458129883,6.3288722038269,1.71031367778778,0,0,
94,71.01098633,0,0,0,28.69470787,0,7.798979759,0,2.195447922,0,21.67059135,0,3.75602126121521,0.951996207237244,8.78314781188965,1.49619269371033,10.1154670715332,27.3690757751465,88.8303070068359,6.34278631210327,1.71475660800934,0,0,
95,71.37670135,0,0,0,28.75487518,0,7.817534924,0,2.198865891,0,21.76583672,0,3.76418614387512,0.953541934490204,8.81185531616211,1.50475287437439,9.99098968505859,27.4436740875244,88.8572311401367,6.35768508911133,1.7190854549408,0,0,
96,71.73150635,0,0,0,28.81322479,0,7.835491657,0,2.20220089,0,21.85821152,0,3.77213907241821,0.955054998397827,8.83983325958252,1.51309454441071,9.87092399597168,27.5175857543945,88.884895324707,6.37347364425659,1.7233008146286,0,0,
97,72.07972717,0,0,0,28.87046623,0,7.853070259,0,2.20549202,0,21.94883347,0,3.77988958358765,0.956537425518036,8.86710071563721,1.52122414112091,9.75515651702881,27.5908184051514,88.9132843017578,6.39007091522217,1.72740650177002,0,0,
98,72.41707611,0,0,0,28.92589378,0,7.870059013,0,2.208698034,0,22.03659439,0,3.78744554519653,0.957990407943726,8.89367580413818,1.52914726734161,9.64357757568359,27.6633777618408,88.9423828125,6.40740060806274,1.73140549659729,0,0,
99,72.74569702,0,0,0,28.97988129,0,7.88657093,0,2.21183753,0,22.12206078,0,3.79480504989624,0.959412336349487,8.91956901550293,1.53686618804932,9.53607654571533,27.7352695465088,88.9721832275391,6.42538452148438,1.73529934883118,0,0,
100,73.06347656,0,0,0,29.0320549,0,7.902500629,0,2.214888334,0,22.20467567,0,3.8019685745239298,0.96080219745636,8.94478797912598,1.5443834066391,9.43254375457764,27.8064975738525,89.0026626586914,6.44394779205322,1.73908889293671,0,0,
101,73.37470245,0,0,0,29.08314896,0,7.918066502,0,2.217891216,0,22.28556252,0,3.80894088745117,0.962160885334015,8.96934795379639,1.55170333385468,9.33287239074707,27.877067565918,89.0338134765625,6.46302461624146,1.74277675151825,0,0,
102,73.67723846,0,0,0,29.13277626,0,7.933164597,0,2.220824003,0,22.36416245,0,3.8157331943512,0.963490903377533,8.99326801300049,1.5588321685791,9.23695468902588,27.946985244751,89.0656051635742,6.48255681991577,1.74636673927307,0,0,
103,73.97325134,0,0,0,29.18134499,0,7.947907448,0,2.223706961,0,22.44104767,0,3.82235240936279,0.964793145656586,9.01656723022461,1.56577587127686,9.14468669891357,28.0162525177002,89.0980453491211,6.50248908996582,1.7498619556427,0,0,
104,74.25843811,0,0,0,29.22809982,0,7.962081432,0,2.226496696,0,22.51509476,0,3.82879781723022,0.966066300868988,9.03925514221191,1.57253682613373,9.05596351623535,28.0848731994629,89.131103515625,6.52276468276978,1.75326383113861,0,0,
105,74.537117,0,0,0,29.27378273,0,7.975906849,0,2.229234695,0,22.58743668,0,3.83506870269775,0.967309355735779,9.06133937835693,1.57911741733551,8.97068500518799,28.152853012085,89.1647796630859,6.5433292388916,1.75657331943512,0,0,
106,74.8092804,0,0,0,29.31838799,0,7.989381313,0,2.231920004,0,22.6580658,0,3.84117722511292,0.968525469303131,9.08284282684326,1.585524559021,8.88875007629395,28.2201957702637,89.1990509033203,6.5641393661499,1.75979435443878,0,0,
107,75.07279205,0,0,0,29.36156845,0,8.002403259,0,2.234530449,0,22.7264328,0,3.84712505340576,0.969714224338531,9.10377788543701,1.59176194667816,8.81005954742432,28.2869071960449,89.2339019775391,6.58514928817749,1.76292896270752,0,0,
108,75.32981873,0,0,0,29.40365028,0,8.015080452,0,2.237086535,0,22.79309082,0,3.85291457176209,0.970875263214111,9.12415504455566,1.59783267974854,8.73451709747314,28.3529891967773,89.2693252563477,6.6063175201416,1.76597881317139,0,0,
109,75.57820892,0,0,0,29.44432831,0,8.027309418,0,2.239566088,0,22.85749817,0,3.85854649543762,0.972008407115936,9.1439847946167,1.60373973846436,8.66202735900879,28.4184474945068,89.3053131103516,6.62760210037231,1.76894521713257,0,0,
110,75.82225037,0,0,0,29.48427582,0,8.039304733,0,2.242011309,0,22.92076302,0,3.86402821540833,0.973115146160126,9.1632833480835,1.60948824882507,8.59249782562256,28.4832820892334,89.3418426513672,6.6489691734314,1.77183091640472,0,0,
111,76.05767822,0,0,0,29.52280807,0,8.050857544,0,2.244379044,0,22.98178101,0,3.86936497688293,0.974196374416351,9.1820650100708,1.6150826215744,8.52583694458008,28.5474987030029,89.37890625,6.67038536071777,1.77463853359222,0,0,
112,76.28661346,0,0,0,29.56026459,0,8.062074661,0,2.246688843,0,23.04109764,0,3.8745539188385,0.975250482559204,9.20033550262451,1.62052416801453,8.46195507049561,28.6111030578613,89.4164962768555,6.69181632995605,1.77736830711365,0,0,
113,76.50908661,0,0,0,29.59665489,0,8.072956085,0,2.248941183,0,23.09873009,0,3.87959933280945,0.976278305053711,9.21810817718506,1.62581670284271,8.40076446533203,28.6740951538086,89.45458984375,6.71323204040527,1.78002226352692,0,0,
114,76.72723389,0,0,0,29.63233566,0,8.083609581,0,2.251156807,0,23.15522766,0,3.88451075553894,0.977282285690308,9.23540019989014,1.63096606731415,8.34217929840088,28.736478805542,89.4931869506836,6.73460912704468,1.78260385990143,0,0,
115,76.93678284,0,0,0,29.66659355,0,8.093829155,0,2.253291845,0,23.20948792,0,3.88928818702698,0.978261709213257,9.25222110748291,1.63597476482391,8.2861156463623,28.7982578277588,89.5322647094727,6.75592041015625,1.78511416912079,0,0,
116,77.14200592,0,0,0,29.70014763,0,8.103821754,0,2.255389214,0,23.2626152,0,3.89393281936646,0.9792160987854,9.26857948303223,1.64084506034851,8.2324914932251,28.859432220459,89.5718154907227,6.77714109420776,1.78755438327789,0,0,
117,77.34078217,0,0,0,29.7326355,0,8.113488197,0,2.257426739,0,23.31406593,0,3.89845037460327,0.980147123336792,9.28448963165283,1.64558172225952,8.18122673034668,28.9200077056885,89.6118316650391,6.79825115203857,1.78992712497711,0,0,
118,77.53523254,0,0,0,29.76441193,0,8.12293148,0,2.25942564,0,23.3643856,0,3.90284562110901,0.981055557727814,9.29996395111084,1.65018844604492,8.13224220275879,28.9799900054932,89.6522979736328,6.81923246383667,1.79223418235779,0,0,
119,77.72324371,0,0,0,29.79511452,0,8.132047653,0,2.261363268,0,23.41302681,0,3.90712189674377,0.981941819190979,9.31501483917236,1.6546688079834,8.08546257019043,29.0393810272217,89.6931991577148,6.84006643295288,1.79447746276855,0,0,
120,77.9069519,0,0,0,29.82512283,0,8.140947342,0,2.263262033,0,23.4605484,0,3.91128158569336,0.982806026935577,9.32965183258057,1.65902590751648,8.04081344604492,29.0981826782227,89.7345352172852,6.86073684692383,1.79665863513947,0,0,
121,78.08421326,0,0,0,29.85407639,0,8.149522781,0,2.265099049,0,23.50639725,0,3.91532683372498,0.983648240566254,9.34388446807861,1.66326248645782,7.99822092056274,29.1563968658447,89.7762908935547,6.88122797012329,1.79877901077271,0,0,
122,78.25717163,0,0,0,29.88231087,0,8.157877922,0,2.266895294,0,23.55111885,0,3.91925859451294,0.984468400478363,9.35772228240967,1.66738092899323,7.95761489868164,29.2140293121338,89.8184585571289,6.90152406692505,1.80083978176117,0,0,
123,78.42584229,0,0,0,29.90984917,0,8.166016579,0,2.268651962,0,23.59472847,0,3.92308330535889,0.985268414020538,9.37117862701416,1.67138576507568,7.91892719268799,29.2710819244385,89.8610305786133,6.92161560058594,1.80284345149994,0,0,
124,78.58807373,0,0,0,29.93634415,0,8.173838615,0,2.270345449,0,23.63666725,0,3.92680048942566,0.986047267913818,9.3842601776123,1.67527866363525,7.88208961486816,29.3275585174561,89.9039840698242,6.94148826599121,1.80479061603546,0,0,
125,78.74814606,0,0,0,29.96246338,0,8.181544304,0,2.272019863,0,23.67803764,0,3.93041563034058,0.986806452274323,9.3969783782959,1.6790633201599101,7.84703683853149,29.3834609985352,89.9473266601563,6.96113348007202,1.80668342113495,0,0,
126,78.9017868,0,0,0,29.98752975,0,8.188934326,0,2.273630857,0,23.71774101,0,3.93393206596375,0.987546682357788,9.40934467315674,1.68274319171906,7.81370449066162,29.438793182373,89.9910278320313,6.98054265975952,1.80852365493774,0,0,
127,79.0511322,0,0,0,30.01189613,0,8.196109772,0,2.275200129,0,23.75632858,0,3.93734669685364,0.988266289234161,9.42136192321777,1.68631887435913,7.78203153610229,29.4935569763184,90.0350952148438,6.99970388412476,1.81031107902527,0,0,
128,79.19620514,0,0,0,30.03556252,0,8.203070641,0,2.276727676,0,23.79380608,0,3.94066333770752,0.988966286182404,9.43303966522217,1.6897931098938,7.75195789337158,29.547758102417,90.0795135498047,7.01860952377319,1.81204736232758,0,0,
129,79.33699036,0,0,0,30.0585289,0,8.209823608,0,2.278213263,0,23.83017349,0,3.94388484954834,0.989647328853607,9.44438648223877,1.69316852092743,7.72342395782471,29.6013965606689,90.124267578125,7.03725290298462,1.81373393535614,0,0,
130,79.47561646,0,0,0,30.08113289,0,8.216463089,0,2.279678583,0,23.86597443,0,3.94701886177063,0.990311682224274,9.45541667938232,1.6964498758316,7.69637298583984,29.6544742584229,90.1693572998047,7.05563163757324,1.81537342071533,0,0,
131,79.60782623,0,0,0,30.102705,0,8.222792625,0,2.281078815,0,23.90011978,0,3.95006561279297,0.990958571434021,9.46613693237305,1.69963884353638,7.67074966430664,29.7069969177246,90.2147674560547,7.07374000549316,1.8169664144516,0,0,
132,79.73789215,0,0,0,30.12390327,0,8.229010582,0,2.282458782,0,23.93370056,0,3.95302414894104,0.991587579250336,9.47655296325684,1.70273697376251,7.64650106430054,29.7589664459229,90.260498046875,7.09157085418701,1.81851375102997,0,0,
133,79.86367035,0,0,0,30.14441872,0,8.235019684,0,2.283795834,0,23.96617508,0,3.95590090751648,0.992200314998627,9.48667621612549,1.7057478427887,7.62357425689697,29.8103885650635,90.3065338134766,7.10912466049194,1.82001745700836,0,0,
134,79.98731232,0,0,0,30.16456604,0,8.240920067,0,2.285112143,0,23.99808884,0,3.95870018005371,0.992797911167145,9.49651718139648,1.70867490768433,7.60191869735718,29.8612651824951,90.3528747558594,7.12639951705933,1.82147932052612,0,0,
135,80.10453796,0,0,0,30.18367386,0,8.246511459,0,2.286362648,0,24.02835083,0,3.96141886711121,0.993378877639771,9.50607776641846,1.71151864528656,7.58148622512817,29.9115962982178,90.3994979858398,7.14338874816895,1.82289910316467,0,0,
136,80.22175598,0,0,0,30.20278358,0,8.25209713,0,2.287614822,0,24.05859947,0,3.96406054496765,0.99394416809082,9.5153694152832,1.71428179740906,7.56222820281982,29.961389541626,90.446403503418,7.1600923538208,1.82427859306335,0,0,
137,80.33255768,0,0,0,30.22083282,0,8.257371902,0,2.28880024,0,24.08719254,0,3.96662855148315,0.994494616985321,9.52439785003662,1.71696698665619,7.54409885406494,30.0106468200684,90.4935836791992,7.17650985717773,1.82561910152435,0,0,
138,80.44122314,0,0,0,30.23854637,0,8.262542725,0,2.289964676,0,24.11522865,0,3.96911859512329,0.99502831697464,9.53316497802734,1.71957385540009,7.52705335617065,30.0593700408936,90.5410308837891,7.19263648986816,1.82692003250122,0,0,
139,80.54774475,0,0,0,30.25589561,0,8.267607689,0,2.291107893,0,24.14271164,0,3.97154021263123,0.99554860591888406,9.5416841506958,1.72210705280304,7.51104879379272,30.1075630187988,90.5887298583984,7.20847511291504,1.82818424701691,0,0,
140,80.65000153,0,0,0,30.2725563,0,8.27246666,0,2.292206764,0,24.16909027,0,3.97389364242554,0.996054947376251,9.54996204376221,1.72456836700439,7.49604272842407,30.1552276611328,90.6366806030273,7.22402620315552,1.82941246032715,0,0,
141,80.75010681,0,0,0,30.28886414,0,8.277218819,0,2.293283939,0,24.19491196,0,3.97617959976196,0.996547222137451,9.55800342559814,1.72695910930634,7.48199462890625,30.2023677825928,90.6848831176758,7.23928928375244,1.83060538768768,0,0,
142,80.8480835,0,0,0,30.30481148,0,8.281866074,0,2.294339657,0,24.2201767,0,3.97840428352356,0.997027456760406,9.56581878662109,1.72928321361542,7.46886491775513,30.2489891052246,90.7333221435547,7.25426816940308,1.83176517486572,0,0,
143,80.94179535,0,0,0,30.32008362,0,8.28631115,0,2.29535079,0,24.24434662,0,3.98056626319885,0.997494637966156,9.57341289520264,1.73154127597809,7.45661640167236,30.295093536377,90.7819900512695,7.26896142959595,1.83289194107056,0,0,
144,81.03336334,0,0,0,30.3350029,0,8.290650368,0,2.296340227,0,24.26795959,0,3.98266506195068,0.997948169708252,9.58078956604004,1.73373425006866,7.44521188735962,30.3406829833984,90.8308868408203,7.28336954116821,1.83398616313934,0,0,
145,81.1206665,0,0,0,30.34922028,0,8.294782639,0,2.297284603,0,24.29047203,0,3.98469924926758,0.998387694358826,9.58795070648193,1.73586273193359,7.43461608886719,30.385763168335,90.8799896240234,7.29749155044556,1.83504784107208,0,0,
146,81.20795441,0,0,0,30.3634243,0,8.298913002,0,2.298229694,0,24.31297684,0,3.98667430877686,0.99881511926651,9.59490489959717,1.7379298210144,7.42479372024536,30.4303359985352,90.9293060302734,7.31133127212524,1.83607852458954,0,0,
147,81.29099274,0,0,0,30.37695313,0,8.302841187,0,2.299130201,0,24.33438492,0,3.98859453201294,0.999231517314911,9.60166168212891,1.73993802070618,7.41571187973022,30.4744033813477,90.9788284301758,7.32489252090454,1.83707988262177,0,0,
148,81.37188721,0,0,0,30.39011383,0,8.306664467,0,2.300008059,0,24.35523605,0,3.9904568195343,0.999635279178619,9.60822010040283,1.74188733100891,7.40733814239502,30.5179691314697,91.0285339355469,7.33817481994629,1.83805155754089,0,0,
149,81.45277405,0,0,0,30.40328407,0,8.31048584,0,2.300886869,0,24.37608719,0,3.99227094650269,1.00002980232239,9.61459541320801,1.7437824010849,7.39964199066162,30.5610389709473,91.0784378051758,7.35118579864502,1.83899652957916,0,0,
150,81.52939606,0,0,0,30.41575432,0,8.314105034,0,2.301720381,0,24.39583588,0,3.99403858184814,1.00041496753693,9.62079334259033,1.74562501907349,7.39259338378906,30.6036167144775,91.1285247802734,7.363929271698,1.83991551399231,0,0,
151,81.60388947,0,0,0,30.42788696,0,8.317620277,0,2.302531481,0,24.41503334,0,3.99575352668762,1.00078845024109,9.62681198120117,1.74741423130035,7.38616323471069,30.6457042694092,91.1787796020508,7.37640380859375,1.8408077955246,0,0,
152,81.67624664,0,0,0,30.43965721,0,8.321033478,0,2.303320169,0,24.43368149,0,3.99741792678833,1.0011510848999,9.63265800476074,1.74915182590485,7.38032341003418,30.6873054504395,91.2292175292969,7.38861322402954,1.84167432785034,0,0,
153,81.74434662,0,0,0,30.450737,0,8.324243546,0,2.304063082,0,24.45122719,0,3.99902749061584,1.00150120258331,9.63832759857178,1.75083673000336,7.37504720687866,30.7284240722656,91.2798233032227,7.40055561065674,1.84251391887665,0,0,
154,81.81455994,0,0,0,30.46217346,0,8.327554703,0,2.304829836,0,24.4693222,0,4.00059127807617,1.00184202194214,9.64383411407471,1.75247299671173,7.3703088760376,30.7690620422363,91.3305816650391,7.41223859786987,1.84332919120789,0,0,
155,81.88052368,0,0,0,30.47289276,0,8.330659866,0,2.305550575,0,24.48631668,0,4.00211620330811,1.00217545032501,9.64918804168701,1.75406408309937,7.36608266830444,30.8092250823975,91.3815002441406,7.42366933822632,1.84412240982056,0,0,
156,81.94435883,0,0,0,30.48329163,0,8.333665848,0,2.306248903,0,24.50276184,0,4.00359392166138,1.00249838829041,9.65438461303711,1.75560832023621,7.36234474182129,30.8489151000977,91.4325637817383,7.4348464012146,1.8448920249939,0,0,
157,82.00605011,0,0,0,30.49332047,0,8.336568832,0,2.306924105,0,24.51865387,0,4.00502586364746,1.0028110742569,9.65942764282227,1.75710666179657,7.35907173156738,30.8881340026855,91.483772277832,7.44577217102051,1.84563827514648,0,0,
158,82.06774902,0,0,0,30.50336456,0,8.339471817,0,2.30760026,0,24.53454971,0,4.00641822814941,1.00311577320099,9.66432571411133,1.7585620880127,7.35624074935913,30.926887512207,91.5351181030273,7.45645380020142,1.84636330604553,0,0,
159,82.12518311,0,0,0,30.51270294,0,8.342172623,0,2.308229923,0,24.54934311,0,4.00777006149292,1.00341176986694,9.66908168792725,1.75997507572174,7.35383081436157,30.9651794433594,91.5865859985352,7.46689319610596,1.84706711769104,0,0,
160,82.18261719,0,0,0,30.52205849,0,8.344873428,0,2.308860302,0,24.56413841,0,4.0090799331665,1.00369834899902,9.67369651794434,1.76134586334229,7.35182094573975,31.0030097961426,91.63818359375,7.47709226608276,1.8477498292923,0,0,
161,82.23792267,0,0,0,30.53104973,0,8.347470284,0,2.309467793,0,24.5783844,0,4.01035308837891,1.00397753715515,9.67817783355713,1.76267719268799,7.35019063949585,31.0403881072998,91.6899108886719,7.48705816268921,1.84841299057007,0,0,
162,82.29109955,0,0,0,30.53970337,0,8.349970818,0,2.310052156,0,24.59207916,0,4.01158761978149,1.00424826145172,9.68252754211426,1.76396906375885,7.34892129898071,31.0773124694824,91.7417449951172,7.49679231643677,1.84905648231506,0,0,
163,82.3442688,0,0,0,30.54834938,0,8.352464676,0,2.310636759,0,24.60577202,0,4.01278829574585,1.00451195240021,9.68675231933594,1.76522397994995,7.34799337387085,31.113790512085,91.793701171875,7.5063009262085,1.84968161582947,0,0,
164,82.39530182,0,0,0,30.55665207,0,8.354859352,0,2.311198473,0,24.61891174,0,4.01395797729492,1.00476956367493,9.69085884094238,1.76644384860992,7.34738969802856,31.1498241424561,91.8457565307617,7.51559019088745,1.85028946399689,0,0,
165,82.44421387,0,0,0,30.56459618,0,8.3571558,0,2.311737061,0,24.63150787,0,4.0150933265686,1.00501942634583,9.69484519958496,1.76762843132019,7.34709310531616,31.185417175293,91.8979110717773,7.52466058731079,1.85087954998016,0,0,
166,82.49312592,0,0,0,30.57255745,0,8.359449387,0,2.312275887,0,24.644104,0,4.016197681427,1.00526261329651,9.69871807098389,1.76877915859222,7.34708690643311,31.2205753326416,91.9501647949219,7.53351831436157,1.8514529466629,0,0,
167,82.53778076,0,0,0,30.57982635,0,8.361542702,0,2.312768459,0,24.65560341,0,4.01726675033569,1.00549781322479,9.70247650146484,1.76989567279816,7.34735536575317,31.2553005218506,92.0025177001953,7.54216337203979,1.85200917720795,0,0,
168,82.58455658,0,0,0,30.58743095,0,8.363734245,0,2.313284397,0,24.66764641,0,4.0183048248291,1.00572633743286,9.70612525939941,1.77097964286804,7.3478832244873,31.2895946502686,92.0549545288086,7.55060148239136,1.85254907608032,0,0,
169,82.62708282,0,0,0,30.59434319,0,8.365729332,0,2.313753843,0,24.6785965,0,4.01931428909302,1.00594878196716,9.70966911315918,1.77203261852264,7.34865570068359,31.3234634399414,92.1074676513672,7.558837890625,1.85307347774506,0,0,
170,82.66960907,0,0,0,30.60125732,0,8.36771965,0,2.314223528,0,24.68954277,0,4.02029037475586,1.00616359710693,9.71310615539551,1.77305340766907,7.34965896606445,31.3569087982178,92.1600646972656,7.56687259674072,1.8535817861557,0,0,
171,82.71000671,0,0,0,30.60782623,0,8.369613647,0,2.314670086,0,24.69994354,0,4.02123594284058,1.00637185573578,9.71644115447998,1.77404379844666,7.35087919235229,31.3899364471436,92.2127380371094,7.57471036911011,1.85407471656799,0,0,
172,82.75039673,0,0,0,30.61439323,0,8.37150383,0,2.315116644,0,24.71034241,0,4.02215385437012,1.00657403469086,9.71967697143555,1.7750049829483,7.35230350494385,31.422550201416,92.2654876708984,7.58235597610474,1.85455286502838,0,0,
173,82.79078674,0,0,0,30.62095833,0,8.373394012,0,2.31556344,0,24.72073936,0,4.02305173873901,1.00677287578583,9.722825050354,1.77594029903412,7.353919506073,31.4547538757324,92.3182983398438,7.58981800079346,1.85501873493195,0,0,
174,82.82693481,0,0,0,30.62683868,0,8.375084877,0,2.315963507,0,24.73004341,0,4.02392292022705,1.00696551799774,9.72588157653809,1.77684843540192,7.35571575164795,31.4865474700928,92.3711700439453,7.59709596633911,1.85547089576721,0,0,
175,82.86519623,0,0,0,30.63305473,0,8.3768749239999991,0,2.316387177,0,24.73989105,0,4.02476835250854,1.00715243816376,9.72884941101074,1.77772986888885,7.35768032073975,31.5179424285889,92.4241027832031,7.60419416427612,1.85590994358063,0,0,
176,82.89920807,0,0,0,30.63859177,0,8.37846756,0,2.316764116,0,24.74864769,0,4.02558898925781,1.00733387470245,9.73173046112061,1.77858567237854,7.35980272293091,31.5489349365234,92.4770889282227,7.61111640930176,1.85633623600006,0,0,
177,82.93321991,0,0,0,30.64412498,0,8.380056381,0,2.317141294,0,24.75740433,0,4.02637958526611,1.0075079202652,9.73452091217041,1.77941417694092,7.3620719909668,31.5795288085938,92.5301284790039,7.6178617477417,1.85674846172333,0,0,
178,82.96723175,0,0,0,30.6496563,0,8.38164711,0,2.317518473,0,24.76615715,0,4.02714872360229,1.00767779350281,9.73723030090332,1.7802187204361,7.36447811126709,31.6097297668457,92.5832138061523,7.62443780899048,1.85714900493622,0,0,
179,82.99911499,0,0,0,30.6548214,0,8.383137703,0,2.317871809,0,24.77436066,0,4.0278959274292,1.00784289836884,9.73986053466797,1.78099977970123,7.36701154708862,31.6395435333252,92.6363525390625,7.63084840774536,1.85753762722015,0,0,
180,83.0309906,0,0,0,30.6600132,0,8.384626389,0,2.318225622,0,24.78256416,0,4.02862071990967,1.00800323486328,9.74241352081299,1.7817577123642,7.36966371536255,31.6689739227295,92.6895294189453,7.6370964050293,1.857914686203,0,0,
181,83.06287384,0,0,0,30.66520309,0,8.386116028,0,2.318579912,0,24.79077148,0,4.02932929992676,1.00816094875336,9.74489784240723,1.78249561786652,7.3724250793457,31.6980209350586,92.7427368164063,7.64318990707397,1.8582820892334,0,0,
182,83.09262848,0,0,0,30.67003632,0,8.387505531,0,2.31891036,0,24.79842758,0,4.03002071380615,1.00831484794617,9.74731254577637,1.78321313858032,7.3752875328064,31.7266902923584,92.7959747314453,7.64913129806519,1.85863971710205,0,0,
183,83.12025452,0,0,0,30.67452049,0,8.388794899,0,2.319217205,0,24.80553627,0,4.03068685531616,1.00846230983734,9.74965286254883,1.78390836715698,7.3782434463501,31.7549839019775,92.8492431640625,7.65491819381714,1.85898578166962,0,0,
184,83.14788818,0,0,0,30.67901802,0,8.39008522,0,2.319524288,0,24.81264687,0,4.0313286781311,1.00860381126404,9.75191974639893,1.7845813035965,7.38128471374512,31.7829074859619,92.9025421142578,7.66055393218994,1.85932052135468,0,0,
185,83.17551422,0,0,0,30.68350792,0,8.391374588,0,2.31983161,0,24.81975746,0,4.03195285797119,1.00874197483063,9.75412082672119,1.78523457050323,7.38440418243408,31.8104648590088,92.9558639526367,7.66604471206665,1.85964560508728,0,0,
186,83.20313263,0,0,0,30.6879921,0,8.392664909,0,2.320138693,0,24.82686043,0,4.03256464004517,1.00887823104858,9.75626182556152,1.78587090969086,7.38759469985962,31.8376598358154,93.0092010498047,7.67139768600464,1.85996246337891,0,0,
187,83.2286377,0,0,0,30.69214058,0,8.393855095,0,2.320422411,0,24.83342552,0,4.03316116333008,1.00901114940643,9.75834465026855,1.78648972511292,7.39085006713867,31.8644905090332,93.0625610351563,7.6766152381897,1.86027085781097,0,0,
188,83.25202179,0,0,0,30.69593811,0,8.394946098,0,2.320682764,0,24.83944321,0,4.03373384475708,1.00913786888123,9.76036071777344,1.78708827495575,7.39416360855103,31.8909683227539,93.1159286499023,7.68169355392456,1.86056888103485,0,0,
189,83.27751923,0,0,0,30.70008659,0,8.396136284,0,2.320966721,0,24.84600449,0,4.03428983688354,1.00926101207733,9.7623176574707,1.78766942024231,7.39752960205078,31.9170932769775,93.1693115234375,7.6866397857666,1.8608580827713,0,0,
190,83.30089569,0,0,0,30.70389175,0,8.397227287,0,2.321226835,0,24.85201836,0,4.0348334312439,1.00938212871552,9.76422119140625,1.78823494911194,7.40094184875488,31.94287109375,93.2227096557617,7.69146013259888,1.86113977432251,0,0,
191,83.32426453,0,0,0,30.70768547,0,8.398316383,0,2.321487665,0,24.85803223,0,4.03536224365234,1.00949990749359,9.76607036590576,1.78878438472748,7.40439510345459,31.9683055877686,93.2761077880859,7.6961555480957,1.86141359806061,0,0,
192,83.34551239,0,0,0,30.71113396,0,8.399307251,0,2.321724415,0,24.86349869,0,4.0358738899231,1.00961363315582,9.76786518096924,1.78931748867035,7.40788412094116,31.9933967590332,93.3295135498047,7.70072746276855,1.86167895793915,0,0,
193,83.36676025,0,0,0,30.7145977,0,8.400298119,0,2.321961403,0,24.86896896,0,4.03636741638184,1.00972282886505,9.76960372924805,1.7898336648941,7.41140413284302,32.0181503295898,93.3829116821289,7.70517683029175,1.86193585395813,0,0,
194,83.38800049,0,0,0,30.7180481,0,8.401287079,0,2.322198153,0,24.87443161,0,4.03684759140015,1.00982940196991,9.77129173278809,1.79033493995667,7.41495037078857,32.0425720214844,93.4362945556641,7.70950937271118,1.86218535900116,0,0,
195,83.40713501,0,0,0,30.72115517,0,8.402177811,0,2.322411537,0,24.879352569999998,0,4.03731155395508,1.00993227958679,9.77292823791504,1.79082071781158,7.41851806640625,32.0666580200195,93.4896774291992,7.71372652053833,1.86242699623108,0,0,
196,83.42625427,0,0,0,30.72426224,0,8.403069496,0,2.322624683,0,24.88427353,0,4.03775787353516,1.01003086566925,9.77451133728027,1.7912905216217,7.42210340499878,32.0904159545898,93.5430526733398,7.71782875061035,1.86266040802002,0,0,
197,83.44537354,0,0,0,30.72737694,0,8.403960228,0,2.322838068,0,24.88919258,0,4.03819179534912,1.01012706756592,9.776047706604,1.79174637794495,7.42570209503174,32.1138496398926,93.5964202880859,7.72182083129883,1.86288690567017,0,0,
198,83.4644928,0,0,0,30.73046875,0,8.40485096,0,2.323051453,0,24.89410782,0,4.03861618041992,1.01022171974182,9.77754211425781,1.79218983650208,7.42931032180786,32.1369667053223,93.649772644043,7.72570848464966,1.86310744285583,0,0,
199,83.48361206,0,0,0,30.73358345,0,8.405740738,0,2.323264837,0,24.89902687,0,4.03903436660767,1.01031565666199,9.77899837493896,1.79262268543243,7.43292474746704,32.1597671508789,93.7031097412109,7.72949695587158,1.86332297325134,0,0,
200,83.50061035,0,0,0,30.7363472,0,8.406534195,0,2.323454618,0,24.90340233,0,4.03944110870361,1.01040697097778,9.78041458129883,1.79304349422455,7.43654155731201,32.1822547912598,93.7564239501953,7.73318576812744,1.86353278160095,0,0,
201,83.51760864,0,0,0,30.7390976,0,8.407324791,0,2.3236444,0,24.90777016,0,4.03983402252197,1.01049447059631,9.78178882598877,1.79345166683197,7.44015789031982,32.2044296264648,93.8097152709961,7.73677539825439,1.86373603343964,0,0,
202,83.53247833,0,0,0,30.74151802,0,8.408016205,0,2.323810577,0,24.91159439,0,4.04021024703979,1.01057779788971,9.78311634063721,1.79384589195251,7.44377040863037,32.2262992858887,93.8629913330078,7.74026536941528,1.86393213272095,0,0,
203,83.54947662,0,0,0,30.74428368,0,8.408808708,0,2.324000597,0,24.91596985,0,4.04057502746582,1.01065850257874,9.78440380096436,1.79422831535339,7.4473762512207,32.2478637695313,93.9162368774414,7.74366140365601,1.86412227153778,0,0,
204,83.56434631,0,0,0,30.7467041,0,8.409502029,0,2.324166775,0,24.91979599,0,4.040931224823,1.01073789596558,9.7856559753418,1.7946001291275,7.45097303390503,32.2691345214844,93.9694595336914,7.74696683883667,1.86430728435516,0,0,
205,83.57922363,0,0,0,30.7491188,0,8.410194397,0,2.324333191,0,24.92362404,0,4.04127502441406,1.01081430912018,9.78687000274658,1.79496026039124,7.45455837249756,32.2901039123535,94.0226440429688,7.75018119812012,1.86448645591736,0,0,
206,83.59408569,0,0,0,30.75152779,0,8.410885811,0,2.324499369,0,24.92744446,0,4.04160976409912,1.01088893413544,9.78804779052734,1.79531013965607,7.45812940597534,32.3107795715332,94.075798034668,7.75330924987793,1.86466038227081,0,0,
207,83.60895538,0,0,0,30.75394058,0,8.411578178,0,2.324665546,0,24.93126869,0,4.04193878173828,1.01096260547638,9.78919506072998,1.7956508398056,7.46168422698975,32.331169128418,94.1289138793945,7.75635480880737,1.86483001708984,0,0,
208,83.6217041,0,0,0,30.75601196,0,8.412171364,0,2.324808121,0,24.93454742,0,4.04225635528564,1.0110335350036601,9.79030799865723,1.79598128795624,7.46522045135498,32.3512725830078,94.181999206543,7.75931739807129,1.86499440670013,0,0,
209,83.63444519,0,0,0,30.7580986,0,8.412765503,0,2.324950695,0,24.93782806,0,4.04255962371826,1.01110064983368,9.79138374328613,1.79630041122437,7.46873617172241,32.3710899353027,94.2350387573242,7.76219606399536,1.86515295505524,0,0,
210,83.64719391,0,0,0,30.76015854,0,8.413355827,0,2.325093269,0,24.94110489,0,4.04285287857056,1.01116561889648,9.79242515563965,1.79660940170288,7.47222948074341,32.390625,94.2880401611328,7.76499509811401,1.86530649662018,0,0,
211,83.659935,0,0,0,30.76222992,0,8.413949966,0,2.325235844,0,24.94438171,0,4.04313945770264,1.0112292766571,9.79343700408936,1.79690945148468,7.47569894790649,32.4098854064941,94.3409957885742,7.76771783828735,1.86545562744141,0,0,
212,83.67269135,0,0,0,30.76429558,0,8.414541245,0,2.325378656,0,24.94766235,0,4.04342031478882,1.01129233837128,9.7944221496582,1.79720175266266,7.47914266586304,32.4288749694824,94.3939056396484,7.77036809921265,1.86560106277466,0,0,
213,83.68543243,0,0,0,30.76637459,0,8.41513443,0,2.325521469,0,24.95094109,0,4.04369735717773,1.01135492324829,9.79538345336914,1.79748737812042,7.48255920410156,32.4475898742676,94.4467697143555,7.77294921875,1.86574339866638,0,0,
214,83.69605255,0,0,0,30.76809502,0,8.415630341,0,2.325640202,0,24.9536705,0,4.0439658164978,1.0114152431488,9.79631614685059,1.79776465892792,7.4859471321106,32.4660415649414,94.4995727539063,7.77545976638794,1.86588168144226,0,0,
215,83.70666504,0,0,0,30.76982307,0,8.416125298,0,2.325758934,0,24.95639801,0,4.0442214012146,1.01147174835205,9.79721736907959,1.79803228378296,7.48930549621582,32.4842300415039,94.5523300170898,7.77789878845215,1.86601459980011,0,0,
216,83.71729279,0,0,0,30.77153778,0,8.416617393,0,2.325877905,0,24.95913124,0,4.04446792602539,1.01152622699738,9.7980899810791,1.79829108715057,7.49263286590576,32.5021591186523,94.6050338745117,7.78026914596558,1.86614322662354,0,0,
217,83.7279129,0,0,0,30.77326775,0,8.417111397,0,2.325997114,0,24.96186638,0,4.04470777511597,1.01157963275909,9.79893684387207,1.79854249954224,7.49592781066895,32.5198287963867,94.6576919555664,7.78257465362549,1.86626815795898,0,0,
218,83.73853302,0,0,0,30.77500343,0,8.4176054,0,2.326115847,0,24.96459579,0,4.04494285583496,1.01163232326508,9.79976081848145,1.79878723621368,7.49918985366821,32.5372467041016,94.7102890014648,7.78481769561768,1.86638987064362,0,0,
219,83.74915314,0,0,0,30.7767334,0,8.418099403,0,2.326235056,0,24.96733093,0,4.04517412185669,1.0116845369339,9.80056476593018,1.79902625083923,7.50241756439209,32.5544128417969,94.762825012207,7.78700160980225,1.86650919914246,0,0,
220,83.75764465,0,0,0,30.77810669,0,8.4184932709999991,0,2.326330185,0,24.96951294,0,4.04539728164673,1.01173436641693,9.80134391784668,1.79925751686096,7.50561094284058,32.5713272094727,94.815299987793,7.78912401199341,1.86662459373474,0,0,
221,83.7661438,0,0,0,30.7794857,0,8.418888092,0,2.326425314,0,24.97169685,0,4.0456075668335,1.01178073883057,9.80209445953369,1.79947996139526,7.5087685585022,32.5879974365234,94.8677215576172,7.79118394851685,1.86673498153687,0,0,
222,83.77676392,0,0,0,30.78120613,0,8.419382095,0,2.326544285,0,24.97442818,0,4.04581546783447,1.0118271112442,9.80282497406006,1.79969692230225,7.51188993453979,32.6044273376465,94.9200744628906,7.79318857192993,1.86684286594391,0,0,
223,83.78526306,0,0,0,30.78259087,0,8.419778824,0,2.326639652,0,24.97661591,0,4.04602098464966,1.01187360286713,9.80353832244873,1.79990899562836,7.51497411727905,32.6206207275391,94.9723663330078,7.79514074325562,1.86694872379303,0,0,
224,83.79375458,0,0,0,30.78397179,0,8.420172691,0,2.326734781,0,24.97879982,0,4.04621887207031,1.01191794872284,9.80422973632813,1.80011439323425,7.51802110671997,32.6365776062012,95.0245895385742,7.79703807830811,1.86705112457275,0,0,
225,83.80225372,0,0,0,30.7853508,0,8.420567513,0,2.326830149,0,24.98098564,0,4.04641103744507,1.01196098327637,9.80490112304688,1.80031418800354,7.52102994918823,32.6523017883301,95.0767440795898,7.79888296127319,1.86715054512024,0,0,
226,83.80862427,0,0,0,30.78639412,0,8.420864105,0,2.326901674,0,24.98262405,0,4.0465931892395,1.01200115680695,9.80554866790771,1.8005063533783,7.52400064468384,32.667797088623,95.1288375854492,7.80067348480225,1.86724603176117,0,0,
227,83.81712341,0,0,0,30.78777313,0,8.421257973,0,2.326996803,0,24.98480988,0,4.04676818847656,1.01203966140747,9.80617427825928,1.80069184303284,7.52693223953247,32.6830635070801,95.1808547973633,7.80241250991821,1.86733818054199,0,0,
228,83.82561493,0,0,0,30.78915215,0,8.421654701,0,2.327092171,0,24.9869957,0,4.04694414138794,1.01207947731018,9.80678749084473,1.80087399482727,7.52982521057129,32.6981048583984,95.2328033447266,7.80410671234131,1.86742877960205,0,0,
229,83.8319931,0,0,0,30.79018021,0,8.42195034,0,2.327163696,0,24.98863411,0,4.04711484909058,1.01211774349213,9.80738353729248,1.80105078220367,7.53267860412598,32.7129211425781,95.2846755981445,7.80575323104858,1.86751675605774,0,0,
230,83.83836365,0,0,0,30.7912178,0,8.422245979,0,2.327235222,0,24.99027252,0,4.04727506637573,1.01215302944183,9.80795478820801,1.80122041702271,7.53549242019653,32.7275199890137,95.3364715576172,7.80735015869141,1.86760079860687,0,0,
231,83.84684753,0,0,0,30.79259682,0,8.4226408,0,2.327330112,0,24.99245262,0,4.04743385314941,1.01218867301941,9.80851268768311,1.80138623714447,7.5382661819458,32.7419052124023,95.3881912231445,7.80890464782715,1.86768317222595,0,0,
232,83.85322571,0,0,0,30.79362679,0,8.422935486,0,2.327401638,0,24.99409103,0,4.04759216308594,1.01222455501556,9.80905914306641,1.80154848098755,7.54100036621094,32.7560768127441,95.4398345947266,7.81041765213013,1.86776423454285,0,0,
233,83.85959625,0,0,0,30.7946701,0,8.423232079,0,2.327473402,0,24.99573326,0,4.04774332046509,1.0122584104538,9.8095874786377,1.80170547962189,7.54369449615479,32.7700386047363,95.4913940429688,7.81188774108887,1.86784243583679,0,0,
234,83.8659668,0,0,0,30.79570007,0,8.423526764,0,2.3275446890000002,0,24.99736786,0,4.04788970947266,1.01229107379913,9.81010055541992,1.80185770988464,7.5463490486145,32.7837905883789,95.5428771972656,7.81331586837769,1.86791813373566,0,0,
235,83.87233734,0,0,0,30.79672813,0,8.42382431,0,2.327615976,0,24.99900627,0,4.04803228378296,1.01232302188873,9.8105993270874,1.80200576782227,7.54896354675293,32.7973403930664,95.5942840576172,7.81470489501953,1.86799192428589,0,0,
236,83.87658691,0,0,0,30.7974205,0,8.424021721,0,2.327663898,0,25.00009727,0,4.04816675186157,1.01235246658325,9.81107807159424,1.80214774608612,7.55153799057007,32.8106918334961,95.6456069946289,7.81605195999146,1.86806237697601,0,0,
237,83.88296509,0,0,0,30.79847145,0,8.424318314,0,2.327735424,0,25.00174141,0,4.04829454421997,1.0123804807663,9.81153964996338,1.80228447914124,7.55407238006592,32.8238410949707,95.6968460083008,7.81735897064209,1.86813008785248,0,0,
238,83.88933563,0,0,0,30.79950142,0,8.424613953,0,2.32780695,0,25.00337982,0,4.04842376708984,1.01240980625153,9.81199264526367,1.80241894721985,7.55656671524048,32.8367919921875,95.7480010986328,7.81863212585449,1.86819708347321,0,0,
239,83.89357758,0,0,0,30.80018616,0,8.42481041,0,2.327854633,0,25.00447083,0,4.04854822158813,1.01243770122528,9.81243133544922,1.80254912376404,7.55902194976807,32.8495483398438,95.799072265625,7.81986808776855,1.86826169490814,0,0,
240,83.89994049,0,0,0,30.80121803,0,8.425105095,0,2.32792592,0,25.00610352,0,4.04866886138916,1.01246476173401,9.81285667419434,1.80267536640167,7.56143712997437,32.8621101379395,95.8500595092773,7.82106924057007,1.86832439899445,0,0,
241,83.90419769,0,0,0,30.80190849,0,8.425304413,0,2.327973843,0,25.00719833,0,4.04878711700439,1.01249134540558,9.81327056884766,1.80279815196991,7.56381273269653,32.8744850158691,95.9009628295898,7.82223701477051,1.8683854341507,0,0,
242,83.90844727,0,0,0,30.80260277,0,8.425501823,0,2.328021526,0,25.00829315,0,4.04889726638794,1.01251542568207,9.81366729736328,1.80291557312012,7.56614923477173,32.8866729736328,95.9517669677734,7.82336854934692,1.868443608284,0,0,
243,83.91481018,0,0,0,30.80363274,0,8.425796509,0,2.328093052,0,25.00992966,0,4.04900789260864,1.01254022121429,9.81405544281006,1.80303072929382,7.56844663619995,32.8986778259277,96.0024871826172,7.82446956634521,1.86850082874298,0,0,
244,83.91906738,0,0,0,30.80433083,0,8.425994873,0,2.328140736,0,25.01102448,0,4.0491189956665,1.01256561279297,9.8144359588623,1.80314385890961,7.57070541381836,32.9104995727539,96.0531158447266,7.82554244995117,1.86855733394623,0,0,
245,83.92331696,0,0,0,30.8050251,0,8.426192284,0,2.328188658,0,25.01211929,0,4.04922342300415,1.01258897781372,9.81480312347412,1.80325293540955,7.57292556762695,32.9221382141113,96.1036529541016,7.82658338546753,1.86861169338226,0,0,
246,83.9275589,0,0,0,30.80570602,0,8.426387787,0,2.328236103,0,25.01320839,0,4.04932355880737,1.01261115074158,9.81515789031982,1.80335819721222,7.57510757446289,32.9336013793945,96.1540908813477,7.82759380340576,1.86866414546967,0,0,
247,83.93180084,0,0,0,30.80639648,0,8.426587105,0,2.328283787,0,25.01429939,0,4.04942083358765,1.01263272762299,9.81550121307373,1.80346024036407,7.57725191116333,32.9448890686035,96.2044372558594,7.82857513427734,1.86871480941772,0,0,
248,83.93605804,0,0,0,30.80708313,0,8.426784515,0,2.32833147,0,25.0153923,0,4.04951572418213,1.01265406608582,9.81583595275879,1.80355942249298,7.57935857772827,32.9560089111328,96.2546997070313,7.82952833175659,1.86876392364502,0,0,
249,83.94029999,0,0,0,30.8077774,0,8.426980972,0,2.328378916,0,25.01648331,0,4.04960918426514,1.01267504692078,9.81616115570068,1.8036562204361,7.58142805099487,32.9669570922852,96.3048629760742,7.83045530319214,1.868812084198,0,0,
250,83.94454956,0,0,0,30.8084774,0,8.427178383,0,2.328427076,0,25.01758003,0,4.04970121383667,1.01269602775574,9.81647968292236,1.803750872612,7.58346033096313,32.9777374267578,96.3549270629883,7.8313570022583,1.86885929107666,0,0,
251,83.9487915,0,0,0,30.80915642,0,8.42737484,0,2.32847476,0,25.01866913,0,4.04979276657104,1.01271688938141,9.81679153442383,1.80384361743927,7.58545589447021,32.9883575439453,96.4049072265625,7.83223485946655,1.8689056634903,0,0,
252,83.95092773,0,0,0,30.80950546,0,8.427474022,0,2.328498602,0,25.01921844,0,4.04987716674805,1.01273548603058,9.81709003448486,1.80393218994141,7.58741521835327,32.9988136291504,96.4547805786133,7.83308553695679,1.86894965171814,0,0,
253,83.95516968,0,0,0,30.81018639,0,8.427669525,0,2.328546047,0,25.02030754,0,4.04995632171631,1.01275277137756,9.8173770904541,1.80401718616486,7.58933877944946,33.009105682373,96.5045547485352,7.83390998840332,1.86899173259735,0,0,
254,83.95941162,0,0,0,30.81087875,0,8.427868843,0,2.3285937309999998,0,25.02139854,0,4.05003881454468,1.01277148723602,9.81766033172607,1.80410134792328,7.59122705459595,33.0192413330078,96.5542297363281,7.83471393585205,1.86903381347656,0,0,
255,83.96153259,0,0,0,30.81121445,0,8.427966118,0,2.328617573,0,25.02194214,0,4.05011653900146,1.0127888917923,9.81793308258057,1.80418241024017,7.59308052062988,33.0292205810547,96.6038055419922,7.83549404144287,1.86907422542572,0,0,
256,83.96578217,0,0,0,30.81191444,0,8.428163528,0,2.328665257,0,25.02303505,0,4.0501914024353,1.01280546188354,9.81819725036621,1.8042608499527,7.59489917755127,33.0390434265137,96.6532821655273,7.8362512588501,1.8691132068634,0,0,
257,83.96790314,0,0,0,30.8122654,0,8.428263664,0,2.328689337,0,25.02358246,0,4.05026388168335,1.01282167434692,9.81845378875732,1.80433690547943,7.59668350219727,33.048713684082,96.7026596069336,7.83698654174805,1.86915111541748,0,0,
258,83.97215271,0,0,0,30.81294441,0,8.428458214,0,2.328736782,0,25.02467155,0,4.05033493041992,1.01283752918243,9.81870269775391,1.80441105365753,7.59843397140503,33.058235168457,96.7519302368164,7.83770179748535,1.8691878318786601,0,0,
259,83.97428131,0,0,0,30.81329536,0,8.428557396,0,2.328760624,0,25.02522087,0,4.05040454864502,1.01285338401794,9.81894588470459,1.804483294487,7.60015106201172,33.0676078796387,96.8011016845703,7.83839702606201,1.86922383308411,0,0,
260,83.97640228,0,0,0,30.81363678,0,8.428655624,0,2.328784704,0,25.02576637,0,4.0504674911499,1.01286685466766,9.81917572021484,1.80455148220062,7.60183525085449,33.0768394470215,96.8501739501953,7.83906888961792,1.86925745010376,0,0,
261,83.98064423,0,0,0,30.81432533,0,8.428852081,0,2.328832388,0,25.02685738,0,4.0505313873291,1.01288115978241,9.81940174102783,1.80461859703064,7.60348701477051,33.0859260559082,96.8991394042969,7.83972311019897,1.86929070949554,0,0,
262,83.98277283,0,0,0,30.81468201,0,8.428952217,0,2.328856468,0,25.0274086,0,4.05059623718262,1.0128960609436,9.81962394714355,1.80468475818634,7.60510635375977,33.0948677062988,96.947998046875,7.84036016464233,1.86932373046875,0,0,
263,83.98488617,0,0,0,30.81502533,0,8.429051399,0,2.32888031,0,25.02795029,0,4.05065536499023,1.01290905475616,9.8198356628418,1.80474758148193,7.60669422149658,33.1036720275879,96.9967575073242,7.84097623825073,1.86935496330261,0,0,
264,83.9870224,0,0,0,30.81536674,0,8.429150581,0,2.328904152,0,25.0284996,0,4.05071067810059,1.01292097568512,9.82003879547119,1.80480766296387,7.60825061798096,33.1123352050781,97.04541015625,7.84157276153564,1.86938452720642,0,0,
265,83.99127197,0,0,0,30.81606102,0,8.429347992,0,2.328951836,0,25.02959061,0,4.05076932907104,1.01293444633484,9.82024002075195,1.80486750602722,7.60977602005005,33.1208686828613,97.0939559936523,7.84215497970581,1.8694144487381,0,0,
266,83.99339294,0,0,0,30.81639671,0,8.429445267,0,2.328975677,0,25.0301342,0,4.05083036422729,1.01294875144958,9.8204402923584,1.80492734909058,7.61127138137817,33.1292686462402,97.1423950195313,7.84272384643555,1.86944437026978,0,0,
267,83.99551392,0,0,0,30.81674004,0,8.429542542,0,2.328999519,0,25.03068161,0,4.0508861541748,1.01296138763428,9.82063293457031,1.80498456954956,7.61273670196533,33.1375389099121,97.1907272338867,7.84327507019043,1.86947298049927,0,0,
268,83.99763489,0,0,0,30.81709099,0,8.429641724,0,2.329023361,0,25.03122711,0,4.05093908309937,1.01297307014465,9.8208179473877,1.80503964424133,7.61417245864868,33.1456756591797,97.2389526367188,7.84380960464478,1.86950039863586,0,0,
269,83.99976349,0,0,0,30.81744003,0,8.429739952,0,2.329047441,0,25.03177452,0,4.05098915100098,1.01298427581787,9.82099723815918,1.80509281158447,7.61557912826538,33.1536865234375,97.2870712280273,7.8443284034729,1.86952686309814,0,0,
270,84.00189209,0,0,0,30.81779099,0,8.429839134,0,2.329071283,0,25.03232384,0,4.05103778839111,1.01299512386322,9.82117080688477,1.80514430999756,7.61695766448975,33.1615715026855,97.335075378418,7.84483194351196,1.86955261230469,0,0,
271,84.00401306,0,0,0,30.81812668,0,8.429937363,0,2.329094887,0,25.03286743,0,4.05108547210693,1.01300573348999,9.82134056091309,1.80519437789917,7.61830806732178,33.1693305969238,97.3829803466797,7.84532070159912,1.86957764625549,0,0,
272,84.00613403,0,0,0,30.81846809,0,8.430037498,0,2.329118967,0,25.03341103,0,4.0511326789856,1.01301622390747,9.82150554656982,1.8052431344986,7.61963081359863,33.1769676208496,97.4307708740234,7.84579563140869,1.86960196495056,0,0,
273,84.008255,0,0,0,30.81881142,0,8.430135727,0,2.329142809,0,25.03395653,0,4.05117893218994,1.01302671432495,9.82166576385498,1.80529069900513,7.62092590332031,33.1844825744629,97.4784469604492,7.84625816345215,1.86962568759918,0,0,
274,84.01038361,0,0,0,30.81916046,0,8.430234909,0,2.329166651,0,25.03450584,0,4.05122518539429,1.01303720474243,9.82182216644287,1.80533742904663,7.62219476699829,33.1918792724609,97.5260162353516,7.84670734405518,1.86964893341064,0,0,
275,84.01249695,0,0,0,30.81949806,0,8.430332184,0,2.329190254,0,25.035045620000002,0,4.05127048492432,1.01304757595062,9.82197570800781,1.80538296699524,7.62343692779541,33.1991577148438,97.5734710693359,7.84714508056641,1.86967194080353,0,0,
276,84.01249695,0,0,0,30.81949806,0,8.430332184,0,2.329190254,0,25.035045620000002,0,4.05130910873413,1.01305568218231,9.82211875915527,1.80542552471161,7.62465333938599,33.2063217163086,97.6208190917969,7.84756660461426,1.8696928024292,0,0,
277,84.01462555,0,0,0,30.81986237,0,8.43043232,0,2.329214334,0,25.03559875,0,4.05134344100952,1.01306259632111,9.8222541809082,1.80546534061432,7.62584400177002,33.2133712768555,97.6680526733398,7.84797334671021,1.8697122335434,0,0,
278,84.01674652,0,0,0,30.82019997,0,8.430529594,0,2.329238176,0,25.03614044,0,4.05138063430786,1.01307106018066,9.82238864898682,1.80550503730774,7.62700986862183,33.2203102111816,97.7151794433594,7.84836959838867,1.86973190307617,0,0,
279,84.01887512,0,0,0,30.82054138,0,8.430627823,0,2.329262018,0,25.03668785,0,4.05141973495483,1.01308023929596,9.82252311706543,1.80554461479187,7.62815046310425,33.2271385192871,97.7621917724609,7.84875679016113,1.86975169181824,0,0,
280,84.02099609,0,0,0,30.82087898,0,8.430726051,0,2.32928586,0,25.03723145,0,4.05146074295044,1.0130900144577,9.82265567779541,1.805584192276,7.62926721572876,33.2338562011719,97.8090896606445,7.84913539886475,1.86977171897888,0,0,
281,84.02099609,0,0,0,30.82087898,0,8.430726051,0,2.32928586,0,25.03723145,0,4.05149602890015,1.01309776306152,9.82278060913086,1.80562150478363,7.63036012649536,33.2404708862305,97.8558731079102,7.84950065612793,1.86979019641876,0,0,
282,84.02312469,0,0,0,30.82123566,0,8.43082428,0,2.32930994,0,25.03778267,0,4.05152797698975,1.01310455799103,9.82289981842041,1.80565667152405,7.63142967224121,33.2469749450684,97.9025421142578,7.849853515625,1.86980736255646,0,0,
283,84.02524567,0,0,0,30.82157326,0,8.430922508,0,2.329333544,0,25.03832436,0,4.05156326293945,1.01311278343201,9.82301902770996,1.80569231510162,7.63247632980347,33.2533760070801,97.9490966796875,7.85019874572754,1.86982524394989,0,0,
284,84.02524567,0,0,0,30.82157326,0,8.430922508,0,2.329333544,0,25.03832436,0,4.05159473419189,1.0131196975708,9.82313251495361,1.80572605133057,7.63350057601929,33.2596740722656,97.9955368041992,7.85053253173828,1.86984193325043,0,0,
285,84.02736664,0,0,0,30.82190704,0,8.431020737,0,2.329357624,0,25.03886986,0,4.05162382125854,1.01312601566315,9.82324028015137,1.80575799942017,7.63450241088867,33.265869140625,98.041862487793,7.85085535049438,1.86985766887665,0,0,
286,84.02948761,0,0,0,30.82227135,0,8.431121826,0,2.329381466,0,25.03941917,0,4.05165767669678,1.01313388347626,9.82334995269775,1.80579090118408,7.63548231124878,33.2719688415527,98.0880737304688,7.85117197036743,1.8698742389679,0,0,
287,84.02948761,0,0,0,30.82227135,0,8.431121826,0,2.329381466,0,25.03941917,0,4.0516881942749,1.01314067840576,9.82345581054688,1.80582213401794,7.63644123077393,33.2779693603516,98.1341781616211,7.85147857666016,1.86988997459412,0,0,
288,84.03160858,0,0,0,30.82260704,0,8.431220055,0,2.329405308,0,25.03996277,0,4.05171632766724,1.01314687728882,9.8235559463501,1.80585205554962,7.63737916946411,33.2838745117188,98.1801681518555,7.85177516937256,1.86990475654602,0,0,
289,84.03160858,0,0,0,30.82260704,0,8.431220055,0,2.329405308,0,25.03996277,0,4.0517430305481,1.01315259933472,9.82365226745605,1.8058807849884,7.63829660415649,33.289680480957,98.2260360717773,7.8520622253418,1.86991882324219,0,0,
290,84.03373718,0,0,0,30.82295227,0,8.431317329,0,2.32942915,0,25.04050827,0,4.05176830291748,1.01315808296204,9.82374572753906,1.80590832233429,7.63919353485107,33.2953948974609,98.2717895507813,7.85234069824219,1.86993229389191,0,0,
291,84.03373718,0,0,0,30.82295227,0,8.431317329,0,2.32942915,0,25.04050827,0,4.05179262161255,1.01316344738007,9.82383632659912,1.80593502521515,7.64007091522217,33.3010177612305,98.3174209594727,7.85261058807373,1.86994528770447,0,0,
292,84.03586578,0,0,0,30.82330132,0,8.4314174650000009,0,2.32945323,0,25.04105759,0,4.05181646347046,1.01316869258881,9.82392311096191,1.80596077442169,7.64092874526978,33.3065490722656,98.3629455566406,7.85287237167358,1.86995792388916,0,0,
293,84.03586578,0,0,0,30.82330132,0,8.4314174650000009,0,2.32945323,0,25.04105759,0,4.05184030532837,1.01317405700684,9.82400798797607,1.80598568916321,7.6417670249939,33.3119888305664,98.4083557128906,7.85312652587891,1.86997032165527,0,0,
294,84.03798676,0,0,0,30.82364464,0,8.431515694,0,2.329477072,0,25.04160309,0,4.05186319351196,1.01317918300629,9.8240909576416,1.80600988864899,7.64258670806885,33.3173408508301,98.4536437988281,7.85337352752686,1.86998236179352,0,0,
295,84.03798676,0,0,0,30.82364464,0,8.431515694,0,2.329477072,0,25.04160309,0,4.05188608169556,1.01318442821503,9.82417106628418,1.80603361129761,7.64338827133179,33.3226089477539,98.4988174438477,7.85361337661743,1.86999416351318,0,0,
296,84.04010773,0,0,0,30.82398224,0,8.431612015,0,2.329500914,0,25.04214478,0,4.05190849304199,1.01318967342377,9.82425022125244,1.80605685710907,7.64417171478271,33.3277893066406,98.5438690185547,7.85384654998779,1.87000572681427,0,0,
297,84.04010773,0,0,0,30.82398224,0,8.431612015,0,2.329500914,0,25.04214478,0,4.05193138122559,1.01319491863251,9.82432651519775,1.80607962608337,7.64493751525879,33.3328857421875,98.5888061523438,7.85407304763794,1.87001705169678,0,0,
298,84.04223633,0,0,0,30.82432365,0,8.431710243,0,2.329524517,0,25.04269218,0,4.05195379257202,1.01320004463196,9.82440185546875,1.80610203742981,7.64568614959717,33.3379020690918,98.6336288452148,7.85429382324219,1.87002837657928,0,0,
299,84.04223633,0,0,0,30.82432365,0,8.431710243,0,2.329524517,0,25.04269218,0,4.05197620391846,1.01320517063141,9.82447624206543,1.80612421035767,7.64641809463501,33.3428344726563,98.678337097168,7.85450887680054,1.8700395822525,0,0,
300,84.0443573,0,0,0,30.82468224,0,8.431809425,0,2.329548597,0,25.0432415,0,4.05199813842773,1.01321041584015,9.82454872131348,1.80614602565765,7.64713335037231,33.3476867675781,98.7229309082031,7.85471868515015,1.87005066871643,0,0,
