"Time Step","Softwood Merchantable","Hardwood Merchantable","Softwood Submerchantable","Hardwood Submerchantable","Softwood Other","Hardwood Other","Softwood Foliage","Hardwood Foliage","Softwood Fine Roots","Hardwood Fine Roots","Softwood Coarse Roots","Hardwood Coarse Roots","Aboveground Very Fast DOM","Belowground Very Fast DOM","Aboveground Fast DOM","Belowground Fast DOM","Medium DOM","Aboveground Slow DOM","Belowground Slow DOM","Softwood Stem Snag","Softwood Branch Snag","Hardwood Stem Snag","Hardwood Branch Snag",
0,0.006290321238,0,0,0,0.00232395879,0,0.002109394874,0,0.001013917848,0,0.001366737997,0,10.7988386154175,1.6629821062088,40.7068634033203,10.4353656768799,16.8724212646484,34.2940635681152,86.7360229492188,1.39810117616435e-5,1.10773162305122e-5,0,0,
1,0.03195500001,0,0,0,0.01228735875,0,0.008993731812,0,0.005028693937,0,0.006789718755,0,8.70502281188965,1.12260830402374,36.9062461853027,9.46103954315186,16.4618301391602,34.8968391418457,86.9172592163086,9.83738718787208e-5,7.91500424384139e-5,0,0,
2,0.08265627921,0,0,0,0.03220924735,0,0.02098921314,0,0.01280934736,0,0.01735040359,0,7.01970529556274,0.759312570095062,33.4609870910645,8.57775974273682,16.0612335205078,35.3559608459473,87.0555725097656,3.4880489693023e-4,2.8000565362162e-4,0,0,
3,0.1621481478,0,0,0,0.06354565918,0,0.03826114163,0,0.02481688187,0,0.03378111497,0,5.6650857925415,0.516349196434021,30.3382511138916,7.77707529067993,15.6703929901123,35.6935882568359,87.1616439819336,8.776428294368e-4,6.9666269700974e-4,0,0,
4,0.2733152509,0,0,0,0.1073763371,0,0.06090025976,0,0.04135493562,0,0.05667845532,0,4.57856607437134,0.355516642332077,27.5083274841309,7.05133008956909,15.2890796661377,35.9283103942871,87.2429733276367,0.00180709210690111,0.00141243659891188,0,0,
5,0.4184806943,0,0,0,0.1645438373,0,0.08894753456,0,0.06260951608,0,0.0865682736,0,3.70976233482361,0.251094579696655,24.944314956665,6.39358758926392,14.9170751571655,36.0757713317871,87.3049163818359,0.00326558225788176,0.00250797346234322,0,0,
6,0.5995448828,0,0,0,0.2357152849,0,0.1224049106,0,0.08866590261,0,0.1239357442,0,3.01810121536255,0.185759752988815,22.6218566894531,5.7975640296936,14.5541687011719,36.1491966247559,87.3513565063477,0.00538530806079507,0.00405966211110353,0,0,
7,0.8180599809,0,0,0,0.3214149773,0,0.1612410545,0,0.1195178404,0,0.1692411304,0,2.47089052200317,0.147833287715912,20.5188999176025,5.25756692886353,14.2001600265503,36.1598091125488,87.3851852416992,0.00830035004764795,0.0061387219466269,0,0,
8,1.075272918,0,0,0,0.4220435321,0,0.2053950131,0,0.1550741792,0,0.222927779,0,2.0417640209198,0.129425391554832,18.6154689788818,4.76843881607056,13.8548574447632,36.1171646118164,87.4086074829102,0.0121451411396265,0.00881066638976336,0,0,
9,1.372152805,0,0,0,0.5378898382,0,0.2547787726,0,0.1951648444,0,0.2854254842,0,1.70943081378937,0.125184804201126,16.8934764862061,4.32550764083862,13.5180778503418,36.0294418334961,87.4233474731445,0.0170531533658504,0.0121349925175309,0,0,
10,1.709408522,0,0,0,0.6691393256,0,0.3092792928,0,0.2395473421,0,0.3571502864,0,1.45666944980621,0.131456658244133,15.3365383148193,3.92454242706299,13.1896467208862,35.9036636352539,87.430793762207,0.0231557451188564,0.0161650069057941,0,0,
11,2.087501287,0,0,0,0.8158795238,0,0.3687602282,0,0.2879137695,0,0.4385015666,0,1.26951825618744,0.145715594291687,13.9298143386841,3.56170964241028,12.8693981170654,35.7458839416504,87.4320983886719,0.0305811259895563,0.0209477487951517,0,0,
12,2.506654263,0,0,0,0.9781048894,0,0.4330634773,0,0.3398990929,0,0.5298576355,0,1.13662552833557,0.16618512570858,12.6598558425903,3.23353791236877,12.5571746826172,35.5613403320313,87.4282302856445,0.0394534133374691,0.0265239644795656,0,0,
13,2.966858625,0,0,0,1.155720353,0,0.5020107627,0,0.3950900733,0,0.6315689087,0,1.0487277507782,0.191582560539246,11.5144777297974,2.93688321113586,12.2528266906738,35.3545799255371,87.4200286865234,0.0498917698860168,0.0329281389713287,0,0,
14,3.467881918,0,0,0,1.348544598,0,0.5754051805,0,0.453034997,0,0.7439516783,0,0.998231709003448,0.22094900906086,10.4826335906982,2.66889810562134,11.9562110900879,35.1295623779297,87.4082260131836,0.0620095990598202,0.0401885360479355,0,0,
15,4.009272575,0,0,0,1.556313634,0,0.6530325413,0,0.5132542253,0,0.8672791123,0,0.978880405426025,0.253536820411682,9.55430889129639,2.42700362205505,11.6671915054321,34.8897476196289,87.3934478759766,0.0759138315916061,0.0483272932469845,0,0,
16,4.59036684,0,0,0,1.77868402,0,0.7346631885,0,0.5752503872,0,1.001774192,0,0.985486805438995,0.288735955953598,8.72041893005371,2.20886397361755,11.3856391906738,34.6381492614746,87.3762664794922,0.0917042195796967,0.0573604963719845,0,0,
17,5.210295677,0,0,0,2.015236378,0,0.8200532794,0,0.6385191679,0,1.14760077,0,1.01372170448303,0.32602658867836,7.97272157669067,2.01236295700073,11.1114320755005,34.3774223327637,87.3571929931641,0.109472751617432,0.0672983229160309,0,0,
18,5.867992401,0,0,0,2.265478849,0,0.9089466333,0,0.7025595307,0,1.304857254,0,1.05994582176208,0.364949285984039,7.30373239517212,1.83558344841003,10.8444519042969,34.1098785400391,87.3366622924805,0.129303082823753,0.0781451463699341,0,0,
19,6.562198639,0,0,0,2.528851509,0,1.001076221,0,0.7668828964,0,1.473569393,0,1.12107694149017,0.405087053775787,6.7066535949707,1.67678773403168,10.5845880508423,33.8375549316406,87.3150634765625,0.151270061731339,0.0898997262120247,0,0,
20,7.291476727,0,0,0,2.804730415,0,1.096166015,0,0.8310220838,0,1.653684855,0,1.19448530673981,0.446055322885513,6.17530536651611,1.53440022468567,10.3317337036133,33.5622329711914,87.2927398681641,0.175439238548279,0.102555327117443,0,0,
21,8.054216385,0,0,0,3.092431784,0,1.193932295,0,0.8945392966,0,1.845069647,0,1.27791213989258,0.487496733665466,5.70406532287598,1.4069916009903,10.0857877731323,33.2854690551758,87.2699813842773,0.201866522431374,0.116099968552589,0,0,
22,8.848647118,0,0,0,3.391217709,0,1.29408586,0,0.9570316076,0,2.047505379,0,1.3694052696228,0.52907931804657,5.28781461715698,1.29326450824738,9.84665203094482,33.0086326599121,87.2470397949219,0.230597868561745,0.130516573786736,0,0,
23,9.672848701,0,0,0,3.700300932,0,1.396333218,0,1.01813674,0,2.260688543,0,1.46726870536804,0.570496320724487,4.92188787460327,1.19204044342041,9.61423301696777,32.73291015625,87.22412109375,0.261669009923935,0.145783230662346,0,0,
24,10.52476597,0,0,0,4.018850327,0,1.50037837,0,1.077536464,0,2.484230518,0,1.57002389431,0.611467301845551,4.60202789306641,1.10224747657776,9.3884391784668,32.4593391418457,87.2014083862305,0.295105308294296,0.161873415112495,0,0,
25,11.40221786,0,0,0,4.345995903,0,1.605924845,0,1.134958386,0,2.717660427,0,1.67637920379639,0.651739180088043,4.32434463500977,1.02291011810303,9.1691837310791,32.1888046264648,87.1790390014648,0.330921560525894,0.178756266832352,0,0,
26,12.30291748,0,0,0,4.680835247,0,1.712676525,0,1.190177798,0,2.960429668,0,1.78520536422729,0.691087424755096,4.08528137207031,0.953139245510101,8.95638275146484,31.9220886230469,87.1571350097656,0.369121998548508,0.196396857500076,0,0,
27,13.22447968,0,0,0,5.022440434,0,1.820340157,0,1.243016124,0,3.211915493,0,1.89551627635956,0.729316890239716,3.88157868385315,0.892123579978943,8.7499532699585,31.6598415374756,87.1357879638672,0.409700274467468,0.21475650370121,0,0,
28,14.16444111,0,0,0,5.369861603,0,1.928625941,0,1.293340921,0,3.47142911,0,2.00645327568054,0.766262412071228,3.7102472782135,0.839121460914612,8.54981327056885,31.4026260375977,87.1150436401367,0.452639579772949,0.233793064951897,0,0,
29,15.12027645,0,0,0,5.722135067,0,2.037249327,0,1.341062188,0,3.738223076,0,2.1172730922699,0.801788568496704,3.56854033470154,0.793453991413116,8.35588455200195,31.1509113311768,87.0949554443359,0.497912734746933,0.253461241722107,0,0,
30,16.08940887,0,0,0,6.078289509,0,2.145932913,0,1.386129856,0,4.011496544,0,2.22733497619629,0.835788607597351,3.45393037796021,0.754498779773712,8.16808891296387,30.9050922393799,87.0755462646484,0.545482397079468,0.273712992668152,0,0,
31,17.06923103,0,0,0,6.437350273,0,2.254406452,0,1.428530693,0,4.290408134,0,2.33609318733215,0.86818391084671,3.36408734321594,0.721683979034424,7.98634815216064,30.6654891967773,87.0568313598633,0.595301330089569,0.294497787952423,0,0,
32,18.05711937,0,0,0,6.798346519,0,2.362409353,0,1.468282938,0,4.574086189,0,2.44308638572693,0.898921847343445,3.2968602180481,0.694483458995819,7.81058549880981,30.4323596954346,87.0388107299805,0.647312760353088,0.315762937068939,0,0,
33,19.05045128,0,0,0,7.160318375,0,2.469691038,0,1.505433083,0,4.861629009,0,2.54793095588684,0.927973926067352,3.25025939941406,0.672412097454071,7.64072370529175,30.2059059143066,87.0214614868164,0.701450765132904,0.337454169988632,0,0,
34,20.11285973,0,0,0,7.531026363,0,2.567045212,0,1.54155314,0,5.165274143,0,2.6501452922821,0.955495953559875,3.22262048721313,0.655081510543823,7.47668647766113,29.9862804412842,87.0047988891602,0.757787764072418,0.359557271003723,0,0,
35,21.01149178,0,0,0,7.856978416,0,2.662314892,0,1.570593119,0,5.42924118,0,2.74870824813843,0.981108903884888,3.21161341667175,0.641942143440247,7.31839942932129,29.7735385894775,86.98876953125,0.816017091274261,0.381842046976089,0,0,
36,21.90966988,0,0,0,8.182107925,0,2.756699085,0,1.597766876,0,5.69459486,0,2.84305286407471,1.00446653366089,3.21490836143494,0.632429122924805,7.16578245162964,29.5676746368408,86.9732894897461,0.875690877437592,0.404065430164337,0,0,
37,22.80196571,0,0,0,8.504457474,0,2.849669456,0,1.623050809,0,5.959601402,0,2.93341994285584,1.02589654922485,3.23111987113953,0.626208543777466,7.01874303817749,29.3686637878418,86.9583053588867,0.936731815338135,0.426218926906586,0,0,
38,23.69131088,0,0,0,8.825100899,0,2.941568851,0,1.646667123,0,6.225004673,0,3.02002143859863,1.04564154148102,3.2589750289917,0.622973203659058,6.87718725204468,29.1764678955078,86.9437637329102,0.999060392379761,0.448291152715683,0,0,
39,24.57230949,0,0,0,9.142113686,0,3.031883955,0,1.668607354,0,6.489073277,0,3.10304880142212,1.06388819217682,3.29730248451233,0.622440159320831,6.74102210998535,28.991039276123,86.9296340942383,1.06259512901306,0.470268189907074,0,0,
40,25.45063019,0,0,0,9.45755291,0,3.121231318,0,1.689137697,0,6.753393173,0,3.18269443511963,1.08079016208649,3.34503984451294,0.624352157115936,6.61015462875366,28.8123226165771,86.9158935546875,1.12725877761841,0.492138713598251,0,0,
41,26.32088852,0,0,0,9.769493103,0,3.209098816,0,1.708246708,0,7.016237736,0,3.25915002822876,1.0964789390564,3.40122437477112,0.628475308418274,6.48449039459229,28.6402492523193,86.9025115966797,1.19297802448273,0.513893723487854,0,0,
42,27.18322945,0,0,0,10.07800865,0,3.295536518,0,1.726054668,0,7.277549267,0,3.33256506919861,1.11105489730835,3.46494936943054,0.634589552879334,6.36393594741821,28.4747447967529,86.8894653320313,1.2596709728241,0.535516619682312,0,0,
43,28.03505325,0,0,0,10.38219738,0,3.380322695,0,1.74262023,0,7.536440849,0,3.40307712554932,1.12460505962372,3.53537535667419,0.642491102218628,6.24839735031128,28.3157234191895,86.8767471313477,1.32725429534912,0.556989133358002,0,0,
44,28.87921906,0,0,0,10.68309116,0,3.463777781,0,1.758101225,0,7.793690681,0,3.47082829475403,1.137211561203,3.61174082756042,0.651994585990906,6.13778066635132,28.1630992889404,86.8643417358398,1.39564847946167,0.578296303749084,0,0,
45,29.71313286,0,0,0,10.9797945,0,3.545677423,0,1.772543669,0,8.048426628,0,3.53596425056458,1.1489520072937,3.69335532188416,0.662931621074677,6.03199100494385,28.0167770385742,86.8522491455078,1.46477818489075,0.599426031112671,0,0,
46,30.53962517,0,0,0,11.27333164,0,3.626329184,0,1.786082387,0,8.301439285,0,3.59862804412842,1.15989804267883,3.77959394454956,0.675149142742157,5.9309344291687,27.8766574859619,86.8404541015625,1.5345721244812,0.620368421077728,0,0,
47,31.35338593,0,0,0,11.56183338,0,3.7052454949999998,0,1.798712015,0,8.551031113,0,3.65894532203674,1.17011213302612,3.86987280845642,0.688504278659821,5.83451557159424,27.7426376342773,86.8289642333984,1.60495615005493,0.641110956668854,0,0,
48,32.15455246,0,0,0,11.84537601,0,3.782474756,0,1.810515761,0,8.797178268,0,3.7170090675354,1.17964470386505,3.96362924575806,0.70285964012146,5.74264097213745,27.6146144866943,86.8177642822266,1.67584824562073,0.661634385585785,0,0,
49,32.94592285,0,0,0,12.12498283,0,3.858316422,0,1.821605206,0,9.040681839,0,3.77293372154236,1.18855118751526,4.06037092208862,0.718094289302826,5.6552152633667,27.4924736022949,86.8068542480469,1.7471764087677,0.681927442550659,0,0,
50,33.7276001,0,0,0,12.40069199,0,3.932804346,0,1.832043052,0,9.281520844,0,3.82684731483459,1.19688749313354,4.15966701507568,0.734102070331573,5.57214403152466,27.3761081695557,86.7962417602539,1.81887829303741,0.701985538005829,0,0,
51,34.4943161,0,0,0,12.67067719,0,4.005464077,0,1.841819644,0,9.518021584,0,3.8788423538208,1.2046971321106,4.26109504699707,0.750779032707214,5.49333333969116,27.2654037475586,86.7859268188477,1.8908828496933,0.721796095371246,0,0,
52,35.24885941,0,0,0,12.93595314,0,4.076588631,0,1.851028085,0,9.751003265,0,3.92899656295776,1.21201860904694,4.36425638198853,0.768027067184448,5.41868829727173,27.1602458953857,86.7759094238281,1.96311616897583,0.741344571113586,0,0,
53,35.99399185,0,0,0,13.19748783,0,4.146461964,0,1.859749079,0,9.981273651,0,3.97741842269897,1.21889662742615,4.46882152557373,0.785764634609222,5.34811544418335,27.0605201721191,86.7661972045898,2.03552055358887,0.760627925395966,0,0,
54,36.7244606,0,0,0,13.45348454,0,4.214616776,0,1.867966413,0,10.20718288,0,4.02419662475586,1.22536814212799,4.57447814941406,0.80391401052475,5.28151988983154,26.9661083221436,86.7567901611328,2.10803484916687,0.779639482498169,0,0,
55,37.44303131,0,0,0,13.70491695,0,4.281331539,0,1.87575388,0,10.42954636,0,4.06940174102783,1.23146462440491,4.6809253692627,0.822400748729706,5.21880912780762,26.876895904541,86.7476959228516,2.18059515953064,0.798369824886322,0,0,
56,38.1471138,0,0,0,13.95091152,0,4.346392632,0,1.883121252,0,10.64754009,0,4.11310482025146,1.23721623420715,4.78789281845093,0.841157615184784,5.15988969802856,26.7927646636963,86.7389221191406,2.25314092636108,0.816811203956604,0,0,
57,38.84211349,0,0,0,14.19337082,0,4.410316467,0,1.890158296,0,10.86280918,0,4.15538740158081,1.24265396595001,4.89515161514282,0.860127151012421,5.10466957092285,26.7136001586914,86.7304763793945,2.32562041282654,0.834961831569672,0,0,
58,39.5201416,0,0,0,14.4295702,0,4.472400665,0,1.896816254,0,11.07289314,0,4.19631385803223,1.24780321121216,5.00247859954834,0.879253685474396,5.05305576324463,26.6392841339111,86.7223587036133,2.39797878265381,0.85281628370285,0,0,
59,40.18657303,0,0,0,14.66139221,0,4.533156395,0,1.903176904,0,11.2794323,0,4.23593282699585,1.25268483161926,5.10965633392334,0.898482918739319,5.00495719909668,26.5697002410889,86.7145843505859,2.47015762329102,0.870365977287292,0,0,
60,40.84148407,0,0,0,14.88888741,0,4.592608929,0,1.90926528,0,11.48243713,0,4.27431726455688,1.25732409954071,5.2165207862854,0.917773246765137,4.96028232574463,26.5047340393066,86.707160949707,2.54211354255676,0.887612640857697,0,0,
61,41.48228455,0,0,0,15.11118031,0,4.650543213,0,1.915079474,0,11.68109035,0,4.31152296066284,1.26174092292786,5.32290840148926,0.937083184719086,4.91894149780273,26.4442710876465,86.7000961303711,2.61379885673523,0.904553949832916,0,0,
62,42.11168671,0,0,0,15.32921982,0,4.70721674,0,1.920664549,0,11.8762188,0,4.34760141372681,1.26595318317413,5.42867183685303,0.956375241279602,4.8808445930481,26.3881988525391,86.6933975219727,2.68516945838928,0.921188175678253,0,0,
63,42.72712326,0,0,0,15.54214668,0,4.762418747,0,1.926015854,0,12.06701851,0,4.38260173797607,1.26997756958008,5.53367853164673,0.975615382194519,4.84590339660645,26.3364028930664,86.6870727539063,2.7561821937561,0.937514305114746,0,0,
64,43.3286438,0,0,0,15.74998665,0,4.816167831,0,1.931150794,0,12.25349522,0,4.41655683517456,1.27382636070251,5.63779306411743,0.994769275188446,4.81402921676636,26.2887706756592,86.6811294555664,2.82679080963135,0.953527450561523,0,0,
65,43.91893768,0,0,0,15.95369816,0,4.868721485,0,1.936106682,0,12.4364748,0,4.44951152801514,1.27751398086548,5.74091005325317,1.01380956172943,4.7851357460022,26.2451915740967,86.6755752563477,2.89695739746094,0.969228148460388,0,0,
66,44.49543381,0,0,0,16.15239525,0,4.919864178,0,1.940875053,0,12.61515331,0,4.48150825500488,1.28105318546295,5.84293413162231,1.0327113866806,4.75913572311401,26.2055568695068,86.6704177856445,2.96664571762085,0.984617233276367,0,0,
67,45.06080246,0,0,0,16.34702492,0,4.9698438640000004,0,1.945489168,0,12.79035378,0,4.51258420944214,1.28445541858673,5.94378089904785,1.05145263671875,4.73594427108765,26.1697578430176,86.6656646728516,3.03582119941711,0.999695658683777,0,0,
68,45.61247253,0,0,0,16.53671837,0,5.018449783,0,1.949938655,0,12.96127796,0,4.54277467727661,1.28773057460785,6.04337358474731,1.07001304626465,4.71547698974609,26.1376876831055,86.6613311767578,3.10445094108582,1.01446461677551,0,0,
69,46.15310669,0,0,0,16.72238922,0,5.065927505,0,1.954253435,0,13.12874222,0,4.57211208343506,1.2908878326416,6.1416449546814,1.088374376297,4.69765043258667,26.1092395782471,86.6574172973633,3.17250418663025,1.02892529964447,0,0,
70,46.6827507,0,0,0,16.90409088,0,5.112290859,0,1.958442569,0,13.29276371,0,4.6006383895874,1.2939373254776,6.23855018615723,1.10652387142181,4.68238210678101,26.0843086242676,86.653923034668,3.2399568557739298,1.04308342933655,0,0,
71,47.19882965,0,0,0,17.08094406,0,5.157327652,0,1.962492228,0,13.45254517,0,4.62837743759155,1.29688537120819,6.33403491973877,1.12444663047791,4.66959142684937,26.0627956390381,86.6508636474609,3.30678081512451,1.05693984031677,0,0,
72,47.70138931,0,0,0,17.25298309,0,5.201055527,0,1.966409087,0,13.60809612,0,4.65534114837646,1.29973566532135,6.42803478240967,1.14212548732758,4.65919828414917,26.0445957183838,86.6482543945313,3.37294340133667,1.07049143314362,0,0,
73,48.1956749,0,0,0,17.42199898,0,5.243934155,0,1.970239758,0,13.76103783,0,4.68156433105469,1.30249631404877,6.52052307128906,1.15955197811127,4.65112352371216,26.029613494873,86.6460876464844,3.43842506408691,1.08374416828156,0,0,
74,48.67651367,0,0,0,17.58626556,0,5.28553009,0,1.973948717,0,13.90977669,0,4.70707845687866,1.30517387390137,6.61147689819336,1.17671895027161,4.6452898979187,26.0177478790283,86.6443786621094,3.50320744514465,1.09670329093933,0,0,
75,49.14654541,0,0,0,17.74666786,0,5.326077938,0,1.977560401,0,14.05512238,0,4.73189878463745,1.30777180194855,6.70086145401001,1.19361615180969,4.64162063598633,26.008903503418,86.6431350708008,3.56726694107056,1.10936963558197,0,0,
76,49.60580063,0,0,0,17.90323448,0,5.365590096,0,1.981078863,0,14.19708824,0,4.7560510635376,1.31029546260834,6.78866195678711,1.21023809909821,4.6400408744812,26.002986907959,86.6423492431641,3.6305878162384,1.12174808979034,0,0,
77,50.05171585,0,0,0,18.05511665,0,5.403856754,0,1.984487295,0,14.33488464,0,4.7795467376709,1.31274700164795,6.87484931945801,1.2265762090683,4.6404767036438,25.9999027252197,86.6420364379883,3.6931483745575,1.13383865356445,0,0,
78,50.48950577,0,0,0,18.20408249,0,5.441328526,0,1.987828255,0,14.47012424,0,4.80240774154663,1.31513071060181,6.95941495895386,1.24262654781342,4.64285516738892,25.9995594024658,86.6421966552734,3.75493431091309,1.14564621448517,0,0,
79,50.91660309,0,0,0,18.34928703,0,5.477794647,0,1.991084337,0,14.60201359,0,4.82466602325439,1.31745207309723,7.04236602783203,1.25838911533356,4.64710474014282,26.0018672943115,86.6428375244141,3.81593751907349,1.15717911720276,0,0,
80,51.33044815,0,0,0,18.48985291,0,5.513047695,0,1.994238257,0,14.72976494,0,4.84632396697998,1.3197113275528,7.12368106842041,1.27385687828064,4.65315532684326,26.0067405700684,86.6439514160156,3.87613940238953,1.16843640804291,0,0,
81,51.7362442,0,0,0,18.62757111,0,5.547533035,0,1.997331142,0,14.8549881,0,4.86739730834961,1.32191097736359,7.20335578918457,1.289027094841,4.66093826293945,26.0140895843506,86.6455612182617,3.93552732467651,1.17942142486572,0,0,
82,52.1340065,0,0,0,18.76244926,0,5.581259251,0,2.000364304,0,14.97768784,0,4.8879222869873,1.32405722141266,7.28141832351685,1.30390477180481,4.67038631439209,26.0238304138184,86.6476593017578,3.99410128593445,1.19014573097229,0,0,
83,52.51859283,0,0,0,18.8927536,0,5.613798141,0,2.003299713,0,15.09628296,0,4.9079065322876,1.32615053653717,7.35786437988281,1.3184871673584,4.68143320083618,26.0358810424805,86.6502456665039,4.05185031890869,1.20061087608337,0,0,
84,52.89518356,0,0,0,19.02023697,0,5.645590782,0,2.006177664,0,15.2123661,0,4.92735767364502,1.32819128036499,7.43269109725952,1.33277177810669,4.69401407241821,26.0501613616943,86.6533203125,4.10876274108887,1.21081864833832,0,0,
85,53.26123047,0,0,0,19.14406395,0,5.676430702,0,2.008979559,0,15.32516289,0,4.94629240036011,1.33018219470978,7.50591135025024,1.34676015377045,4.70806550979614,26.066593170166,86.6568908691406,4.16483402252197,1.22077465057373,0,0,
86,53.61931992,0,0,0,19.26509857,0,5.706539154,0,2.011725903,0,15.43546677,0,4.96472644805908,1.33212518692017,7.57753849029541,1.36045372486115,4.7235255241394,26.0850944519043,86.6609649658203,4.22006034851074,1.23048388957977,0,0,
87,53.96689987,0,0,0,19.38249779,0,5.735706806,0,2.014397144,0,15.54249763,0,4.98267316818237,1.33402180671692,7.64758586883545,1.37385392189026,4.74033355712891,26.1055908203125,86.6655349731445,4.27443742752075,1.23995065689087,0,0,
88,54.3065567,0,0,0,19.49713707,0,5.764154911,0,2.01701355,0,15.64704895,0,5.00014305114746,1.33587312698364,7.71606588363647,1.38696205615997,4.75843048095703,26.1280078887939,86.6706085205078,4.32796096801758,1.24917900562286,0,0,
89,54.63573837,0,0,0,19.60816383,0,5.791676044,0,2.019555569,0,15.74834251,0,5.01714515686035,1.33767974376678,7.7829909324646,1.39977943897247,4.77775812149048,26.152271270752,86.6761779785156,4.38062810897827,1.25817251205444,0,0,
90,54.95959854,0,0,0,19.71731949,0,5.818702221,0,2.022063255,0,15.84796429,0,5.03369951248169,1.33944463729858,7.84838724136353,1.41231083869934,4.79825973510742,26.1783142089844,86.6822509765625,4.43244123458862,1.26693820953369,0,0,
91,55.27301788,0,0,0,19.822879790000002,0,5.844813824,0,2.024496794,0,15.94434071,0,5.04982137680054,1.34116959571838,7.91228055953979,1.42456066608429,4.81988000869751,26.2060642242432,86.6888275146484,4.48340272903442,1.27548253536224,0,0,
92,55.5785675,0,0,0,19.92572784,0,5.870224476,0,2.02687645,0,16.03826714,0,5.06551361083984,1.34285378456116,7.97467994689941,1.43652939796448,4.84256553649902,26.2354526519775,86.6958999633789,4.53350877761841,1.28380680084229,0,0,
93,55.87626648,0,0,0,20.02587318,0,5.894942284,0,2.029201746,0,16.12975121,0,5.08078956604004,1.34449863433838,8.03560829162598,1.44822096824646,4.8662633895874,26.266414642334,86.7034759521484,4.58276176452637,1.29191648960114,0,0,
94,56.1635704,0,0,0,20.12245178,0,5.9187603,0,2.031452894,0,16.21800995,0,5.09564876556396,1.34610319137573,8.09507369995117,1.4596358537674,4.89092206954956,26.298885345459,86.711555480957,4.63115882873535,1.29981219768524,0,0,
95,56.44560242,0,0,0,20.21722031,0,5.942103386,0,2.03366971,0,16.30462456,0,5.11010313034058,1.3476687669754,8.15309810638428,1.47077751159668,4.91649198532104,26.3328018188477,86.7201385498047,4.67870283126831,1.3074985742569,0,0,
96,56.72238922,0,0,0,20.31015205,0,5.964979172,0,2.035852194,0,16.38959694,0,5.12418413162231,1.34920060634613,8.20973205566406,1.48165667057037,4.9429235458374,26.3681011199951,86.7292175292969,4.72540807723999,1.3149881362915,0,0,
97,56.98880768,0,0,0,20.39955711,0,5.986963749,0,2.037959576,0,16.47136307,0,5.13789510726929,1.35069787502289,8.26499176025391,1.49227595329285,4.97017049789429,26.4047260284424,86.7388000488281,4.77127552032471,1.32228314876556,0,0,
98,57.24742889,0,0,0,20.48629761,0,6.008277416,0,2.040012121,0,16.55071259,0,5.15122842788696,1.35215783119202,8.31887912750244,1.50263404846191,4.9981861114502,26.4426174163818,86.7488784790039,4.81630182266235,1.32938182353973,0,0,
99,57.5008316,0,0,0,20.57124329,0,6.029129505,0,2.042029619,0,16.62843704,0,5.1641993522644,1.35358285903931,8.37142467498779,1.51273703575134,5.02692604064941,26.4817180633545,86.7594528198242,4.86049461364746,1.33629059791565,0,0,
100,57.74645233,0,0,0,20.65353584,0,6.049314499,0,2.043991804,0,16.70375443,0,5.1768217086792,1.35497450828552,8.4226598739624,1.52259039878845,5.05634593963623,26.5219688415527,86.7705230712891,4.90386247634888,1.3430153131485,0,0,
101,57.98686218,0,0,0,20.7340374,0,6.069046974,0,2.045918465,0,16.77745056,0,5.18910646438599,1.35633385181427,8.4726095199585,1.53219938278198,5.08640432357788,26.5633201599121,86.7820816040039,4.94641160964966,1.34956109523773,0,0,
102,58.21951675,0,0,0,20.811903,0,6.088118553,0,2.047788858,0,16.84874916,0,5.20106172561646,1.35766136646271,8.52129936218262,1.54156839847565,5.11705923080444,26.6057167053223,86.7941360473633,4.98814964294434,1.35593211650848,0,0,
103,58.44697189,0,0,0,20.88800049,0,6.106739998,0,2.049623489,0,16.91843605,0,5.21269559860229,1.35895764827728,8.56875419616699,1.55070161819458,5.14827156066895,26.6491107940674,86.8066635131836,5.02908325195313,1.36213231086731,0,0,
104,58.6666832,0,0,0,20.96146393,0,6.124706268,0,2.051401615,0,16.98573303,0,5.22401332855225,1.36022281646729,8.61499404907227,1.55960309505463,5.18000221252441,26.6934509277344,86.8196792602539,5.06921863555908,1.36816477775574,0,0,
105,58.88121414,0,0,0,21.03316879,0,6.142229557,0,2.053142786,0,17.05142593,0,5.23502016067505,1.36145687103271,8.66004180908203,1.56827628612518,5.21221399307251,26.7386894226074,86.8331832885742,5.10856199264526,1.37403237819672,0,0,
106,59.09056854,0,0,0,21.10309792,0,6.15930891,0,2.054847717,0,17.115512849999998,0,5.24573135375977,1.36266195774078,8.70392894744873,1.57672798633575,5.24487018585205,26.7847785949707,86.84716796875,5.14712524414063,1.37974178791046,0,0,
107,59.2947464,0,0,0,21.17128754,0,6.175949097,0,2.056515455,0,17.17800522,0,5.25615930557251,1.36383974552155,8.74668884277344,1.58496427536011,5.27793550491333,26.8316707611084,86.8616256713867,5.1849193572998,1.38529884815216,0,0,
108,59.49121094,0,0,0,21.2368679,0,6.191943169,0,2.058125257,0,17.23812103,0,5.26630210876465,1.36498868465424,8.78833389282227,1.59298741817474,5.31137609481812,26.8793258666992,86.8765563964844,5.22194910049438,1.39070427417755,0,0,
109,59.68251419,0,0,0,21.3006897,0,6.207502365,0,2.059697151,0,17.29663849,0,5.27615976333618,1.36610770225525,8.82887840270996,1.60079920291901,5.34515905380249,26.927698135376,86.891960144043,5.25821971893311,1.39595878124237,0,0,
110,59.87121201,0,0,0,21.3636322,0,6.22283411,0,2.061252594,0,17.35435295,0,5.28575372695923,1.36720073223114,8.86836528778076,1.60840845108032,5.37925243377686,26.9767475128174,86.9078216552734,5.29374742507935,1.40107131004333,0,0,
111,60.05220795,0,0,0,21.42397499,0,6.237524986,0,2.062748909,0,17.40969467,0,5.295090675354,1.36826813220978,8.90681743621826,1.61581969261169,5.41362524032593,27.0264320373535,86.9241561889648,5.32854175567627,1.40604543685913,0,0,
112,60.22805786,0,0,0,21.48257446,0,6.251784801,0,2.0642066,0,17.46344948,0,5.30416440963745,1.36930775642395,8.94424247741699,1.62303352355957,5.4482479095459,27.0767135620117,86.9409561157227,5.36260604858398,1.41088020801544,0,0,
113,60.39876175,0,0,0,21.53944778,0,6.265614986,0,2.065625906,0,17.51562309,0,5.31298112869263,1.3703202009201,8.98066139221191,1.63005399703979,5.48309135437012,27.1275501251221,86.9582138061523,5.3959493637085,1.41557860374451,0,0,
114,60.56688309,0,0,0,21.59543228,0,6.279222012,0,2.06702733,0,17.56699562,0,5.32155799865723,1.37130832672119,9.01611042022705,1.63688838481903,5.51812839508057,27.1789073944092,86.9759140014648,5.42858552932739,1.4201477766037,0,0,
115,60.72986221,0,0,0,21.64967918,0,6.292402744,0,2.068389416,0,17.61678123,0,5.32990694046021,1.37227368354797,9.05062103271484,1.64354312419891,5.55333137512207,27.230749130249,86.9940719604492,5.46052885055542,1.42459344863892,0,0,
116,60.88770676,0,0,0,21.70221519,0,6.305158138,0,2.069712639,0,17.6649971,0,5.33802843093872,1.37321519851685,9.08420944213867,1.65002071857452,5.5886754989624,27.2830429077148,87.0126800537109,5.49178695678711,1.42891669273376,0,0,
117,61.04042816,0,0,0,21.75301552,0,6.31748724,0,2.070995808,0,17.71163177,0,5.34592199325562,1.37413215637207,9.11688899993896,1.65632343292236,5.62413549423218,27.3357543945313,87.0317153930664,5.52236652374268,1.43311858177185,0,0,
118,61.18803024,0,0,0,21.80211449,0,6.329396725,0,2.072239399,0,17.75670052,0,5.35358715057373,1.3750239610672,9.14867210388184,1.66245353221893,5.65968704223633,27.3888473510742,87.0511856079102,5.55227470397949,1.4371999502182,0,0,
119,61.33304596,0,0,0,21.85032082,0,6.341086388,0,2.073463917,0,17.80096436,0,5.36103487014771,1.37589251995087,9.17958545684814,1.66841614246368,5.69530725479126,27.4422912597656,87.0710983276367,5.58152437210083,1.44116544723511,0,0,
120,61.47294617,0,0,0,21.8968277,0,6.352355957,0,2.07464838,0,17.84366608,0,5.36827421188354,1.37673902511597,9.20965480804443,1.67421615123749,5.73097372055054,27.496057510376,87.091438293457,5.61012649536133,1.44501924514771,0,0,
121,61.61027908,0,0,0,21.94244766,0,6.36341095,0,2.075813532,0,17.88556862,0,5.37531232833862,1.37756419181824,9.23890209197998,1.67985820770264,5.76666498184204,27.5501136779785,87.1122055053711,5.63809299468994,1.44876480102539,0,0,
122,61.74503708,0,0,0,21.98721886,0,6.374250889,0,2.076959848,0,17.92668533,0,5.38216543197632,1.37837064266205,9.26736354827881,1.68534982204437,5.80236101150513,27.6044330596924,87.1333923339844,5.66543960571289,1.45240938663483,0,0,
123,61.87214279,0,0,0,22.02942276,0,6.384466648,0,2.078043222,0,17.9654541,0,5.3888258934021,1.37915599346161,9.29504299163818,1.69069075584412,5.83804225921631,27.6589870452881,87.1549987792969,5.69217157363892,1.45595097541809,0,0,
124,61.99922943,0,0,0,22.07162476,0,6.394677162,0,2.079129219,0,18.00421906,0,5.39529705047607,1.37992036342621,9.32195854187012,1.69588446617126,5.87368965148926,27.7137508392334,87.1770172119141,5.71829795837402,1.45939195156097,0,0,
125,62.12120056,0,0,0,22.11210251,0,6.404468536,0,2.080173731,0,18.04141235,0,5.40159463882446,1.38066637516022,9.34814167022705,1.70093750953674,5.90928506851196,27.7686958312988,87.1994400024414,5.74383449554443,1.46273827552795,0,0,
126,62.23807144,0,0,0,22.15088463,0,6.413845062,0,2.081176519,0,18.07704544,0,5.40770721435547,1.3813910484314,9.37359142303467,1.70584893226624,5.94481182098389,27.8237991333008,87.2222671508789,5.7687840461731,1.46598708629608,0,0,
127,62.35492706,0,0,0,22.18964958,0,6.423213482,0,2.082180977,0,18.11266708,0,5.41364860534668,1.38209700584412,9.39833641052246,1.71062469482422,5.98025321960449,27.8790340423584,87.245491027832,5.7931604385376,1.46914422512054,0,0,
128,62.46668243,0,0,0,22.22671509,0,6.432168484,0,2.08314395,0,18.14673233,0,5.41942977905273,1.38278591632843,9.42240524291992,1.71527051925659,6.0155930519104,27.9343795776367,87.2691116333008,5.81697797775269,1.47221446037292,0,0,
129,62.57333374,0,0,0,22.26207924,0,6.440710545,0,2.084064484,0,18.17923546,0,5.42503786087036,1.38345420360565,9.44579124450684,1.71978425979614,6.05081653594971,27.9898090362549,87.2931289672852,5.84023809432983,1.47519385814667,0,0,
130,62.6799736,0,0,0,22.29743767,0,6.449246883,0,2.084986925,0,18.21173096,0,5.4304838180542,1.38410437107086,9.46852016448975,1.7241712808609,6.08590936660767,28.0453052520752,87.3175277709961,5.86295366287231,1.47808718681335,0,0,
131,62.78152084,0,0,0,22.33109283,0,6.457369804,0,2.08586669,0,18.24267006,0,5.43577766418457,1.38473784923553,9.49061584472656,1.72843623161316,6.12085723876953,28.1008434295654,87.3423080444336,5.88513803482056,1.48089873790741,0,0,
132,62.88304901,0,0,0,22.36473274,0,6.465488434,0,2.086747885,0,18.27359772,0,5.44092607498169,1.38535571098328,9.51209831237793,1.73258340358734,6.15564727783203,28.1564064025879,87.3674621582031,5.9068021774292,1.48363173007965,0,0,
133,62.97949219,0,0,0,22.39667892,0,6.473194599,0,2.087586641,0,18.30297279,0,5.44593572616577,1.38595843315125,9.53298854827881,1.73661673069,6.19026708602905,28.2119731903076,87.3929901123047,5.9279580116272,1.48628914356232,0,0,
134,63.07337952,0,0,0,22.42777634,0,6.480694294,0,2.088404417,0,18.33156967,0,5.45080041885376,1.3865442276001,9.55328941345215,1.74053621292114,6.2247052192688,28.2675266265869,87.4188842773438,5.94861030578613,1.48886966705322,0,0,
135,63.16471863,0,0,0,22.45802689,0,6.487987041,0,2.08920145,0,18.35938263,0,5.45552587509155,1.38711392879486,9.57301807403564,1.74434542655945,6.25894975662231,28.3230476379395,87.4451446533203,5.96877098083496,1.49137616157532,0,0,
136,63.25350952,0,0,0,22.48742485,0,6.495073795,0,2.089977264,0,18.38641739,0,5.46011734008789,1.38766837120056,9.59219264984131,1.74804759025574,6.29299020767212,28.3785171508789,87.4717559814453,5.98844909667969,1.49381101131439,0,0,
137,63.3397522,0,0,0,22.51597786,0,6.501951694,0,2.090732098,0,18.41267204,0,5.46457862854004,1.38820791244507,9.61082649230957,1.75164568424225,6.32681655883789,28.4339199066162,87.4987258911133,6.00765466690063,1.49617636203766,0,0,
138,63.42344666,0,0,0,22.54368019,0,6.508626461,0,2.091466188,0,18.43815041,0,5.46891307830811,1.38873291015625,9.62893486022949,1.75514233112335,6.36041975021362,28.4892406463623,87.5260391235352,6.02639722824097,1.49847388267517,0,0,
139,63.5045929,0,0,0,22.57053947,0,6.51509285,0,2.092178583,0,18.46285248,0,5.47312307357788,1.3892434835434,9.64653015136719,1.75853991508484,6.39379024505615,28.5444622039795,87.5537033081055,6.04468584060669,1.50070512294769,0,0,
140,63.58319855,0,0,0,22.59653664,0,6.521354198,0,2.092869759,0,18.48677063,0,5.47721004486084,1.3897397518158,9.66362476348877,1.7618408203125,6.42691946029663,28.5995693206787,87.5817031860352,6.06252861022949,1.50287139415741,0,0,
141,63.6592598,0,0,0,22.62170219,0,6.527411461,0,2.093539238,0,18.50991821,0,5.48117637634277,1.39022159576416,9.6802282333374,1.76504683494568,6.45979928970337,28.6545467376709,87.6100387573242,6.07993412017822,1.50497388839722,0,0,
142,63.73277664,0,0,0,22.64602089,0,6.533265114,0,2.094187737,0,18.53229141,0,5.48502349853516,1.39068925380707,9.69635105133057,1.76815986633301,6.49242258071899,28.7093830108643,87.6387023925781,6.09690999984741,1.50701367855072,0,0,
143,63.80628586,0,0,0,22.67033386,0,6.539113045,0,2.094836712,0,18.55465508,0,5.48876333236694,1.39114487171173,9.71201801300049,1.77118492126465,6.52478218078613,28.7640647888184,87.6676940917969,6.11346960067749,1.50899565219879,0,0,
144,63.87471771,0,0,0,22.69295502,0,6.544555187,0,2.09544158,0,18.57547379,0,5.49239444732666,1.39158797264099,9.72723484039307,1.77412331104279,6.55687141418457,28.8185768127441,87.6970138549805,6.12962007522583,1.51091992855072,0,0,
145,63.94314194,0,0,0,22.71557999,0,6.549996376,0,2.096047401,0,18.59629059,0,5.49591636657715,1.39201784133911,9.74201011657715,1.77697610855103,6.58868408203125,28.8729076385498,87.7266464233398,6.14536714553833,1.5127866268158,0,0,
146,64.00902557,0,0,0,22.73736382,0,6.555234909,0,2.096631289,0,18.61632919,0,5.49933862686157,1.39243638515472,9.75636386871338,1.77974772453308,6.62021446228027,28.9270458221436,87.7565841674805,6.1607232093811,1.51459991931915,0,0,
147,64.0749054,0,0,0,22.75913429,0,6.56046772,0,2.097215891,0,18.63636589,0,5.50266981124878,1.39284515380859,9.7703161239624,1.7824422121048,6.65145635604858,28.9809818267822,87.7868270874023,6.17570018768311,1.5163631439209,0,0,
148,64.13571167,0,0,0,22.77922249,0,6.565297604,0,2.097755909,0,18.65485573,0,5.5059061050415,1.39324259757996,9.78386878967285,1.78505969047546,6.68240547180176,29.034704208374,87.8173828125,6.19030332565308,1.51807546615601,0,0,
149,64.19651031,0,0,0,22.79932022,0,6.570127487,0,2.098296881,0,18.67334747,0,5.50904321670532,1.39362752437592,9.79702663421631,1.78760039806366,6.71305751800537,29.0882034301758,87.8482360839844,6.20453691482544,1.51973628997803,0,0,
150,64.25730133,0,0,0,22.81939507,0,6.574952602,0,2.098838091,0,18.69182777,0,5.51210069656372,1.3940042257309,9.80981922149658,1.79007160663605,6.743408203125,29.141471862793,87.8793716430664,6.21841812133789,1.52135264873505,0,0,
151,64.31303406,0,0,0,22.83781242,0,6.57937479,0,2.099334955,0,18.70877457,0,5.51507139205933,1.39437067508698,9.8222484588623,1.79247260093689,6.77345371246338,29.1944961547852,87.9108047485352,6.23195028305054,1.5229229927063,0,0,
152,64.36875153,0,0,0,22.85621071,0,6.583795071,0,2.099832058,0,18.72571182,0,5.51795101165771,1.39472532272339,9.83431434631348,1.79480302333832,6.8031907081604,29.2472686767578,87.9425201416016,6.24513816833496,1.52444577217102,0,0,
153,64.42192841,0,0,0,22.8737793,0,6.588013649,0,2.100306988,0,18.74187851,0,5.52074527740479,1.3950697183609,9.84603023529053,1.79706597328186,6.8326153755188,29.2997817993164,87.9745101928711,6.25799083709717,1.52592372894287,0,0,
154,64.47510529,0,0,0,22.89133453,0,6.59223032,0,2.100782394,0,18.75804329,0,5.52346038818359,1.39540481567383,9.8574104309082,1.79926419258118,6.86172580718994,29.3520259857178,88.0067825317383,6.27051687240601,1.52735912799835,0,0,
155,64.52574921,0,0,0,22.9080677,0,6.596245289,0,2.101235628,0,18.7734375,0,5.52610015869141,1.39573121070862,9.86846733093262,1.80140018463135,6.89051866531372,29.403995513916,88.0393295288086,6.28272533416748,1.52875411510468,0,0,
156,64.5763855,0,0,0,22.9247818,0,6.600258827,0,2.1016891,0,18.7888279,0,5.52866840362549,1.39604949951172,9.87921237945557,1.80347633361816,6.9189920425415,29.4556827545166,88.0721435546875,6.29462385177612,1.53011047840118,0,0,
157,64.6219635,0,0,0,22.93982887,0,6.603868008,0,2.10209775,0,18.80267715,0,5.53115701675415,1.39635753631592,9.88964176177979,1.80549108982086,6.94714403152466,29.5070781707764,88.1052093505859,6.30621576309204,1.53142559528351,0,0,
158,64.6700592,0,0,0,22.95570374,0,6.607679844,0,2.102529287,0,18.81729507,0,5.53357076644897,1.39665603637695,9.89976692199707,1.80744683742523,6.97497272491455,29.5581798553467,88.138542175293,6.31750822067261,1.53270137310028,0,0,
159,64.71562195,0,0,0,22.97074318,0,6.611288548,0,2.102938652,0,18.83113861,0,5.53592348098755,1.39694845676422,9.90961170196533,1.8093489408493,7.00247669219971,29.608980178833,88.1721267700195,6.32851457595825,1.53394329547882,0,0,
160,64.75865173,0,0,0,22.98493767,0,6.614695072,0,2.103325367,0,18.84421349,0,5.53820514678955,1.39723169803619,9.91916847229004,1.81119549274445,7.02965497970581,29.6594696044922,88.2059555053711,6.33923625946045,1.53514814376831,0,0,
161,64.80168152,0,0,0,22.99914169,0,6.61810112,0,2.103712559,0,18.85729027,0,5.54041862487793,1.39750647544861,9.92844676971436,1.81298816204071,7.05650663375854,29.7096462249756,88.2400283813477,6.34967947006226,1.53631722927094,0,0,
162,64.84217834,0,0,0,23.01250267,0,6.621305466,0,2.104077101,0,18.86959457,0,5.54256629943848,1.39777314662933,9.93745613098145,1.81472861766815,7.08303117752075,29.7595043182373,88.2743453979492,6.35985088348389,1.53745174407959,0,0,
163,64.88266754,0,0,0,23.02586937,0,6.624511242,0,2.104441881,0,18.88189507,0,5.54465007781982,1.39803194999695,9.94620132446289,1.81641805171967,7.10922765731812,29.8090381622314,88.3088989257813,6.36975812911987,1.5385525226593,0,0,
164,64.92063141,0,0,0,23.03838539,0,6.627511978,0,2.104784012,0,18.89342499,0,5.54667091369629,1.39828288555145,9.95468997955322,1.81805765628815,7.13509559631348,29.8582439422607,88.3436813354492,6.37940549850464,1.5396203994751,0,0,
165,64.95858765,0,0,0,23.05091095,0,6.630516052,0,2.105126858,0,18.90495682,0,5.54863023757935,1.39852631092072,9.96292781829834,1.81964874267578,7.16063594818115,29.9071159362793,88.3787002563477,6.38879919052124,1.54065597057343,0,0,
166,64.99654388,0,0,0,23.06343079,0,6.633516312,0,2.105469465,0,18.91648674,0,5.55053997039795,1.39876472949982,9.9709358215332,1.82119584083557,7.18584775924683,29.9556503295898,88.413932800293,6.39795017242432,1.54166388511658,0,0,
167,65.03196716,0,0,0,23.07510948,0,6.636316776,0,2.105789423,0,18.92724419,0,5.55239868164063,1.39899706840515,9.97871780395508,1.82269966602325,7.21073150634766,30.0038433074951,88.4493865966797,6.40686368942261,1.54264402389526,0,0,
168,65.06485748,0,0,0,23.08595848,0,6.638916492,0,2.106086731,0,18.93723488,0,5.5541934967041,1.39922070503235,9.98626232147217,1.82415699958801,7.23528814315796,30.0516948699951,88.4850616455078,6.41553926467896,1.54359233379364,0,0,
169,65.10027313,0,0,0,23.09764481,0,6.64171648,0,2.106407166,0,18.94799042,0,5.55593776702881,1.39943838119507,9.9935884475708,1.82557237148285,7.25951814651489,30.0991973876953,88.5209426879883,6.42398643493652,1.54451334476471,0,0,
170,65.13317108,0,0,0,23.10848808,0,6.644314766,0,2.106705189,0,18.95798302,0,5.55764102935791,1.39965212345123,10.000714302063,1.82694947719574,7.28342199325562,30.1463489532471,88.5570373535156,6.43221569061279,1.54541087150574,0,0,
171,65.16352844,0,0,0,23.11850166,0,6.646715164,0,2.106980085,0,18.96720123,0,5.55928945541382,1.39985811710358,10.0076274871826,1.82828509807587,7.30700159072876,30.1931476593018,88.5933303833008,6.44022512435913,1.54628026485443,0,0,
172,65.19387817,0,0,0,23.12851334,0,6.649112701,0,2.10725522,0,18.97641563,0,5.56088256835938,1.40005660057068,10.0143299102783,1.82957971096039,7.33025693893433,30.2395896911621,88.6298294067383,6.44801902770996,1.54712176322937,0,0,
173,65.22423553,0,0,0,23.13852119,0,6.651511192,0,2.107530355,0,18.98563766,0,5.56243085861206,1.40024995803833,10.0208387374878,1.83083689212799,7.35318994522095,30.2856731414795,88.6665191650391,6.45560693740845,1.54793918132782,0,0,
174,65.25205994,0,0,0,23.14769554,0,6.653707504,0,2.107782841,0,18.99408722,0,5.56393194198608,1.4004373550415,10.0271549224854,1.83205687999725,7.37580156326294,30.3313980102539,88.7034072875977,6.46299171447754,1.54873204231262,0,0,
175,65.28240967,0,0,0,23.15769196,0,6.656105518,0,2.108058453,0,19.00329971,0,5.56539535522461,1.4006210565567,10.0332937240601,1.83324289321899,7.39809370040894,30.3767585754395,88.7404708862305,6.47018241882324,1.54950356483459,0,0,
176,65.30769348,0,0,0,23.16603088,0,6.658099651,0,2.10828805,0,19.01097679,0,5.56681728363037,1.40079963207245,10.0392551422119,1.83439481258392,7.42006778717041,30.4217567443848,88.7777252197266,6.47718191146851,1.55025291442871,0,0,
177,65.33551788,0,0,0,23.17520332,0,6.660297394,0,2.108541012,0,19.01942444,0,5.56819438934326,1.40097224712372,10.0450391769409,1.83551228046417,7.44172525405884,30.4663906097412,88.8151550292969,6.48399353027344,1.55097937583923,0,0,
178,65.36080933,0,0,0,23.18353653,0,6.662293911,0,2.108770847,0,19.02710342,0,5.56953573226929,1.40114092826843,10.0506601333618,1.83659851551056,7.46306848526001,30.5106544494629,88.8527679443359,6.49062490463257,1.55168604850769,0,0,
179,65.38610077,0,0,0,23.19188499,0,6.664290905,0,2.109000921,0,19.03478432,0,5.57083702087402,1.40130436420441,10.056116104126,1.83765292167664,7.48409986495972,30.5545520782471,88.8905487060547,6.49707794189453,1.55237185955048,0,0,
180,65.40885925,0,0,0,23.19936943,0,6.666085243,0,2.109208107,0,19.04169083,0,5.57209539413452,1.40146195888519,10.0614070892334,1.83867514133453,7.50482082366943,30.5980796813965,88.9285049438477,6.50335550308228,1.55303573608398,0,0,
181,65.4341507,0,0,0,23.20770836,0,6.668081284,0,2.109438419,0,19.04936981,0,5.57331848144531,1.40161561965942,10.0665454864502,1.83966791629791,7.52523326873779,30.6412353515625,88.9666213989258,6.50946521759033,1.55368077754974,0,0,
182,65.45690155,0,0,0,23.21520615,0,6.669876099,0,2.109645605,0,19.05627441,0,5.57451391220093,1.40176653862,10.0715436935425,1.84063422679901,7.54534006118774,30.6840229034424,89.0049057006836,6.51541376113892,1.55430972576141,0,0,
183,65.4771347,0,0,0,23.22188187,0,6.671472073,0,2.109829903,0,19.06241608,0,5.57566452026367,1.40191078186035,10.0763845443726,1.84156930446625,7.56514310836792,30.7264385223389,89.0433349609375,6.52119779586792,1.55491697788239,0,0,
184,65.49989319,0,0,0,23.22937965,0,6.673266411,0,2.110037565,0,19.0693264,0,5.57677936553955,1.40205037593842,10.0810804367065,1.84247624874115,7.58464479446411,30.7684803009033,89.0819244384766,6.52682399749756,1.5555055141449,0,0,
185,65.52011871,0,0,0,23.23603821,0,6.674863338,0,2.110221863,0,19.07546616,0,5.57786512374878,1.40218698978424,10.0856428146362,1.84335780143738,7.60384750366211,30.810152053833,89.1206588745117,6.53229951858521,1.55607783794403,0,0,
186,65.54035187,0,0,0,23.24270439,0,6.676457405,0,2.110406637,0,19.08160591,0,5.57891654968262,1.40231907367706,10.0900678634644,1.84421265125275,7.62275362014771,30.8514499664307,89.1595458984375,6.53762531280518,1.55663251876831,0,0,
187,65.56056976,0,0,0,23.24936867,0,6.678051472,0,2.110591173,0,19.08774185,0,5.57993984222412,1.40244805812836,10.0943670272827,1.84504330158234,7.64136648178101,30.8923759460449,89.1985702514648,6.54280757904053,1.55717194080353,0,0,
188,65.57826996,0,0,0,23.25519371,0,6.679447174,0,2.110752821,0,19.09311485,0,5.58092975616455,1.40257251262665,10.098536491394,1.84584856033325,7.65968751907349,30.9329299926758,89.2377395629883,6.54784774780273,1.55769419670105,0,0,
189,65.59849548,0,0,0,23.26185989,0,6.681041241,0,2.110937357,0,19.0992527,0,5.58189296722412,1.40269386768341,10.1025848388672,1.84663081169128,7.67772054672241,30.9731121063232,89.2770462036133,6.5527515411377,1.55820190906525,0,0,
190,65.61619568,0,0,0,23.26769257,0,6.68243742,0,2.111099243,0,19.10462379,0,5.58283472061157,1.40281319618225,10.1065235137939,1.84739208221436,7.69546794891357,31.0129222869873,89.3164901733398,6.55752468109131,1.55869698524475,0,0,
191,65.63388824,0,0,0,23.27351952,0,6.683831215,0,2.111260891,0,19.10999489,0,5.58374786376953,1.40292870998383,10.1103467941284,1.84813117980957,7.71293210983276,31.0523624420166,89.3560638427734,6.56216764450073,1.55917739868164,0,0,
192,65.64905548,0,0,0,23.27851868,0,6.685027122,0,2.111399651,0,19.11459732,0,5.58462715148926,1.40303921699524,10.1140489578247,1.84884643554688,7.73011684417725,31.0914306640625,89.3957595825195,6.56668043136597,1.55964124202728,0,0,
193,65.66675568,0,0,0,23.28434563,0,6.686420441,0,2.111561537,0,19.11997032,0,5.58547878265381,1.40314614772797,10.1176404953003,1.84954011440277,7.7470235824585,31.1301307678223,89.4355850219727,6.57106828689575,1.56009078025818,0,0,
194,65.68192291,0,0,0,23.28933716,0,6.687615871,0,2.111700058,0,19.12457085,0,5.58630847930908,1.40325081348419,10.121129989624,1.85021424293518,7.76365613937378,31.1684627532959,89.4755325317383,6.57533740997314,1.56052803993225,0,0,
195,65.69709015,0,0,0,23.2943306,0,6.688811302,0,2.111839056,0,19.12917328,0,5.58710956573486,1.40335142612457,10.1245107650757,1.85086703300476,7.78001689910889,31.2064247131348,89.5155944824219,6.57948732376099,1.56095087528229,0,0,
196,65.71224976,0,0,0,23.29933548,0,6.690006733,0,2.111977816,0,19.13377762,0,5.58788728713989,1.40344929695129,10.1277914047241,1.85150063037872,7.79610967636108,31.2440204620361,89.5557708740234,6.58352279663086,1.56136119365692,0,0,
197,65.72741699,0,0,0,23.30432892,0,6.691202164,0,2.112116575,0,19.13837814,0,5.58864641189575,1.40354537963867,10.1309804916382,1.85211682319641,7.81193685531616,31.28125,89.5960540771484,6.58744859695435,1.56176090240479,0,0,
198,65.74258423,0,0,0,23.30932999,0,6.692395687,0,2.112255573,0,19.14298248,0,5.58939027786255,1.40364027023315,10.1340866088867,1.85271716117859,7.82750177383423,31.318115234375,89.6364517211914,6.59127044677734,1.56215143203735,0,0,
199,65.75521851,0,0,0,23.31348038,0,6.693390369,0,2.112371206,0,19.14681244,0,5.59011077880859,1.40373158454895,10.1371002197266,1.85329973697662,7.84280681610107,31.3546161651611,89.6769485473633,6.59498643875122,1.56253015995026,0,0,
200,65.76786041,0,0,0,23.31763649,0,6.694386005,0,2.112487078,0,19.15064621,0,5.59080171585083,1.40381836891174,10.1400136947632,1.85386252403259,7.85785531997681,31.390754699707,89.7175521850586,6.59859609603882,1.56289482116699,0,0,
201,65.78302765,0,0,0,23.32262802,0,6.695580006,0,2.112626076,0,19.15525055,0,5.59147977828979,1.4039044380188,10.1428518295288,1.85441112518311,7.87265062332153,31.4265327453613,89.7582473754883,6.60210990905762,1.56325137615204,0,0,
202,65.79566193,0,0,0,23.3268013,0,6.696576118,0,2.112741947,0,19.15908623,0,5.59214782714844,1.40399014949799,10.145619392395,1.85494685173035,7.8871955871582,31.4619522094727,89.7990341186523,6.60553121566772,1.563600897789,0,0,
203,65.80577087,0,0,0,23.3301239,0,6.697371483,0,2.112834692,0,19.16215134,0,5.59278535842896,1.40407037734985,10.1482934951782,1.85546386241913,7.90149307250977,31.4970149993896,89.8399200439453,6.60885286331177,1.56393647193909,0,0,
204,65.81840515,0,0,0,23.33428383,0,6.698367119,0,2.112950563,0,19.1659832,0,5.59339809417725,1.40414726734161,10.1508817672729,1.8559638261795,7.91554594039917,31.5317192077637,89.8808898925781,6.61208009719849,1.56426000595093,0,0,
205,65.83104706,0,0,0,23.33844376,0,6.699361801,0,2.113066435,0,19.16981888,0,5.59400224685669,1.40422415733337,10.1534051895142,1.85645163059235,7.92935800552368,31.5660705566406,89.9219436645508,6.61522245407104,1.56457734107971,0,0,
206,65.84115601,0,0,0,23.34177017,0,6.700156689,0,2.11315918,0,19.17288589,0,5.59458827972412,1.40429854393005,10.155855178833,1.85692524909973,7.94293260574341,31.6000709533691,89.9630889892578,6.61827754974365,1.56488513946533,0,0,
207,65.85126495,0,0,0,23.34510422,0,6.700954914,0,2.113252163,0,19.17595291,0,5.59514856338501,1.4043687582016,10.1582231521606,1.85738241672516,7.95627164840698,31.6337184906006,90.0043182373047,6.62124395370483,1.565181016922,0,0,
208,65.8613739,0,0,0,23.34844017,0,6.701750278,0,2.113344908,0,19.17902374,0,5.5956883430481,1.40443623065948,10.160514831543,1.85782492160797,7.96937894821167,31.6670169830322,90.0456237792969,6.62412548065186,1.56546664237976,0,0,
209,65.87148285,0,0,0,23.35176849,0,6.702546597,0,2.113437653,0,19.18208885,0,5.59621143341064,1.40450179576874,10.1627368927002,1.85825383663177,7.98225688934326,31.6999683380127,90.0870056152344,6.62692594528198,1.56574356555939,0,0,
210,65.8815918,0,0,0,23.35509491,0,6.703341484,0,2.113530636,0,19.18515396,0,5.59672117233276,1.4045661687851,10.1648950576782,1.85867059230804,7.99490928649902,31.732572555542,90.1284561157227,6.62964868545532,1.56601285934448,0,0,
211,65.89170074,0,0,0,23.35841751,0,6.704135895,0,2.113623381,0,19.18822289,0,5.59721994400024,1.40462970733643,10.1669940948486,1.85907626152039,8.00733852386475,31.7648315429688,90.1699829101563,6.63229703903198,1.56627559661865,0,0,
212,65.90180206,0,0,0,23.36174393,0,6.704933643,0,2.113716125,0,19.19128609,0,5.59771060943604,1.40469253063202,10.1690397262573,1.85947179794312,8.0195484161377,31.7967491149902,90.2115707397461,6.63487434387207,1.56653273105621,0,0,
213,65.90938568,0,0,0,23.36423874,0,6.70552969,0,2.113785982,0,19.19358635,0,5.59818315505981,1.40475261211395,10.1710205078125,1.85985469818115,8.0315408706665,31.8283271789551,90.2532272338867,6.63737821578979,1.56678104400635,0,0,
214,65.91950226,0,0,0,23.36756897,0,6.706324577,0,2.113878727,0,19.19665527,0,5.59864091873169,1.40481066703796,10.1729421615601,1.86022627353668,8.04331970214844,31.8595695495605,90.2949447631836,6.63981199264526,1.56702196598053,0,0,
215,65.92707062,0,0,0,23.37005615,0,6.706921577,0,2.113948345,0,19.19895172,0,5.59908723831177,1.40486741065979,10.1748104095459,1.86058747768402,8.05488777160645,31.8904800415039,90.3367233276367,6.64217853546143,1.56725633144379,0,0,
216,65.93717957,0,0,0,23.37339592,0,6.707717419,0,2.114041328,0,19.20201874,0,5.59952354431152,1.4049232006073,10.176628112793,1.8609391450882,8.06624889373779,31.9210567474365,90.3785552978516,6.64448070526123,1.56748521327972,0,0,
217,65.94476318,0,0,0,23.37588501,0,6.708312988,0,2.114110947,0,19.204319,0,5.59995269775391,1.40497851371765,10.1784009933472,1.86128234863281,8.07740497589111,31.9513034820557,90.4204483032227,6.64672088623047,1.56770932674408,0,0,
218,65.9523468,0,0,0,23.37837982,0,6.708910465,0,2.114180803,0,19.20661736,0,5.60036468505859,1.40503084659576,10.1801176071167,1.86161434650421,8.08835983276367,31.98122215271,90.4623947143555,6.64889717102051,1.56792533397675,0,0,
219,65.95992279,0,0,0,23.38087654,0,6.709506512,0,2.114250422,0,19.20891762,0,5.60076284408569,1.40508115291595,10.1817817687988,1.861936211586,8.09911632537842,32.0108108520508,90.5043869018555,6.65101146697998,1.56813442707062,0,0,
220,65.96750641,0,0,0,23.38337326,0,6.710102558,0,2.114320278,0,19.21121979,0,5.601149559021,1.40513026714325,10.1833982467651,1.8622487783432,8.10967636108398,32.0400810241699,90.5464248657227,6.65306711196899,1.5683376789093,0,0,
221,65.97255707,0,0,0,23.38504028,0,6.710501194,0,2.11436677,0,19.21275139,0,5.60151672363281,1.40517604351044,10.1849565505981,1.86254966259003,8.12004375457764,32.0690231323242,90.588508605957,6.65506076812744,1.56853187084198,0,0,
222,65.98014069,0,0,0,23.38753891,0,6.711096287,0,2.114436388,0,19.21505165,0,5.60186719894409,1.40521931648254,10.1864614486694,1.86283981800079,8.13022136688232,32.0976486206055,90.6306381225586,6.65699529647827,1.56871843338013,0,0,
223,65.98771667,0,0,0,23.39003372,0,6.711694241,0,2.114506245,0,19.21735191,0,5.6022162437439,1.40526378154755,10.187931060791,1.86312353610992,8.140212059021,32.1259536743164,90.6728057861328,6.65887880325317,1.5689023733139,0,0,
224,65.99277496,0,0,0,23.39169121,0,6.712090015,0,2.114552736,0,19.21888351,0,5.60255241394043,1.40530633926392,10.1893539428711,1.86339831352234,8.15001773834229,32.1539459228516,90.7150192260742,6.66070795059204,1.56907987594604,0,0,
225,66.00035095,0,0,0,23.39418411,0,6.712687492,0,2.114622593,0,19.22118187,0,5.60287857055664,1.4053475856781,10.1907339096069,1.86366486549377,8.15964221954346,32.1816253662109,90.7572555541992,6.66248512268066,1.56925189495087,0,0,
226,66.00540924,0,0,0,23.39585686,0,6.713084221,0,2.114669085,0,19.22271538,0,5.603196144104,1.40538799762726,10.1920738220215,1.86392378807068,8.16908836364746,32.2089958190918,90.7995300292969,6.66421222686768,1.56941938400269,0,0,
227,66.01298523,0,0,0,23.39834595,0,6.713681698,0,2.114738703,0,19.22501564,0,5.60350751876831,1.40542781352997,10.1933784484863,1.86417579650879,8.17835807800293,32.2360572814941,90.8418350219727,6.66589212417603,1.56958293914795,0,0,
228,66.01804352,0,0,0,23.40001106,0,6.71407795,0,2.114785433,0,19.22654724,0,5.60381364822388,1.40546727180481,10.1946496963501,1.86442184448242,8.18745422363281,32.2628173828125,90.8841781616211,6.6675271987915,1.56974303722382,0,0,
229,66.02308655,0,0,0,23.40166283,0,6.714475632,0,2.114831924,0,19.22807693,0,5.60410404205322,1.4055038690567,10.195876121521,1.86465871334076,8.19638061523438,32.2892723083496,90.9265441894531,6.66911268234253,1.56989622116089,0,0,
230,66.02814484,0,0,0,23.40334129,0,6.714874744,0,2.114878416,0,19.22961426,0,5.60438251495361,1.40553867816925,10.1970615386963,1.86488747596741,8.20513916015625,32.3154258728027,90.9689331054688,6.67065095901489,1.57004356384277,0,0,
231,66.03320313,0,0,0,23.40499878,0,6.715270996,0,2.114925146,0,19.23114586,0,5.60465097427368,1.4055722951889,10.1982088088989,1.86510872840881,8.21373271942139,32.3412857055664,91.0113525390625,6.67214441299438,1.5701858997345,0,0,
232,66.03825378,0,0,0,23.40666962,0,6.715669155,0,2.114971638,0,19.23268127,0,5.60491132736206,1.40560495853424,10.1993207931519,1.86532318592072,8.22216320037842,32.3668441772461,91.0537872314453,6.67359495162964,1.5703239440918,0,0,
233,66.04330444,0,0,0,23.40832329,0,6.716067314,0,2.115018129,0,19.23420906,0,5.60516548156738,1.40563714504242,10.200400352478,1.86553156375885,8.23043441772461,32.3921089172363,91.0962371826172,6.67500495910645,1.57045817375183,0,0,
234,66.04836273,0,0,0,23.40998268,0,6.716462612,0,2.115064621,0,19.23574257,0,5.60541439056396,1.40566873550415,10.2014503479004,1.86573433876038,8.23854827880859,32.4170875549316,91.1387023925781,6.67637538909912,1.57058906555176,0,0,
235,66.05341339,0,0,0,23.41165352,0,6.716862202,0,2.115111351,0,19.237277980000002,0,5.60565900802612,1.40570020675659,10.2024726867676,1.86593210697174,8.24650764465332,32.4417762756348,91.1811828613281,6.6777081489563,1.57071721553802,0,0,
236,66.05846405,0,0,0,23.41332054,0,6.717258453,0,2.115157843,0,19.23881149,0,5.60590028762817,1.40573167800903,10.2034711837769,1.8661253452301,8.25431537628174,32.4661827087402,91.2236862182617,6.67900514602661,1.57084321975708,0,0,
237,66.06351471,0,0,0,23.41497231,0,6.717655659,0,2.115204334,0,19.24034119,0,5.60613870620728,1.4057629108429,10.2044467926025,1.86631429195404,8.26197242736816,32.4903030395508,91.2661972045898,6.68026828765869,1.57096707820892,0,0,
238,66.06604004,0,0,0,23.415802,0,6.7178545,0,2.115227461,0,19.24110603,0,5.60636377334595,1.4057914018631,10.2053871154785,1.86649608612061,8.26948356628418,32.5141448974609,91.3087158203125,6.6814923286438,1.57108509540558,0,0,
239,66.07109833,0,0,0,23.41746902,0,6.718250275,0,2.115274191,0,19.24263954,0,5.60657835006714,1.40581822395325,10.2062950134277,1.86667132377625,8.2768497467041,32.5377082824707,91.3512420654297,6.68267965316772,1.57119834423065,0,0,
240,66.07614899,0,0,0,23.41913605,0,6.718649864,0,2.115320683,0,19.24417305,0,5.60679531097412,1.40584635734558,10.2071866989136,1.8668440580368,8.28407382965088,32.5609970092773,91.3937759399414,6.68383741378784,1.57131135463715,0,0,
241,66.07867432,0,0,0,23.41996765,0,6.718848705,0,2.115344048,0,19.2449379,0,5.6070032119751,1.40587294101715,10.2080497741699,1.86701118946075,8.29115772247314,32.5840110778809,91.4363098144531,6.68496131896973,1.5714203119278,0,0,
242,66.0837326,0,0,0,23.42163467,0,6.719244957,0,2.115390778,0,19.24647331,0,5.6072039604187,1.40589845180511,10.2088871002197,1.86717307567596,8.29810428619385,32.6067543029785,91.4788436889648,6.68605279922485,1.57152557373047,0,0,
243,66.08625793,0,0,0,23.42246437,0,6.719443798,0,2.115413904,0,19.24724007,0,5.60739850997925,1.40592312812805,10.2096996307373,1.86733019351959,8.30491638183594,32.6292304992676,91.5213851928711,6.68711376190186,1.5716278553009,0,0,
244,66.09130859,0,0,0,23.4241333,0,6.719842434,0,2.115460634,0,19.24877167,0,5.60758829116821,1.40594732761383,10.2104902267456,1.8674830198288,8.31159496307373,32.6514434814453,91.5639190673828,6.68814468383789,1.57172751426697,0,0,
245,66.09383392,0,0,0,23.42494965,0,6.720040798,0,2.115483761,0,19.24953461,0,5.60777425765991,1.40597140789032,10.2112598419189,1.86763215065002,8.31814384460449,32.6733932495117,91.6064529418945,6.68914747238159,1.57182478904724,0,0,
246,66.09635925,0,0,0,23.42578506,0,6.720238209,0,2.115507126,0,19.25030327,0,5.60794639587402,1.40599262714386,10.2119960784912,1.86777424812317,8.32456493377686,32.6950836181641,91.6489791870117,6.69011783599854,1.57191622257233,0,0,
247,66.10140991,0,0,0,23.42744827,0,6.720635414,0,2.115553617,0,19.25183487,0,5.60811805725098,1.40601444244385,10.2127161026001,1.86791336536407,8.33086013793945,32.7165145874023,91.6914978027344,6.69106245040894,1.57200658321381,0,0,
248,66.10393524,0,0,0,23.42827225,0,6.720833778,0,2.115576744,0,19.25259781,0,5.60828924179077,1.4060366153717,10.2134218215942,1.8680499792099,8.33703136444092,32.7376899719238,91.7340087890625,6.69198226928711,1.57209587097168,0,0,
249,66.1064682,0,0,0,23.42910194,0,6.721033096,0,2.115600348,0,19.25336456,0,5.60844945907593,1.40605676174164,10.2140989303589,1.86818075180054,8.3430814743042,32.7586097717285,91.7765121459961,6.69287347793579,1.57218039035797,0,0,
250,66.10899353,0,0,0,23.42995071,0,6.721231461,0,2.115623713,0,19.25413704,0,5.60860061645508,1.40607523918152,10.2147512435913,1.86830639839172,8.34901237487793,32.7792778015137,91.8190002441406,6.6937370300293,1.57226085662842,0,0,
251,66.11151886,0,0,0,23.43076897,0,6.721429825,0,2.115646839,0,19.25489998,0,5.60874462127686,1.40609300136566,10.2153787612915,1.86842727661133,8.35482597351074,32.7997016906738,91.8614730834961,6.69457387924194,1.57233798503876,0,0,
252,66.11404419,0,0,0,23.43159866,0,6.721628666,0,2.115670204,0,19.25566483,0,5.60888290405273,1.40610980987549,10.2159833908081,1.86854374408722,8.36052417755127,32.8198776245117,91.903923034668,6.69538497924805,1.57241189479828,0,0,
253,66.11909485,0,0,0,23.43326759,0,6.722027302,0,2.115716934,0,19.25719833,0,5.60902738571167,1.40612888336182,10.2165832519531,1.86865985393524,8.36610889434814,32.8398132324219,91.9463653564453,6.69617748260498,1.57248723506927,0,0,
254,66.12162018,0,0,0,23.43409729,0,6.722226143,0,2.115740061,0,19.25796509,0,5.60917663574219,1.40614926815033,10.2171783447266,1.86877548694611,8.37158203125,32.859504699707,91.9887924194336,6.69695234298706,1.57256388664246,0,0,
255,66.12415314,0,0,0,23.43493462,0,6.722423077,0,2.115763426,0,19.25873184,0,5.60931921005249,1.4061678647995,10.2177543640137,1.86888718605042,8.37694549560547,32.878963470459,92.0311965942383,6.69770431518555,1.57263767719269,0,0,
256,66.12667847,0,0,0,23.43576431,0,6.7226228710000004,0,2.115786791,0,19.25949669,0,5.60945606231689,1.40618562698364,10.2183132171631,1.86899554729462,8.38220310211182,32.8981819152832,92.0735778808594,6.69843482971191,1.57270872592926,0,0,
257,66.1292038,0,0,0,23.43658829,0,6.722820759,0,2.115810156,0,19.26026344,0,5.60958862304688,1.40620267391205,10.2188549041748,1.86910057067871,8.38735485076904,32.9171714782715,92.1159439086914,6.69914484024048,1.57277762889862,0,0,
258,66.1292038,0,0,0,23.43658829,0,6.722820759,0,2.115810156,0,19.26026344,0,5.60970592498779,1.40621662139893,10.219367980957,1.86919939517975,8.3924036026001,32.9359283447266,92.1582794189453,6.69982862472534,1.57284080982208,0,0,
259,66.13172913,0,0,0,23.43743324,0,6.723020554,0,2.115833521,0,19.2610321,0,5.60981178283691,1.40622854232788,10.2198534011841,1.86929249763489,8.39735126495361,32.9544525146484,92.2005920410156,6.70048809051514,1.57289886474609,0,0,
260,66.13425446,0,0,0,23.43825722,0,6.723218918,0,2.115856886,0,19.26179695,0,5.60991907119751,1.40624153614044,10.2203283309937,1.86938369274139,8.40219879150391,32.9727516174316,92.2428817749023,6.70113039016724,1.57295668125153,0,0,
261,66.13678741,0,0,0,23.43908501,0,6.723416328,0,2.115880013,0,19.2625618,0,5.61002779006958,1.40625536441803,10.2207937240601,1.86947345733643,8.40694904327393,32.9908256530762,92.2851409912109,6.7017560005188,1.57301414012909,0,0,
262,66.13931274,0,0,0,23.43992424,0,6.72361517,0,2.115903378,0,19.26333046,0,5.61013746261597,1.40626990795135,10.2212505340576,1.86956179141998,8.41160297393799,33.008674621582,92.3273696899414,6.70236539840698,1.57307136058807,0,0,
263,66.14183807,0,0,0,23.44074631,0,6.723813534,0,2.115926743,0,19.2640934,0,5.61024808883667,1.40628468990326,10.2216987609863,1.86964869499207,8.41616249084473,33.026309967041,92.3695755004883,6.70295906066895,1.57312846183777,0,0,
264,66.1443634,0,0,0,23.44157219,0,6.724012375,0,2.115950108,0,19.26486015,0,5.61035919189453,1.40629971027374,10.2221403121948,1.86973452568054,8.42062950134277,33.0437278747559,92.411750793457,6.70353841781616,1.57318532466888,0,0,
265,66.1443634,0,0,0,23.44157219,0,6.724012375,0,2.115950108,0,19.26486015,0,5.61045932769775,1.40631234645844,10.222559928894,1.86981582641602,8.42500495910645,33.0609283447266,92.4538879394531,6.70409727096558,1.57323813438416,0,0,
266,66.14688873,0,0,0,23.44241714,0,6.72421217,0,2.115973473,0,19.26562881,0,5.61055135726929,1.40632343292236,10.2229604721069,1.86989295482635,8.42929172515869,33.0779151916504,92.4959945678711,6.70463752746582,1.57328736782074,0,0,
267,66.14941406,0,0,0,23.44324112,0,6.72440815,0,2.115996599,0,19.26639175,0,5.61064720153809,1.40633583068848,10.2233572006226,1.86996972560883,8.43349075317383,33.0946922302246,92.5380630493164,6.70516538619995,1.57333755493164,0,0,
268,66.14941406,0,0,0,23.44324112,0,6.72440815,0,2.115996599,0,19.26639175,0,5.61073541641235,1.40634679794312,10.2237367630005,1.87004280090332,8.4376049041748,33.1112632751465,92.5800933837891,6.70567560195923,1.57338452339172,0,0,
269,66.15193939,0,0,0,23.44406891,0,6.724607468,0,2.116019964,0,19.2671566,0,5.61081743240356,1.40635681152344,10.224100112915,1.870112657547,8.44163417816162,33.127628326416,92.6220932006836,6.70616960525513,1.57342875003815,0,0,
270,66.154464720000007,0,0,0,23.44491005,0,6.724806786,0,2.116043329,0,19.26792526,0,5.61090612411499,1.40636849403381,10.2244634628296,1.87018287181854,8.44558143615723,33.1437911987305,92.6640472412109,6.70665311813354,1.57347464561462,0,0,
271,66.154464720000007,0,0,0,23.44491005,0,6.724806786,0,2.116043329,0,19.26792526,0,5.6109881401062,1.40637898445129,10.2248115539551,1.87025010585785,8.44944763183594,33.1597480773926,92.7059555053711,6.70712089538574,1.57351815700531,0,0,
272,66.15699005,0,0,0,23.44574165,0,6.725005627,0,2.116066456,0,19.26869202,0,5.61106538772583,1.40638864040375,10.2251453399658,1.87031447887421,8.45323467254639,33.1755065917969,92.7478256225586,6.70757389068604,1.57355928421021,0,0,
273,66.15951538,0,0,0,23.44656754,0,6.725204945,0,2.116089821,0,19.26945496,0,5.61114978790283,1.40639996528625,10.2254819869995,1.87037980556488,8.45694351196289,33.1910705566406,92.7896575927734,6.70801830291748,1.57360255718231,0,0,
274,66.15951538,0,0,0,23.44656754,0,6.725204945,0,2.116089821,0,19.26945496,0,5.61122894287109,1.40641021728516,10.2258052825928,1.87044250965118,8.46057605743408,33.2064399719238,92.8314437866211,6.70844888687134,1.57364368438721,0,0,
275,66.16204071,0,0,0,23.44739342,0,6.725400925,0,2.116113186,0,19.27022171,0,5.61130380630493,1.40641963481903,10.2261171340942,1.87050271034241,8.46413326263428,33.2216186523438,92.8731842041016,6.70886611938477,1.57368278503418,0,0,
276,66.16204071,0,0,0,23.44739342,0,6.725400925,0,2.116113186,0,19.27022171,0,5.6113748550415,1.40642845630646,10.2264184951782,1.87056088447571,8.46761703491211,33.2366027832031,92.9148788452148,6.70927047729492,1.57372033596039,0,0,
277,66.16456604,0,0,0,23.44823837,0,6.725601196,0,2.116136551,0,19.27099037,0,5.61144304275513,1.40643703937531,10.2267093658447,1.87061715126038,8.47102928161621,33.2513961791992,92.9565353393555,6.70966243743896,1.57375657558441,0,0,
278,66.16456604,0,0,0,23.44823837,0,6.725601196,0,2.116136551,0,19.27099037,0,5.61150932312012,1.40644538402557,10.2269916534424,1.8706716299057,8.47437000274658,33.2660026550293,92.9981384277344,6.71004343032837,1.57379162311554,0,0,
279,66.167099,0,0,0,23.44905472,0,6.725799084,0,2.116159678,0,19.27175331,0,5.61157369613647,1.40645337104797,10.2272653579712,1.87072432041168,8.47764205932617,33.2804260253906,93.0396957397461,6.71041345596313,1.57382571697235,0,0,
280,66.167099,0,0,0,23.44905472,0,6.725799084,0,2.116159678,0,19.27175331,0,5.61163663864136,1.40646135807037,10.2275304794312,1.87077558040619,8.48084545135498,33.2946701049805,93.0811996459961,6.71077299118042,1.57385873794556,0,0,
281,66.1696167,0,0,0,23.44988632,0,6.725997925,0,2.116183043,0,19.27252007,0,5.61169815063477,1.40646934509277,10.2277889251709,1.8708256483078,8.48398208618164,33.3087348937988,93.1226577758789,6.71112251281738,1.57389116287231,0,0,
282,66.1696167,0,0,0,23.44988632,0,6.725997925,0,2.116183043,0,19.27252007,0,5.61175918579102,1.40647721290588,10.2280406951904,1.87087452411652,8.48705387115479,33.3226203918457,93.1640625,6.71146202087402,1.57392287254333,0,0,
283,66.17214966,0,0,0,23.45072746,0,6.726198196,0,2.116206646,0,19.27328873,0,5.61181926727295,1.4064849615097,10.2282876968384,1.87092232704163,8.49006080627441,33.3363304138184,93.2054138183594,6.7117919921875,1.5739541053772,0,0,
284,66.17214966,0,0,0,23.45072746,0,6.726198196,0,2.116206646,0,19.27328873,0,5.61187839508057,1.40649282932281,10.2285289764404,1.87096905708313,8.49300479888916,33.3498687744141,93.246711730957,6.71211338043213,1.57398498058319,0,0,
285,66.17214966,0,0,0,23.45072746,0,6.726198196,0,2.116206646,0,19.27328873,0,5.61192607879639,1.40649819374084,10.2287511825562,1.87101137638092,8.49588775634766,33.3632278442383,93.2879486083984,6.71242094039917,1.57401132583618,0,0,
286,66.17467499,0,0,0,23.45155907,0,6.726394653,0,2.116229773,0,19.27405357,0,5.61197566986084,1.40650427341461,10.2289686203003,1.87105333805084,8.4987096786499,33.3764228820801,93.3291320800781,6.71272039413452,1.57403790950775,0,0,
287,66.17467499,0,0,0,23.45155907,0,6.726394653,0,2.116229773,0,19.27405357,0,5.61202669143677,1.40651082992554,10.2291831970215,1.87109482288361,8.50147247314453,33.3894462585449,93.3702697753906,6.7130126953125,1.57406461238861,0,0,
288,66.17720032,0,0,0,23.45238113,0,6.726593018,0,2.116253138,0,19.27481651,0,5.61207866668701,1.40651774406433,10.2293949127197,1.8711359500885,8.50417709350586,33.4023017883301,93.4113464355469,6.71329689025879,1.57409155368805,0,0,
289,66.17720032,0,0,0,23.45238113,0,6.726593018,0,2.116253138,0,19.27481651,0,5.61213159561157,1.40652501583099,10.2296047210693,1.87117648124695,8.5068244934082,33.4149971008301,93.4523620605469,6.71357440948486,1.57411849498749,0,0,
290,66.17720032,0,0,0,23.45238113,0,6.726593018,0,2.116253138,0,19.27481651,0,5.61217403411865,1.40652978420258,10.2297973632813,1.87121331691742,8.5094165802002,33.4275283813477,93.4933166503906,6.71384000778198,1.57414174079895,0,0,
291,66.17972565,0,0,0,23.45322227,0,6.726792812,0,2.116276503,0,19.27558708,0,5.61221933364868,1.40653562545776,10.2299880981445,1.87125027179718,8.51195335388184,33.4398956298828,93.5342178344727,6.7140998840332,1.57416570186615,0,0,
292,66.17972565,0,0,0,23.45322227,0,6.726792812,0,2.116276503,0,19.27558708,0,5.6122670173645,1.4065420627594,10.2301788330078,1.87128722667694,8.51443672180176,33.4521064758301,93.5750579833984,6.71435356140137,1.5741902589798,0,0,
293,66.17972565,0,0,0,23.45322227,0,6.726792812,0,2.116276503,0,19.27558708,0,5.61230564117432,1.40654635429382,10.230354309082,1.8713207244873,8.51686763763428,33.4641609191895,93.6158294677734,6.71459627151489,1.57421123981476,0,0,
294,66.18225098,0,0,0,23.45404625,0,6.7269907,0,2.116299868,0,19.27635002,0,5.6123480796814,1.40655183792114,10.2305297851563,1.87135469913483,8.51924705505371,33.4760589599609,93.6565551757813,6.71483421325684,1.57423317432404,0,0,
295,66.18225098,0,0,0,23.45404625,0,6.7269907,0,2.116299868,0,19.27635002,0,5.61239290237427,1.40655815601349,10.2307052612305,1.87138879299164,8.52157592773438,33.4878044128418,93.6972122192383,6.7150673866272,1.57425594329834,0,0,
296,66.18225098,0,0,0,23.45404625,0,6.7269907,0,2.116299868,0,19.27635002,0,5.61242914199829,1.40656232833862,10.2308654785156,1.87141966819763,8.52385520935059,33.4994010925293,93.7378005981445,6.71529006958008,1.57427549362183,0,0,
297,66.18477631,0,0,0,23.45487595,0,6.727189541,0,2.116323233,0,19.27711487,0,5.61246919631958,1.40656781196594,10.2310285568237,1.87145125865936,8.52608680725098,33.5108489990234,93.7783279418945,6.71550846099854,1.57429623603821,0,0,
298,66.18477631,0,0,0,23.45487595,0,6.727189541,0,2.116323233,0,19.27711487,0,5.61251258850098,1.40657389163971,10.2311925888062,1.87148320674896,8.52827072143555,33.522144317627,93.8187866210938,6.71572351455688,1.57431793212891,0,0,
299,66.18477631,0,0,0,23.45487595,0,6.727189541,0,2.116323233,0,19.27711487,0,5.61254787445068,1.40657806396484,10.2313432693481,1.87151217460632,8.53040790557861,33.5332946777344,93.8591842651367,6.71592855453491,1.57433664798737,0,0,
