"Time Step","Softwood Merchantable","Hardwood Merchantable","Softwood Submerchantable","Hardwood Submerchantable","Softwood Other","Hardwood Other","Softwood Foliage","Hardwood Foliage","Softwood Fine Roots","Hardwood Fine Roots","Softwood Coarse Roots","Hardwood Coarse Roots","Aboveground Very Fast DOM","Belowground Very Fast DOM","Aboveground Fast DOM","Belowground Fast DOM","Medium DOM","Aboveground Slow DOM","Belowground Slow DOM","Softwood Stem Snag","Softwood Branch Snag","Hardwood Stem Snag","Hardwood Branch Snag",
0,0,0,0,0,0,0,0,0,0,0,0,0,1.32024502754211,3.21729397773743,32.2411994934082,25.8984298706055,33.5464706420898,38.5242004394531,197.142196655273,152.556396484375,43.8686790466309,0,0,
1,0.02643871494,0,0,0,0.1128255501,0,0.1384024322,0,0.02609811164,0,0.03554389626,0,0.93015593290329,1.78182244300842,31.931848526001,22.5768985748291,37.1437110900879,39.7081146240234,197.538070678711,145.206466674805,36.9504089355469,0,0,
2,0.133062005,0,0,0,0.4900165498,0,0.3725424409,0,0.09210271388,0,0.1289251447,0,0.688079178333282,0.996015965938568,31.066047668457,19.6819438934326,40.393367767334,40.7618103027344,197.759262084961,138.211044311523,31.1255512237549,0,0,
3,0.342217505,0,0,0,1.093165278,0,0.6617230177,0,0.1893419474,0,0.2762155533,0,0.564968764781952,0.575849771499634,29.8173847198486,17.1593399047852,43.3180274963379,41.6973648071289,197.864959716797,131.553573608398,26.2239570617676,0,0,
4,0.6683897972,0,0,0,1.891350508,0,0.9907826781,0,0.3105128109,0,0.4777033031,0,0.535880863666534,0.362811625003815,28.3214263916016,14.961799621582,45.9390029907227,42.5264205932617,197.891357421875,125.218437194824,22.1019802093506,0,0,
5,1.122380495,0,0,0,2.858179331,0,1.350365281,0,0.4485085607,0,0.7349568009,0,0.580542981624603,0.267949998378754,26.683084487915,13.0481119155884,48.2764167785645,43.260066986084,197.861404418945,119.190826416016,18.6383666992188,0,0,
6,1.7125144,0,0,0,3.96984601,0,1.733730435,0,0.5965378284,0,1.04983449,0,0.682434976100922,0.240833297371864,24.982608795166,11.3823642730713,50.3492622375488,43.9087448120117,197.790237426758,113.456703186035,15.7307453155518,0,0,
7,2.445169687,0,0,0,5.204255581,0,2.135622501,0,0.7483884096,0,1.42389214,0,0.827965795993805,0.25241482257843,23.280445098877,9.93326473236084,52.1754608154297,44.4821891784668,197.688232421875,108.002746582031,13.2926816940308,0,0,
8,3.325052261,0,0,0,6.540606499,0,2.551749945,0,0.898668766,0,1.857995987,0,1.00586986541748,0.285600185394287,21.6211986541748,8.67354774475098,53.7719230651855,44.9893836975098,197.562744140625,102.816314697266,11.2511692047119,0,0,
9,4.355353355,0,0,0,7.959198475,0,2.978505611,0,1.042973638,0,2.352085114,0,1.20678997039795,0.330065935850143,20.0368671417236,7.57944488525391,55.1546020507813,45.4385452270508,197.419204711914,97.8853912353516,9.54452705383301,0,0,
10,5.537848473,0,0,0,9.441355705,0,3.412799358,0,1.177963853,0,2.905060768,0,1.4229907989502,0.379415720701218,18.5494575500488,6.63023328781128,56.3385429382324,45.8371276855469,197.261642456055,93.1985626220703,8.12062454223633,0,0,
11,6.872965813,0,0,0,10.96941757,0,3.851953506,0,1.301361442,0,3.514780998,0,1.64815294742584,0.429613769054413,17.1731243133545,5.80783414840698,57.3379440307617,46.1918334960938,197.09309387207,88.7449645996094,6.93537998199463,0,0,
12,8.359839439,0,0,0,12.52676678,0,4.293627739,0,1.411876798,0,4.178134918,0,1.87721276283264,0.478111654520035,15.9158878326416,5.09646320343018,58.166187286377,46.5086669921875,196.915924072266,84.5142669677734,5.95150518417358,0,0,
13,9.996359825,0,0,0,14.09787083,0,4.735767841,0,1.509083271,0,4.891176224,0,2.10621953010559,0.523347735404968,14.7810411453247,4.48233079910278,58.8358879089355,46.7929611206055,196.73193359375,80.4966049194336,5.13744306564331,0,0,
14,11.77921486,0,0,0,15.6683321,0,5.176567554,0,1.593263268,0,5.649290562,0,2.33220291137695,0.564445436000824,13.7682733535767,3.95337820053101,59.3589363098145,47.0494575500488,196.542541503906,76.6826019287109,4.46647167205811,0,0,
15,13.70394707,0,0,0,17.22493935,0,5.614436626,0,1.665241003,0,6.447376251,0,2.55303907394409,0.601018011569977,12.8745832443237,3.4990510940551798,59.7465286254883,47.2823333740234,196.348861694336,73.0632858276367,3.9159562587738,0,0,
16,15.76500607,0,0,0,18.75571442,0,6.047976971,0,1.726218462,0,7.280032158,0,2.7673180103302,0.633031070232391,12.0950050354004,3.11010313034058,60.0092163085938,47.4952774047852,196.151794433594,69.6301040649414,3.46671295166016,0,0,
17,17.95581055,0,0,0,20.24993515,0,6.475964069,0,1.77762568,0,8.141714096,0,2.97421383857727,0.660699069499969,11.4231910705566,2.77842569351196,60.1569366455078,47.6915435791016,195.952087402344,66.374870300293,3.10247755050659,0,0,
18,20.2688179,0,0,0,21.69817924,0,6.8973279,0,1.820991755,0,9.026888847,0,3.17336201667786,0.684402704238892,10.8518810272217,2.49690294265747,60.199031829834,47.8739852905273,195.750366210938,63.2897644042969,2.80945682525635,0,0,
19,22.69560623,0,0,0,23.09231186,0,7.311140537,0,1.857843637,0,9.930148125,0,3.36474466323853,0.704623460769653,10.3732652664185,2.2592830657959,60.1442985534668,48.0451011657715,195.547180175781,60.3672714233398,2.57595062255859,0,0,
20,25.2269516,0,0,0,24.42550278,0,7.716601372,0,1.889626741,0,10.84630394,0,3.54859185218811,0.721891164779663,9.97927284240723,2.0600700378418,60.0009994506836,48.207088470459,195.343048095703,57.6002082824707,2.39203429222107,0,0,
21,29.05520821,0,0,0,24.7410984,0,7.862449646,0,1.917655945,0,11.77058697,0,3.71219778060913,0.736743569374084,9.64936256408691,1.89442980289459,59.7769050598145,48.3604736328125,195.138412475586,54.9852142333984,2.2448396682739298,0,0,
22,31.68746758,0,0,0,25.54036903,0,8.194024086,0,1.940038204,0,12.58361435,0,3.85678696632385,0.749426782131195,9.37108516693115,1.75760650634766,59.4794158935547,48.505500793457,194.933654785156,52.5152702331543,2.1260769367218,0,0,
23,34.35987473,0,0,0,26.32138443,0,8.5241642,0,1.961223602,0,13.4023819,0,3.99699211120605,0.760303676128387,9.14592266082764,1.64544451236725,59.115478515625,48.6435737609863,194.729095458984,50.1799697875977,2.03343963623047,0,0,
24,37.06394577,0,0,0,27.08391953,0,8.852270126,0,1.98175168,0,14.22427845,0,4.13375377655029,0.770017027854919,8.96889781951904,1.55481934547424,58.6914749145508,48.7760047912598,194.525085449219,47.9730415344238,1.96263563632965,0,0,
25,39.78913116,0,0,0,27.82708931,0,9.177505493,0,2.002058268,0,15.0461483,0,4.26776170730591,0.77900892496109,8.83525943756104,1.48298239707947,58.2133827209473,48.9039840698242,194.321960449219,45.8884582519531,1.9100444316864,0,0,
26,42.52914047,0,0,0,28.55115891,0,9.499547958,0,2.022523165,0,15.86620426,0,4.39952659606934,0.787596225738525,8.74051952362061,1.42751574516296,57.6867942810059,49.0286064147949,194.120056152344,43.9204292297363,1.87261343002319,0,0,
27,45.27350998,0,0,0,29.25517082,0,9.817572594,0,2.043410063,0,16.68145943,0,4.52941656112671,0.79601114988327,8.68046855926514,1.38629102706909,57.1169357299805,49.1508407592773,193.919692993164,42.0633964538574,1.84776830673218,0,0,
28,48.01809692,0,0,0,29.93980598,0,10.13148975,0,2.064952612,0,17.49089241,0,4.65769529342651,0.804426252841949,8.65119361877441,1.35743522644043,56.5086898803711,49.2715606689453,193.721130371094,40.3120269775391,1.83333969116211,0,0,
29,50.75669861,0,0,0,30.60505867,0,10.44094753,0,2.08729887,0,18.29290199,0,4.78456687927246,0.812970876693726,8.64909076690674,1.33930420875549,55.8666076660156,49.3915328979492,193.524673461914,38.6612091064453,1.8275032043457,0,0,
30,53.48103333,0,0,0,31.25039482,0,10.74535465,0,2.110518456,0,19.08532715,0,4.91014766693115,0.821735680103302,8.67083549499512,1.33044826984406,55.1949272155762,49.5114364624023,193.33056640625,37.1060371398926,1.82871997356415,0,0,
31,56.18703842,0,0,0,31.8762455,0,11.04457951,0,2.134662628,0,19.86728287,0,5.03449535369873,0.830781638622284,8.71338176727295,1.32959055900574,54.4975967407227,49.6318664550781,193.139053344727,35.6418113708496,1.83569324016571,0,0,
32,58.86858749,0,0,0,32.48249435,0,11.33825016,0,2.159720421,0,20.63731003,0,5.15762758255005,0.840146064758301,8.77395534515381,1.33560752868652,53.7782859802246,49.7533226013184,192.950332641602,34.2640228271484,1.84733211994171,0,0,
33,61.52163696,0,0,0,33.06945038,0,11.62620544,0,2.185663223,0,21.39457703,0,5.27952480316162,0.849846124649048,8.8500337600708,1.34750974178314,53.0404052734375,49.8762435913086,192.764602661133,32.9683570861816,1.86271870136261,0,0,
34,64.14426422,0,0,0,33.63780212,0,11.908494,0,2.212455988,0,22.13884926,0,5.40016078948975,0.859885454177856,8.93934726715088,1.3644300699234,52.2871170043945,50.0009956359863,192.58203125,31.7506732940674,1.88108468055725,0,0,
35,66.7303772,0,0,0,34.18727112,0,12.18470192,0,2.239999294,0,22.86872101,0,5.51948213577271,0.870254456996918,9.03984832763672,1.38560569286346,51.5213432312012,50.1278762817383,192.402770996094,30.6070213317871,1.9017847776413,0,0,
36,69.28013611,0,0,0,34.71890259,0,12.45507813,0,2.268242359,0,23.58457184,0,5.63742685317993,0.880934238433838,9.14970302581787,1.41036677360535,50.745792388916,50.2571296691895,192.226959228516,29.533618927002,1.92427885532379,0,0,
37,71.78540039,0,0,0,35.23190689,0,12.71895599,0,2.297030687,0,24.28442001,0,5.75390720367432,0.891896367073059,9.26725959777832,1.43812274932861,49.9629669189453,50.3889503479004,192.054718017578,28.5268440246582,1.94811356067657,0,0,
38,74.24842834,0,0,0,35.72761917,0,12.97677326,0,2.326316833,0,24.96920967,0,5.86882638931274,0.903106987476349,9.39104080200195,1.46835398674011,49.1751708984375,50.5234756469727,191.886154174805,27.5832290649414,1.97290945053101,0,0,
39,76.66731262,0,0,0,36.2064476,0,13.22849941,0,2.356004715,0,25.63869858,0,5.98212385177612,0.91453492641449,9.51975440979004,1.50061082839966,48.384521484375,50.6608085632324,191.721343994141,26.6994781494141,1.99835479259491,0,0,
40,79.03601074,0,0,0,36.66795731,0,13.47367191,0,2.385941505,0,26.29149628,0,6.09370279312134,0.926140666007996,9.65223693847656,1.53449380397797,47.5929679870605,50.8010215759277,191.560348510742,25.8724269866943,2.0241870880127,0,0,
41,81.35678101,0,0,0,37.11328125,0,13.71267414,0,2.416076899,0,26.92849159,0,6.20346927642822,0.937884330749512,9.78745937347412,1.56965291500092,46.8022956848145,50.9441337585449,191.403228759766,25.0990581512451,2.05018854141235,0,0,
42,83.62770844,0,0,0,37.54273605,0,13.94544411,0,2.446310043,0,27.5494175,0,6.31135702133179,0.949730634689331,9.92452621459961,1.60578548908234,46.0141296386719,51.0901489257813,191.250045776367,24.3764934539795,2.07618260383606,0,0,
43,85.84896088,0,0,0,37.95692444,0,14.17212296,0,2.476569414,0,28.15454865,0,6.4173059463501,0.96164470911026,10.0626554489136,1.64262771606445,45.2299613952637,51.2390480041504,191.100814819336,23.7019920349121,2.10202479362488,0,0,
44,88.01660156,0,0,0,38.35572433,0,14.39242744,0,2.506730318,0,28.74304581,0,6.52124404907227,0.973589837551117,10.201153755188,1.67994737625122,44.4511451721191,51.3907814025879,190.95556640625,23.0729351043701,2.1275954246521,0,0,
45,90.13282776,0,0,0,38.74004745,0,14.60668087,0,2.536754608,0,29.31570625,0,6.6231050491333,0.985531270503998,10.3394193649292,1.71754157543182,43.6789054870605,51.545280456543,190.814300537109,22.4868202209473,2.15279769897461,0,0,
46,92.19779205,0,0,0,39.1104126,0,14.81499386,0,2.566581964,0,29.872768400000002,0,6.72285509109497,0.997441232204437,10.4769401550293,1.75523817539215,42.9143486022949,51.7024612426758,190.677017211914,21.9412784576416,2.17755675315857,0,0,
47,94.20755768,0,0,0,39.46658325,0,15.01706409,0,2.596095324,0,30.41335297,0,6.8204402923584,1.00928843021393,10.6132669448853,1.79288423061371,42.1584777832031,51.8622283935547,190.543701171875,21.4340381622314,2.20181035995483,0,0,
48,96.16636658,0,0,0,39.80978012,0,15.21339607,0,2.625300884,0,30.93877792,0,6.91582107543945,1.02104580402374,10.7480134963989,1.83034825325012,41.4121856689453,52.0244750976563,190.414337158203,20.9629459381104,2.22551155090332,0,0,
49,98.07435608,0,0,0,40.14038849,0,15.40407276,0,2.654150009,0,31.44922829,0,7.00899648666382,1.03269457817078,10.8808698654175,1.86752223968506,40.67626953125,52.189079284668,190.288925170898,20.5259552001953,2.24862766265869,0,0,
50,99.92757416,0,0,0,40.45810318,0,15.58876705,0,2.682535887,0,31.94379234,0,7.09993505477905,1.04421067237854,11.0115594863892,1.90430903434753,39.9514350891113,52.3559188842773,190.167419433594,20.121114730835,2.27113151550293,0,0,
51,101.7302399,0,0,0,40.76400757,0,15.76796246,0,2.710477829,0,32.42372894,0,7.18861293792725,1.05557286739349,11.1398515701294,1.94062519073486,39.2383079528809,52.5248603820801,190.0498046875,19.7465629577637,2.29300427436829,0,0,
52,103.4824753,0,0,0,41.05842972,0,15.94172668,0,2.737938643,0,32.88920593,0,7.27504253387451,1.06676805019379,11.2655658721924,1.97640430927277,38.5374336242676,52.6957626342773,189.93603515625,19.4005451202393,2.3142366409301798,0,0,
53,105.1823654,0,0,0,41.34138489,0,16.10991859,0,2.764851809,0,33.33982468,0,7.35921335220337,1.07777965068817,11.3885498046875,2.01158738136292,37.8492889404297,52.8684921264648,189.826065063477,19.0813789367676,2.33482193946838,0,0,
54,106.8320618,0,0,0,41.61347961,0,16.27279854,0,2.791215897,0,33.77626038,0,7.44112062454224,1.08859252929688,11.5086784362793,2.04612421989441,37.1742706298828,53.0429039001465,189.719848632813,18.7874717712402,2.3547580242157,0,0,
55,108.4337158,0,0,0,41.87533188,0,16.4306221,0,2.817035675,0,34.19917297,0,7.52078580856323,1.09919857978821,11.6258659362793,2.07997727394104,36.5127296447754,53.2188529968262,189.61735534668,18.5173149108887,2.37404823303223,0,0,
56,109.9874268,0,0,0,42.12723923,0,16.58343697,0,2.842285156,0,34.60869598,0,7.59823799133301,1.10959136486053,11.7400503158569,2.11311674118042,35.8649444580078,53.3961982727051,189.518508911133,18.2694816589355,2.39270043373108,0,0,
57,111.4932938,0,0,0,42.36939621,0,16.731287,0,2.86694026,0,35.00492477,0,7.67349672317505,1.11976301670074,11.851188659668,2.14551758766174,35.2311477661133,53.5747985839844,189.423278808594,18.0426139831543,2.41072273254395,0,0,
58,112.9514389,0,0,0,42.60206223,0,16.87421608,0,2.890979528,0,35.38797379,0,7.74657583236694,1.12970507144928,11.95924949646,2.17715954780579,34.6115188598633,53.7545127868652,189.331588745117,17.8354206085205,2.42812442779541,0,0,
59,114.3639297,0,0,0,42.82574844,0,17.01245308,0,2.914416075,0,35.75845718,0,7.81749677658081,1.13941216468811,12.0642194747925,2.20802760124207,34.0061950683594,53.9352035522461,189.243392944336,17.6466770172119,2.44491696357727,0,0,
60,115.732933,0,0,0,43.04098511,0,17.14624405,0,2.937266827,0,36.11700821,0,7.88630390167236,1.14888381958008,12.1661062240601,2.23811435699463,33.4152679443359,54.1167335510254,189.158630371094,17.4752311706543,2.46111488342285,0,0,
61,117.0564728,0,0,0,43.24764252,0,17.27541161,0,2.959481716,0,36.46317673,0,7.95302724838257,1.15811717510223,12.2649269104004,2.267413854599,32.8387908935547,54.2989730834961,189.077239990234,17.3199882507324,2.4767324924469,0,0,
62,118.3386917,0,0,0,43.44648361,0,17.4003849,0,2.981113672,0,36.79808044,0,8.01770210266113,1.16711068153381,12.3607053756714,2.29592394828796,32.276782989502,54.4817848205566,188.999145507813,17.1799125671387,2.49178433418274,0,0,
63,119.5776367,0,0,0,43.63739395,0,17.52099609,0,3.002116919,0,37.12128067,0,8.08036613464355,1.17586398124695,12.4534759521484,2.32364583015442,31.7292308807373,54.6650505065918,188.924331665039,17.0540218353271,2.50628590583801,0,0,
64,120.7753983,0,0,0,43.82082367,0,17.63746643,0,3.022513151,0,37.43336868,0,8.14104747772217,1.18437492847443,12.5432758331299,2.35058116912842,31.1960868835449,54.8486442565918,188.85270690918,16.941385269165,2.52025198936462,0,0,
65,121.9340591,0,0,0,43.9971962,0,17.75000763,0,3.042325258,0,37.73491669,0,8.19979190826416,1.19264626502991,12.6301555633545,2.3767366409301798,30.6772804260254,55.0324478149414,188.784210205078,16.8411254882813,2.53369903564453,0,0,
66,123.053688,0,0,0,44.16665649,0,17.85865211,0,3.061544895,0,38.02598953,0,8.25664710998535,1.20068085193634,12.7141695022583,2.40212035179138,30.1727142333984,55.2163467407227,188.718780517578,16.7524166107178,2.54664373397827,0,0,
67,124.1363525,0,0,0,44.32962036,0,17.96360779,0,3.080198288,0,38.30716705,0,8.31165790557861,1.20848166942596,12.7953777313232,2.42674279212952,29.6822719573975,55.4002265930176,188.656356811523,16.6744785308838,2.55910205841064,0,0,
68,125.1821365,0,0,0,44.48617172,0,18.06489372,0,3.098276854,0,38.57849121,0,8.3648738861084,1.21605205535889,12.8738422393799,2.45061540603638,29.2058124542236,55.5839881896973,188.596862792969,16.606575012207,2.57109093666077,0,0,
69,126.19104,0,0,0,44.63645172,0,18.16252899,0,3.115774155,0,38.8400116,0,8.41632556915283,1.22339272499084,12.9496231079102,2.47374868392944,28.7431793212891,55.7675285339355,188.540267944336,16.5480041503906,2.58262467384338,0,0,
70,127.1671829,0,0,0,44.78113174,0,18.25691605,0,3.132754087,0,39.09280777,0,8.46606540679932,1.23050880432129,13.0227880477905,2.49615669250488,28.2941989898682,55.9507484436035,188.486511230469,16.4981098175049,2.59371972084045,0,0,
71,128.1065674,0,0,0,44.91969299,0,18.34767914,0,3.149139643,0,39.33587646,0,8.51412963867188,1.23740196228027,13.0934009552002,2.51785206794739,27.8586845397949,56.1335601806641,188.435516357422,16.4562683105469,2.60438990592957,0,0,
72,129.0153046,0,0,0,45.05313873,0,18.43541908,0,3.165032864,0,39.5708313,0,8.56055641174316,1.24407577514648,13.1615285873413,2.53884840011597,27.4364337921143,56.3158645629883,188.387222290039,16.421895980835,2.6146502494812,0,0,
73,129.8913879,0,0,0,45.18122482,0,18.51994705,0,3.180392265,0,39.79715729,0,8.60540294647217,1.25053715705872,13.2272434234619,2.55916213989258,27.0272350311279,56.4975852966309,188.341583251953,16.3944435119629,2.624516248703,0,0,
74,130.7388916,0,0,0,45.30461884,0,18.6016655,0,3.195285082,0,40.01594162,0,8.64871978759766,1.25679230690002,13.2906179428101,2.5788106918335,26.6308650970459,56.678638458252,188.29850769043,16.3733997344971,2.63400268554688,0,0,
75,131.553833,0,0,0,45.42276382,0,18.68019867,0,3.209637165,0,40.2261734,0,8.69054698944092,1.26284444332123,13.3517189025879,2.5978090763092,26.2470951080322,56.8589553833008,188.25798034668,16.3582744598389,2.64312338829041,0,0,
76,132.3402557,0,0,0,45.53633499,0,18.75593185,0,3.223514557,0,40.42890549,0,8.73090839385986,1.2686939239502,13.410608291626,2.61617064476013,25.8756847381592,57.0384521484375,188.219940185547,16.3486003875732,2.65189003944397,0,0,
77,133.1002197,0,0,0,45.6456871,0,18.8290863,0,3.23695159,0,40.62469864,0,8.76986598968506,1.27435040473938,13.4673614501953,2.63391447067261,25.5163917541504,57.2170677185059,188.184310913086,16.3439540863037,2.66031718254089,0,0,
78,133.8317261,0,0,0,45.750556949999996,0,18.89946365,0,3.249908924,0,40.81304169,0,8.80746173858643,1.27981853485107,13.522045135498,2.65105676651001,25.1689643859863,57.3947372436523,188.15104675293,16.3439311981201,2.66841745376587,0,0,
79,134.53683470000001,0,0,0,45.85128403,0,18.96726418,0,3.262419701,0,40.99447632,0,8.84372615814209,1.2851003408432,13.5747222900391,2.66761231422424,24.8331508636475,57.5713996887207,188.120101928711,16.3481483459473,2.67620253562927,0,0,
80,135.2155457,0,0,0,45.94791412,0,19.03249741,0,3.274480581,0,41.16901779,0,8.87869453430176,1.29019975662231,13.6254539489746,2.68359589576721,24.5086917877197,57.746997833252,188.091415405273,16.3562431335449,2.68368315696716,0,0,
81,135.8719025,0,0,0,46.04105377,0,19.09555244,0,3.286162853,0,41.33772659,0,8.9124174118042,1.29512465000153,13.6743087768555,2.69902563095093,24.1953296661377,57.9214744567871,188.064926147461,16.3678874969482,2.69087195396423,0,0,
82,136.503952,0,0,0,46.13050079,0,19.15625381,0,3.297429085,0,41.50011063,0,8.94494819641113,1.29988276958466,13.7213544845581,2.71391940116882,23.8928031921387,58.0947799682617,188.040603637695,16.3827705383301,2.6977815628051798,0,0,
83,137.1116638,0,0,0,46.21622086,0,19.21459007,0,3.308275461,0,41.65615082,0,8.9763069152832,1.30447447299957,13.7666463851929,2.72829103469849,23.6008491516113,58.2668724060059,188.01838684082,16.4005928039551,2.70442080497742,0,0,
84,137.697113,0,0,0,46.29857635,0,19.2707653,0,3.318738222,0,41.80641556,0,9.00652408599854,1.30890285968781,13.8102416992188,2.74215459823608,23.3192043304443,58.4377021789551,187.99821472168,16.4210758209229,2.7107994556427,0,0,
85,138.2622833,0,0,0,46.37783813,0,19.32497597,0,3.328850269,0,41.95140457,0,9.03564739227295,1.31317591667175,13.852201461792,2.75552678108215,23.0476093292236,58.6072273254395,187.980056762695,16.4439678192139,2.71692824363709,0,0,
86,138.8072357,0,0,0,46.45408249,0,19.377231599999998,0,3.33861208,0,42.09114838,0,9.06372547149658,1.31730091571808,13.8925886154175,2.76842498779297,22.7858009338379,58.7754135131836,187.9638671875,16.4690322875977,2.72281837463379,0,0,
87,139.3299408,0,0,0,46.5270195,0,19.42733955,0,3.347985506,0,42.22513199,0,9.09077835083008,1.32127857208252,13.931453704834,2.7808620929718,22.533519744873,58.9422264099121,187.949584960938,16.496036529541,2.72847747802734,0,0,
88,139.8344421,0,0,0,46.59726334,0,19.47568321,0,3.357041597,0,42.35439682,0,9.11683368682861,1.32511210441589,13.968846321106,2.7928512096405,22.2905082702637,59.1076354980469,187.937164306641,16.5247707366943,2.7339141368866,0,0,
89,140.320755,0,0,0,46.66477203,0,19.52227211,0,3.365779877,0,42.47895432,0,9.14193916320801,1.32880961894989,14.0048236846924,2.80440902709961,22.0565071105957,59.2716064453125,187.926559448242,16.5550441741943,2.73913788795471,0,0,
90,140.7889099,0,0,0,46.72966003,0,19.56711388,0,3.374199629,0,42.59882355,0,9.16612720489502,1.33237552642822,14.0394401550293,2.81554985046387,21.8312644958496,59.4341087341309,187.917770385742,16.5866718292236,2.74415707588196,0,0,
91,141.2388611,0,0,0,46.79185104,0,19.61019325,0,3.382298708,0,42.71398544,0,9.18942356109619,1.33581209182739,14.0727396011353,2.82628631591797,21.6145286560059,59.5951232910156,187.910690307617,16.6194858551025,2.74897933006287,0,0,
92,141.6726532,0,0,0,46.85171127,0,19.65171814,0,3.390113831,0,42.82497787,0,9.2118558883667,1.33912336826324,14.1047697067261,2.83663153648376,21.4060535430908,59.7546272277832,187.905319213867,16.6533241271973,2.75361251831055,0,0,
93,142.0903473,0,0,0,46.90921783,0,19.69169426,0,3.39764452,0,42.9318161,0,9.23346042633057,1.34231519699097,14.1355800628662,2.84659934043884,21.2055931091309,59.91259765625,187.901611328125,16.6880474090576,2.75806379318237,0,0,
94,142.4918823,0,0,0,46.96438599,0,19.73011017,0,3.404889107,0,43.03448868,0,9.25426292419434,1.34539020061493,14.1652126312256,2.85620188713074,21.0129089355469,60.0690155029297,187.899520874023,16.7235126495361,2.76234030723572,0,0,
95,142.8772736,0,0,0,47.01726913,0,19.76698112,0,3.411848307,0,43.13301086,0,9.2742805480957,1.3483499288559,14.1937084197998,2.86544966697693,20.8277626037598,60.2238655090332,187.899002075195,16.7595901489258,2.76644802093506,0,0,
96,143.2505798,0,0,0,47.06835556,0,19.80267906,0,3.418592691,0,43.228405,0,9.29355144500732,1.35120165348053,14.2211112976074,2.874356508255,20.6499195098877,60.3771324157715,187.900039672852,16.7961673736572,2.77039432525635,0,0,
97,143.6077881,0,0,0,47.11719513,0,19.83683777,0,3.425051451,0,43.31967545,0,9.31210613250732,1.3539491891861,14.2474641799927,2.88293480873108,20.479154586792,60.5288047790527,187.902557373047,16.833137512207,2.7741858959198,0,0,
98,143.9528961,0,0,0,47.16427612,0,19.86983109,0,3.431293964,0,43.40782166,0,9.32996368408203,1.35659468173981,14.2728042602539,2.89119482040405,20.3152408599854,60.6788673400879,187.906555175781,16.8703994750977,2.77782845497131,0,0,
99,144.2839203,0,0,0,47.20937347,0,19.90147018,0,3.437286377,0,43.49235535,0,9.34715270996094,1.35914242267609,14.2971696853638,2.89914798736572,20.1579570770264,60.8273124694824,187.911987304688,16.9078598022461,2.78132772445679,0,0,
100,144.6028442,0,0,0,47.25275803,0,19.93194962,0,3.443062305,0,43.57377625,0,9.36369037628174,1.36159455776215,14.320595741272,2.90680456161499,20.0070915222168,60.9741363525391,187.918792724609,16.9454326629639,2.78468918800354,0,0,
101,144.9096832,0,0,0,47.29444122,0,19.96127319,0,3.448622465,0,43.65209579,0,9.37960624694824,1.36395561695099,14.3431186676025,2.91417527198792,19.8624305725098,61.119327545166,187.926971435547,16.9830417633057,2.78791856765747,0,0,
102,145.204483,0,0,0,47.33441925,0,19.9894352,0,3.453966856,0,43.72732544,0,9.39491939544678,1.36622822284698,14.3647718429565,2.92126989364624,19.7237682342529,61.2628784179688,187.936477661133,17.0206127166748,2.79102063179016,0,0,
103,145.489212,0,0,0,47.37297058,0,20.01663399,0,3.459130764,0,43.79996872,0,9.40965747833252,1.36841642856598,14.3855895996094,2.92809915542603,19.5909042358398,61.4047927856445,187.947280883789,17.0580825805664,2.79400110244751,0,0,
104,145.7618713,0,0,0,47.40985107,0,20.04267502,0,3.464079142,0,43.86952209,0,9.4238395690918,1.37052321434021,14.4056034088135,2.93467211723328,19.4636402130127,61.5450668334961,187.959335327148,17.0953922271729,2.79686450958252,0,0,
105,146.0244751,0,0,0,47.44533157,0,20.06775475,0,3.468846083,0,43.93649292,0,9.43747901916504,1.37254953384399,14.424840927124,2.94099712371826,19.3417835235596,61.6836891174316,187.972625732422,17.1324825286865,2.79961466789246,0,0,
106,146.2790375,0,0,0,47.47969437,0,20.092062,0,3.473469496,0,44.00140762,0,9.45061302185059,1.3745025396347,14.443338394165,2.94708585739136,19.2251472473145,61.8206748962402,187.98713684082,17.1693134307861,2.80225801467896,0,0,
107,146.5215759,0,0,0,47.51239777,0,20.11521721,0,3.477876425,0,44.06324768,0,9.46325397491455,1.37638330459595,14.4611234664917,2.95294642448425,19.1135482788086,61.9560127258301,188.002792358398,17.2058353424072,2.80479836463928,0,0,
108,146.7560272,0,0,0,47.5439682,0,20.13759995,0,3.482137918,0,44.12300491,0,9.47541046142578,1.37819182872772,14.4782190322876,2.95858526229858,19.0068111419678,62.0897102355957,188.019607543945,17.2420043945313,2.80723857879639,0,0,
109,146.9804535,0,0,0,47.57413101,0,20.15901756,0,3.486218452,0,44.18020248,0,9.48710346221924,1.37993156909943,14.4946517944336,2.96401047706604,18.9047603607178,62.2217712402344,188.037521362305,17.2777843475342,2.80958294868469,0,0,
110,147.1968536,0,0,0,47.60320282,0,20.17967224,0,3.490154505,0,44.23534775,0,9.49834537506104,1.3816043138504,14.5104455947876,2.96922969818115,18.8072280883789,62.3521957397461,188.056533813477,17.3131408691406,2.81183457374573,0,0,
111,147.4052124,0,0,0,47.63114929,0,20.19955254,0,3.493945122,0,44.28842926,0,9.5091609954834,1.38321447372437,14.5256280899048,2.97425103187561,18.7140483856201,62.4809913635254,188.076614379883,17.3480472564697,2.8139979839325,0,0,
112,147.6035309,0,0,0,47.65776825,0,20.21848106,0,3.497554541,0,44.33895493,0,9.51955223083496,1.38476097583771,14.5402164459229,2.97907996177673,18.6250648498535,62.6081581115723,188.097717285156,17.3824710845947,2.81607556343079,0,0,
113,147.7958374,0,0,0,47.68352127,0,20.23682785,0,3.501055717,0,44.38793564,0,9.5295352935791,1.38624668121338,14.5542335510254,2.98372340202332,18.5401210784912,62.7337074279785,188.119827270508,17.416389465332,2.81807065010071,0,0,
114,147.9821167,0,0,0,47.70845795,0,20.25460052,0,3.504448414,0,44.43538666,0,9.53914928436279,1.38767945766449,14.5677099227905,2.98819160461426,18.4590644836426,62.8576469421387,188.142929077148,17.4497890472412,2.81998825073242,0,0,
115,148.158371,0,0,0,47.73202133,0,20.2714119,0,3.50765872,0,44.48026276,0,9.54839420318604,1.38905715942383,14.580662727356,2.99248909950256,18.3817501068115,62.9799766540527,188.166976928711,17.4826488494873,2.82183027267456,0,0,
116,148.3305969,0,0,0,47.75503922,0,20.2878418,0,3.510796547,0,44.52411652,0,9.55728244781494,1.39038181304932,14.5931091308594,2.99662208557129,18.3080368041992,63.1007080078125,188.191970825195,17.5149536132813,2.82360005378723,0,0,
117,148.494812,0,0,0,47.77694702,0,20.30350113,0,3.513789177,0,44.56591797,0,9.56583786010742,1.39165794849396,14.605073928833,3.00059819221497,18.2377872467041,63.2198524475098,188.217864990234,17.5466957092285,2.82530069351196,0,0,
118,148.6529846,0,0,0,47.79805374,0,20.31859016,0,3.516672611,0,44.6061821,0,9.57406234741211,1.39288461208344,14.6165733337402,3.00442242622375,18.1708679199219,63.3374176025391,188.244659423828,17.5778579711914,2.82693433761597,0,0,
119,148.8051605,0,0,0,47.81835175,0,20.33310318,0,3.519447327,0,44.64492035,0,9.5819730758667,1.39406454563141,14.6276254653931,3.00810027122498,18.1071491241455,63.4534111022949,188.272323608398,17.6084327697754,2.82850408554077,0,0,
120,148.9513245,0,0,0,47.83783722,0,20.34704208,0,3.522113323,0,44.68212509,0,9.58958053588867,1.39519953727722,14.6382484436035,3.01163744926453,18.0465068817139,63.5678520202637,188.300827026367,17.6384162902832,2.83001255989075,0,0,
121,149.0914612,0,0,0,47.85648727,0,20.36040497,0,3.524669886,0,44.7177887,0,9.59689140319824,1.39629006385803,14.6484575271606,3.01503849029541,17.9888191223145,63.6807403564453,188.330139160156,17.6677989959717,2.83146142959595,0,0,
122,149.2256012,0,0,0,47.87433243,0,20.37319374,0,3.527117014,0,44.75191879,0,9.60391044616699,1.39733672142029,14.6582641601563,3.01830768585205,17.9339656829834,63.7920913696289,188.360244750977,17.6965751647949,2.832852602005,0,0,
123,149.3557129,0,0,0,47.89163589,0,20.38559914,0,3.529491186,0,44.78502274,0,9.61065769195557,1.39834308624268,14.6676874160767,3.02145051956177,17.8818378448486,63.9019088745117,188.391143798828,17.7247467041016,2.83418869972229,0,0,
124,149.4798126,0,0,0,47.90812302,0,20.39743042,0,3.531756401,0,44.81659698,0,9.61714458465576,1.39931094646454,14.6767425537109,3.0244722366333,17.8323230743408,64.0102081298828,188.422805786133,17.7523097991943,2.83547210693359,0,0,
125,149.5999146,0,0,0,47.92409515,0,20.40888214,0,3.533949137,0,44.84715271,0,9.62337970733643,1.40024125576019,14.6854429244995,3.0273771286010702,17.7853164672852,64.1170120239258,188.455200195313,17.7792663574219,2.83670520782471,0,0,
126,149.7159882,0,0,0,47.9394722,0,20.41994286,0,3.536067486,0,44.87667084,0,9.62938213348389,1.40113794803619,14.6938066482544,3.03017139434814,17.7407150268555,64.2223281860352,188.488327026367,17.8056182861328,2.837890625,0,0,
127,149.8260803,0,0,0,47.95407867,0,20.43043518,0,3.538077831,0,44.90467453,0,9.63515281677246,1.40199983119965,14.7018442153931,3.03285789489746,17.6984195709229,64.3261566162109,188.522155761719,17.8313694000244,2.83902931213379,0,0,
128,149.9341431,0,0,0,47.96842575,0,20.44073677,0,3.540051937,0,44.93216324,0,9.64070510864258,1.4028297662735,14.709568977356,3.03544163703918,17.6583347320557,64.4285202026367,188.556640625,17.8565216064453,2.84012389183044,0,0,
129,150.0362091,0,0,0,47.98194885,0,20.45046425,0,3.541916132,0,44.95811844,0,9.64604949951172,1.40362906455994,14.7169961929321,3.03792715072632,17.6203689575195,64.5294494628906,188.591812133789,17.8810844421387,2.8411762714386,0,0,
130,150.1342621,0,0,0,47.99494553,0,20.45981026,0,3.543707609,0,44.98305511,0,9.65117931365967,1.40439510345459,14.7241315841675,3.04031562805176,17.5844306945801,64.6289291381836,188.627639770508,17.9050521850586,2.84218668937683,0,0,
131,150.2283173,0,0,0,48.00738144,0,20.4687748,0,3.545425892,0,45.00696945,0,9.65610313415527,1.40512990951538,14.7309846878052,3.04261064529419,17.5504341125488,64.7269897460938,188.664093017578,17.9284324645996,2.84315705299377,0,0,
132,150.3203583,0,0,0,48.0195694,0,20.47754288,0,3.547107935,0,45.03037262,0,9.66084098815918,1.40583777427673,14.7375726699829,3.04481768608093,17.5182971954346,64.8236312866211,188.701171875,17.9512348175049,2.84408926963806,0,0,
133,150.4063873,0,0,0,48.03094864,0,20.48574066,0,3.548679829,0,45.05224228,0,9.66539287567139,1.40651774406433,14.7439031600952,3.0469388961792,17.4879417419434,64.9188842773438,188.738830566406,17.9734630584717,2.84498476982117,0,0,
134,150.4904327,0,0,0,48.042076110000004,0,20.49375343,0,3.550216436,0,45.07361603,0,9.66975879669189,1.40716934204102,14.749981880188,3.0489764213562,17.4592876434326,65.0127487182617,188.777069091797,17.9951229095459,2.84584426879883,0,0,
135,150.5724792,0,0,0,48.05293655,0,20.50157166,0,3.551716328,0,45.09447479,0,9.6739673614502,1.40779888629913,14.7558279037476,3.0509366989135702,17.4322605133057,65.1052398681641,188.815887451172,18.0162296295166,2.84667110443115,0,0,
136,150.6484985,0,0,0,48.06297684,0,20.50881767,0,3.55310607,0,45.11380005,0,9.67800998687744,1.40840315818787,14.7614440917969,3.05282092094421,17.4067897796631,65.1963806152344,188.855255126953,18.0367870330811,2.84746551513672,0,0,
137,150.7245178,0,0,0,48.072990419999996,0,20.51605415,0,3.554495811,0,45.13311768,0,9.68189430236816,1.40898370742798,14.7668399810791,3.05463171005249,17.3828067779541,65.2861785888672,188.895156860352,18.0568027496338,2.84822821617126,0,0,
138,150.796524,0,0,0,48.08251572,0,20.5229187,0,3.555812597,0,45.15142441,0,9.68564033508301,1.40954482555389,14.7720289230347,3.05637431144714,17.3602447509766,65.3746566772461,188.935577392578,18.0762901306152,2.84896230697632,0,0,
139,150.8645477,0,0,0,48.09150696,0,20.52939987,0,3.557056904,0,45.16871643,0,9.68923473358154,1.41008222103119,14.7770137786865,3.05804872512817,17.339038848877,65.4618148803711,188.976516723633,18.095251083374,2.84966731071472,0,0,
140,150.9305725,0,0,0,48.10021973,0,20.53569221,0,3.558264256,0,45.18549347,0,9.69268035888672,1.41059672832489,14.7818012237549,3.05965662002563,17.3191299438477,65.5476760864258,189.017944335938,18.1136951446533,2.85034394264221,0,0,
141,150.9945831,0,0,0,48.1086731,0,20.54178429,0,3.559435368,0,45.20176315,0,9.69599437713623,1.41109204292297,14.7864017486572,3.06120228767395,17.3004550933838,65.6322555541992,189.059844970703,18.1316337585449,2.85099411010742,0,0,
142,151.0545807,0,0,0,48.11656189,0,20.54750061,0,3.560532331,0,45.21700668,0,9.69917392730713,1.41156709194183,14.7908210754395,3.06268715858459,17.282958984375,65.7155609130859,189.10221862793,18.1490726470947,2.85161805152893,0,0,
143,151.1145935,0,0,0,48.12450409,0,20.55322266,0,3.561630726,0,45.23226547,0,9.70223236083984,1.41202437877655,14.7950677871704,3.0641145706176798,17.2665882110596,65.7976150512695,189.145050048828,18.1660251617432,2.85221791267395,0,0,
144,151.1706085,0,0,0,48.13188934,0,20.55855942,0,3.562655449,0,45.24649811,0,9.70517826080322,1.41246545314789,14.7991495132446,3.06548738479614,17.2512893676758,65.8784332275391,189.18830871582,18.1825046539307,2.85279488563538,0,0,
145,151.2246246,0,0,0,48.13899612,0,20.56370354,0,3.563643456,0,45.26022339,0,9.70800399780273,1.41288793087006,14.8030700683594,3.06680607795715,17.2370109558105,65.9580230712891,189.231994628906,18.1985149383545,2.85334873199463,0,0,
146,151.2766266,0,0,0,48.14583969,0,20.56865501,0,3.564594984,0,45.27343369,0,9.71071815490723,1.41329348087311,14.8068361282349,3.0680730342865,17.223705291748,66.0363998413086,189.276092529297,18.2140655517578,2.85388040542603,0,0,
147,151.3266296,0,0,0,48.15242767,0,20.57341766,0,3.565510035,0,45.28614426,0,9.71332454681396,1.41368317604065,14.8104543685913,3.06929039955139,17.2113246917725,66.1135787963867,189.320617675781,18.2291698455811,2.85439109802246,0,0,
148,151.3746338,0,0,0,48.15874863,0,20.57798958,0,3.566388607,0,45.29833984,0,9.71582984924316,1.41405785083771,14.8139314651489,3.07046008110046,17.1998271942139,66.189582824707,189.365524291992,18.2438335418701,2.85488176345825,0,0,
149,151.4206238,0,0,0,48.16479492,0,20.58236885,0,3.567229986,0,45.31002045,0,9.71823501586914,1.4144172668457,14.8172702789307,3.07158398628235,17.1891670227051,66.2644195556641,189.410827636719,18.2580680847168,2.85535287857056,0,0,
150,151.466629,0,0,0,48.17088318,0,20.58675194,0,3.568072557,0,45.32171249,0,9.72055721282959,1.41476547718048,14.8204822540283,3.07266545295715,17.1793041229248,66.3381042480469,189.456497192383,18.2718868255615,2.85580635070801,0,0,
151,151.5086212,0,0,0,48.17640686,0,20.59075356,0,3.568840981,0,45.33238602,0,9.72279357910156,1.41510093212128,14.8235721588135,3.07370591163635,17.1701965332031,66.4106521606445,189.502517700195,18.2853012084961,2.85624265670776,0,0,
152,151.5506287,0,0,0,48.18190384,0,20.594753269999998,0,3.569609404,0,45.3430481,0,9.72494220733643,1.41542267799377,14.8265399932861,3.0747058391571,17.161808013916,66.4820785522461,189.548889160156,18.2983169555664,2.85666155815125,0,0,
153,151.5886383,0,0,0,48.18692398,0,20.59837341,0,3.570305586,0,45.35270691,0,9.72700119018555,1.41573047637939,14.8293895721436,3.07566618919373,17.1541042327881,66.5523910522461,189.595581054688,18.310941696167,2.85706377029419,0,0,
154,151.6266174,0,0,0,48.19190598,0,20.60199165,0,3.571000814,0,45.36235809,0,9.72896957397461,1.41602408885956,14.832124710083,3.07658743858337,17.1470489501953,66.6216049194336,189.642623901367,18.3231811523438,2.8574495315551798,0,0,
155,151.6646118,0,0,0,48.19690323,0,20.60560799,0,3.571696043,0,45.37200165,0,9.73087501525879,1.41630971431732,14.8347568511963,3.07747459411621,17.1406059265137,66.6897354125977,189.689971923828,18.3350563049316,2.85782098770142,0,0,
156,151.6986084,0,0,0,48.20137787,0,20.60884666,0,3.572318554,0,45.38063812,0,9.73270702362061,1.41658437252045,14.837287902832,3.07832765579224,17.1347465515137,66.7568054199219,189.73762512207,18.3465709686279,2.85817813873291,0,0,
157,151.7326202,0,0,0,48.20586777,0,20.61208534,0,3.572942019,0,45.38928986,0,9.73446178436279,1.41684675216675,14.8397169113159,3.07914662361145,17.1294384002686,66.8228225708008,189.785568237305,18.3577327728271,2.85852074623108,0,0,
158,151.7646027,0,0,0,48.21006393,0,20.61513138,0,3.573527098,0,45.39740753,0,9.73614883422852,1.41709899902344,14.8420515060425,3.07993364334106,17.1246547698975,66.887809753418,189.83381652832,18.3685493469238,2.85885000228882,0,0,
159,151.7966003,0,0,0,48.21427155,0,20.61818123,0,3.574113369,0,45.40554047,0,9.73777389526367,1.41734230518341,14.844295501709,3.08069062232971,17.1203632354736,66.9517593383789,189.88232421875,18.379035949707,2.85916662216187,0,0,
160,151.8265991,0,0,0,48.21821594,0,20.62103462,0,3.574662447,0,45.41315842,0,9.73934078216553,1.41757750511169,14.846453666687,3.08141922950745,17.1165409088135,67.0146942138672,189.931121826172,18.3891983032227,2.85947179794312,0,0,
161,151.8545837,0,0,0,48.22190857,0,20.6237011,0,3.575175524,0,45.42026901,0,9.74083995819092,1.41780173778534,14.8485260009766,3.08211851119995,17.1131610870361,67.0766296386719,189.980178833008,18.3990421295166,2.85976457595825,0,0,
162,151.8825836,0,0,0,48.22558212,0,20.62636948,0,3.575688124,0,45.42738342,0,9.74227809906006,1.41801679134369,14.8505172729492,3.08279013633728,17.1101989746094,67.1375885009766,190.029479980469,18.408576965332,2.86004543304443,0,0,
163,151.9085846,0,0,0,48.22896957,0,20.62883949,0,3.576163769,0,45.43397903,0,9.74365997314453,1.41822326183319,14.8524293899536,3.08343529701233,17.107629776001,67.1975784301758,190.079040527344,18.4178104400635,2.86031484603882,0,0,
164,151.9345856,0,0,0,48.23240662,0,20.63132095,0,3.576640368,0,45.44058609,0,9.74498748779297,1.41842198371887,14.8542671203613,3.08405542373657,17.105432510376,67.2566070556641,190.128814697266,18.4267539978027,2.8605740070343,0,0,
165,151.9585724,0,0,0,48.23556519,0,20.63360596,0,3.577079773,0,45.44667816,0,9.74626350402832,1.41861295700073,14.8560333251953,3.08465123176575,17.1035861968994,67.3146896362305,190.178817749023,18.4354152679443,2.86082291603088,0,0,
166,151.9825592,0,0,0,48.23870468,0,20.63589096,0,3.577519178,0,45.45277405,0,9.74748992919922,1.41879653930664,14.8577308654785,3.08522391319275,17.1020679473877,67.3718414306641,190.229049682617,18.4437999725342,2.8610622882843,0,0,
167,152.0045471,0,0,0,48.24158478,0,20.63798523,0,3.577921629,0,45.45835495,0,9.74866676330566,1.4189727306366,14.8593597412109,3.08577394485474,17.1008605957031,67.4280700683594,190.279495239258,18.4519138336182,2.86129188537598,0,0,
168,152.0265656,0,0,0,48.24450302,0,20.64008331,0,3.578325272,0,45.463951110000004,0,9.74979591369629,1.41914165019989,14.8609247207642,3.08630204200745,17.0999450683594,67.4833984375,190.330154418945,18.4597682952881,2.86151242256165,0,0,
169,152.0465546,0,0,0,48.24708939,0,20.64197922,0,3.578690767,0,45.46902084,0,9.75087833404541,1.41930317878723,14.8624258041382,3.0868091583252,17.0993022918701,67.5378265380859,190.380996704102,18.4673690795898,2.86172389984131,0,0,
170,152.0665436,0,0,0,48.24972916,0,20.64388466,0,3.579057217,0,45.47410202,0,9.75191307067871,1.41945743560791,14.863865852356,3.08729529380798,17.0989151000977,67.5913772583008,190.432022094727,18.4747219085693,2.86192655563354,0,0,
171,152.0865479,0,0,0,48.25236511,0,20.64579201,0,3.579423904,0,45.47917938,0,9.75291538238525,1.41960775852203,14.865252494812,3.08776330947876,17.0987682342529,67.6440582275391,190.48323059082,18.4818382263184,2.86212182044983,0,0,
172,152.1045227,0,0,0,48.25471497,0,20.6475029,0,3.579752922,0,45.48374557,0,9.75388050079346,1.4197525978088399,14.8665857315063,3.0882134437561,17.0988483428955,67.6958847045898,190.534622192383,18.4887218475342,2.86230969429016,0,0,
173,152.1225281,0,0,0,48.25706863,0,20.649219510000002,0,3.580082417,0,45.48831558,0,9.75480556488037,1.41989099979401,14.8678646087646,3.08864545822144,17.0991363525391,67.7468719482422,190.586166381836,18.49538230896,2.86248993873596,0,0,
174,152.1405334,0,0,0,48.25941467,0,20.6509285,0,3.580411911,0,45.49288177,0,9.75570297241211,1.42002594470978,14.8690967559814,3.08906197547913,17.0996227264404,67.7970275878906,190.637878417969,18.5018272399902,2.86266374588013,0,0,
175,152.1565247,0,0,0,48.26153564,0,20.652454379999998,0,3.580705643,0,45.49694824,0,9.75656700134277,1.42015588283539,14.8702821731567,3.0894627571106,17.1002902984619,67.8463592529297,190.689743041992,18.5080623626709,2.86283111572266,0,0,
176,152.1725159,0,0,0,48.26364136,0,20.65397835,0,3.580998659,0,45.50101471,0,9.7573938369751,1.42027962207794,14.8714218139648,3.08984756469727,17.1011295318604,67.8948822021484,190.741775512695,18.5140895843506,2.86299204826355,0,0,
177,152.1865234,0,0,0,48.26548386,0,20.65530968,0,3.581254959,0,45.50457001,0,9.75818061828613,1.42039692401886,14.8725137710571,3.09021615982056,17.1021270751953,67.9426116943359,190.793930053711,18.5199146270752,2.86314606666565,0,0,
178,152.2005157,0,0,0,48.26730728,0,20.65664291,0,3.581511497,0,45.50812149,0,9.75892448425293,1.4205070734024,14.8735580444336,3.09056854248047,17.103271484375,67.9895553588867,190.846221923828,18.525541305542,2.8632926940918,0,0,
179,152.2144928,0,0,0,48.26914978,0,20.65797234,0,3.581767797,0,45.51167297,0,9.75963973999023,1.42061352729797,14.8745603561401,3.09090662002563,17.1045513153076,68.0357284545898,190.898635864258,18.5309810638428,2.86343336105347,0,0,
180,152.2285004,0,0,0,48.27097321,0,20.65930748,0,3.582024097,0,45.51522827,0,9.76033496856689,1.42071783542633,14.875524520874,3.09123229980469,17.10595703125,68.0811462402344,190.951187133789,18.5362415313721,2.86356902122498,0,0,
181,152.2424927,0,0,0,48.27281189,0,20.66064072,0,3.582280636,0,45.51878357,0,9.76101589202881,1.42082095146179,14.8764562606812,3.09154748916626,17.107479095459,68.1258010864258,191.003845214844,18.541332244873,2.86370038986206,0,0,
182,152.2544861,0,0,0,48.27438736,0,20.66178131,0,3.5824999809999998,0,45.52182388,0,9.76167297363281,1.4209201335907,14.8773527145386,3.09185075759888,17.1091079711914,68.1697235107422,191.056625366211,18.5462532043457,2.86382699012756,0,0,
183,152.2664795,0,0,0,48.27597046,0,20.66292763,0,3.58272028,0,45.52487564,0,9.76229953765869,1.42101407051086,14.8782138824463,3.09214186668396,17.1108322143555,68.2129135131836,191.109497070313,18.5510082244873,2.86394858360291,0,0,
184,152.2784729,0,0,0,48.27751923,0,20.66406441,0,3.582939386,0,45.52791595,0,9.76290416717529,1.42110502719879,14.8790416717529,3.0924220085144,17.1126461029053,68.2554016113281,191.162475585938,18.5556049346924,2.86406540870667,0,0,
185,152.2884827,0,0,0,48.27885056,0,20.6650219,0,3.583123207,0,45.53046417,0,9.7634801864624,1.42119097709656,14.8798360824585,3.09269070625305,17.1145420074463,68.2971801757813,191.215576171875,18.5600452423096,2.86417746543884,0,0,
186,152.2984772,0,0,0,48.28014374,0,20.66596985,0,3.583306074,0,45.53299713,0,9.76402282714844,1.42127108573914,14.88059425354,3.09294700622559,17.116512298584,68.3382568359375,191.268753051758,18.5643310546875,2.86428427696228,0,0,
187,152.3084717,0,0,0,48.28146362,0,20.66692543,0,3.583489418,0,45.53553772,0,9.76454067230225,1.42134785652161,14.8813209533691,3.09319257736206,17.1185493469238,68.3786468505859,191.322021484375,18.5684680938721,2.86438632011414,0,0,
188,152.3184662,0,0,0,48.28277206,0,20.66787338,0,3.583672523,0,45.53807449,0,9.76504230499268,1.42142271995544,14.8820190429688,3.09342885017395,17.1206455230713,68.4183654785156,191.375366210938,18.5724658966064,2.86448454856873,0,0,
189,152.3284607,0,0,0,48.28409195,0,20.66882706,0,3.583855629,0,45.54061127,0,9.76553153991699,1.42149651050568,14.8826942443848,3.09365701675415,17.1227951049805,68.4574203491211,191.428787231445,18.5763301849365,2.86457967758179,0,0,
190,152.3364716,0,0,0,48.2851181,0,20.66958618,0,3.584002018,0,45.54263687,0,9.76599884033203,1.42156660556793,14.8833417892456,3.09387564659119,17.1249923706055,68.4958190917969,191.482269287109,18.5800590515137,2.86467051506042,0,0,
191,152.3464661,0,0,0,48.28645325,0,20.67053795,0,3.5841856,0,45.54518127,0,9.76645183563232,1.42163467407227,14.8839645385742,3.09408617019653,17.127233505249,68.533576965332,191.53581237793,18.5836620330811,2.86475825309753,0,0,
192,152.3544617,0,0,0,48.28749084,0,20.67130089,0,3.584331751,0,45.54721069,0,9.7668924331665,1.42170143127441,14.8845663070679,3.09428954124451,17.1295108795166,68.5706939697266,191.589431762695,18.5871448516846,2.86484313011169,0,0,
193,152.3624573,0,0,0,48.28853226,0,20.67206001,0,3.584478617,0,45.54924011,0,9.76731204986572,1.4217643737793,14.885142326355,3.09448456764221,17.1318206787109,68.6071853637695,191.643096923828,18.5905055999756,2.86492443084717,0,0,
194,152.3704529,0,0,0,48.28956985,0,20.67282295,0,3.584624529,0,45.55126572,0,9.76771640777588,1.42182517051697,14.8856973648071,3.09467220306396,17.1341552734375,68.64306640625,191.696823120117,18.5937519073486,2.86500287055969,0,0,
195,152.3784485,0,0,0,48.29065323,0,20.67358589,0,3.584771633,0,45.55330658,0,9.76811122894287,1.42188477516174,14.8862323760986,3.09485340118408,17.1365127563477,68.6783447265625,191.750579833984,18.5968914031982,2.86507868766785,0,0,
196,152.3844452,0,0,0,48.29143906,0,20.67415428,0,3.584881544,0,45.55482864,0,9.7684850692749,1.42194056510925,14.8867464065552,3.09502696990967,17.1388893127441,68.7130279541016,191.804382324219,18.5999202728271,2.86515116691589,0,0,
197,152.3904419,0,0,0,48.29221344,0,20.67472458,0,3.584991455,0,45.55635071,0,9.76882934570313,1.42199099063873,14.8872337341309,3.09519171714783,17.1412792205811,68.7471237182617,191.858245849609,18.6028385162354,2.86521983146667,0,0,
198,152.3984528,0,0,0,48.29326248,0,20.67548943,0,3.585138559,0,45.55838394,0,9.76916790008545,1.4220415353775,14.8877038955688,3.09535074234009,17.1436805725098,68.7806396484375,191.912139892578,18.605655670166,2.86528611183167,0,0,
199,152.4044342,0,0,0,48.29404068,0,20.67605591,0,3.585247755,0,45.55989838,0,9.76950168609619,1.42209219932556,14.8881578445435,3.09550476074219,17.1460876464844,68.813591003418,191.966049194336,18.6083793640137,2.86535048484802,0,0,
200,152.4104462,0,0,0,48.29485321,0,20.67663002,0,3.585358143,0,45.56143188,0,9.76981830596924,1.4221396446228,14.8885936737061,3.09565234184265,17.1484985351563,68.8459777832031,192.020004272461,18.6110076904297,2.86541199684143,0,0,
201,152.4164276,0,0,0,48.29562759,0,20.67720222,0,3.585467577,0,45.56294632,0,9.77012348175049,1.42218542098999,14.8890142440796,3.0957944393158,17.1509113311768,68.877815246582,192.073974609375,18.6135444641113,2.86547112464905,0,0,
202,152.4224396,0,0,0,48.29641342,0,20.67777252,0,3.585577965,0,45.56447601,0,9.77042007446289,1.42223012447357,14.8894186019897,3.09593152999878,17.1533203125,68.9091110229492,192.127960205078,18.6159954071045,2.86552834510803,0,0,
203,152.4264374,0,0,0,48.29692078,0,20.67815208,0,3.585650682,0,45.56548309,0,9.77069759368896,1.42227113246918,14.8898038864136,3.09606194496155,17.155725479126,68.9398651123047,192.181976318359,18.6183567047119,2.86558246612549,0,0,
204,152.4324341,0,0,0,48.2977066,0,20.67872429,0,3.585760832,0,45.56700897,0,9.77096080780029,1.42231011390686,14.8901739120483,3.096186876297,17.1581230163574,68.970100402832,192.235992431641,18.6206359863281,2.86563444137573,0,0,
205,152.4364319,0,0,0,48.29824066,0,20.67910576,0,3.585834503,0,45.5680275,0,9.77121448516846,1.42234790325165,14.8905296325684,3.09630680084229,17.1605110168457,68.9998245239258,192.290023803711,18.6228332519531,2.86568427085876,0,0,
206,152.4424286,0,0,0,48.29903793,0,20.67967796,0,3.585944176,0,45.56954956,0,9.77146148681641,1.4223849773407,14.8908720016479,3.09642219543457,17.1628856658936,69.0290374755859,192.344055175781,18.6249542236328,2.86573243141174,0,0,
207,152.4464264,0,0,0,48.29954529,0,20.68005562,0,3.58601737,0,45.57056046,0,9.77170372009277,1.42242181301117,14.8912029266357,3.09653377532959,17.1652488708496,69.0577545166016,192.398101806641,18.6270027160645,2.86577916145325,0,0,
208,152.4504242,0,0,0,48.30008316,0,20.68043518,0,3.586090803,0,45.57157898,0,9.77192878723145,1.42245507240295,14.8915166854858,3.09664011001587,17.167594909668,69.0859756469727,192.452133178711,18.6289768218994,2.86582326889038,0,0,
209,152.454422,0,0,0,48.30059814,0,20.68082047,0,3.586163759,0,45.57259369,0,9.772141456604,1.4224865436554,14.8918180465698,3.09674167633057,17.1699237823486,69.1137084960938,192.50617980957,18.630880355835,2.86586546897888,0,0,
210,152.4584198,0,0,0,48.3011055,0,20.68120003,0,3.586236954,0,45.57360077,0,9.77234649658203,1.42251682281494,14.8921051025391,3.09683895111084,17.172233581543,69.1409606933594,192.560195922852,18.6327133178711,2.86590576171875,0,0,
211,152.4624176,0,0,0,48.30163956,0,20.68157959,0,3.586310387,0,45.57461929,0,9.77254486083984,1.42254662513733,14.8923816680908,3.09693264961243,17.1745223999023,69.1677474975586,192.614212036133,18.6344814300537,2.86594438552856,0,0,
212,152.4664154,0,0,0,48.3021698,0,20.68196106,0,3.586383581,0,45.57563782,0,9.77273941040039,1.42257618904114,14.8926496505737,3.09702301025391,17.1767902374268,69.1940765380859,192.668212890625,18.6361885070801,2.86598229408264,0,0,
213,152.4704132,0,0,0,48.30268097,0,20.68233871,0,3.586456776,0,45.57665253,0,9.77293109893799,1.42260551452637,14.8929090499878,3.09711074829102,17.1790351867676,69.2199478149414,192.722213745117,18.6378383636475,2.86601901054382,0,0,
214,152.474411,0,0,0,48.30321121,0,20.682724,0,3.586530209,0,45.57766724,0,9.77312088012695,1.42263472080231,14.8931617736816,3.09719634056091,17.1812553405762,69.2453765869141,192.776184082031,18.6394309997559,2.86605477333069,0,0,
215,152.4764099,0,0,0,48.3034668,0,20.68291092,0,3.586566448,0,45.57817078,0,9.77329540252686,1.42266058921814,14.8934011459351,3.09727740287781,17.1834526062012,69.2703628540039,192.830139160156,18.6409645080566,2.86608839035034,0,0,
216,152.4804077,0,0,0,48.3039856,0,20.68329239,0,3.586639881,0,45.57918549,0,9.77345848083496,1.42268455028534,14.8936281204224,3.09735465049744,17.1856231689453,69.2949142456055,192.884063720703,18.6424427032471,2.86612033843994,0,0,
217,152.4824066,0,0,0,48.30424118,0,20.68347931,0,3.586676359,0,45.57969284,0,9.77361392974854,1.42270755767822,14.8938465118408,3.09742856025696,17.18776512146,69.3190460205078,192.937957763672,18.6438674926758,2.86615085601807,0,0,
218,152.4864044,0,0,0,48.30479813,0,20.68386459,0,3.586750269,0,45.58071518,0,9.77376461029053,1.42273008823395,14.8940572738647,3.09749960899353,17.1898803710938,69.3427505493164,192.991821289063,18.6452407836914,2.86618041992188,0,0,
219,152.4884033,0,0,0,48.30505371,0,20.68405342,0,3.586786509,0,45.58121872,0,9.77391242980957,1.42275238037109,14.8942604064941,3.09756827354431,17.191967010498,69.3660430908203,193.045654296875,18.6465663909912,2.86620903015137,0,0,
220,152.4924011,0,0,0,48.30557251,0,20.68443298,0,3.586859941,0,45.58223343,0,9.77405738830566,1.42277431488037,14.8944568634033,3.09763479232788,17.1940269470215,69.3889389038086,193.099456787109,18.6478443145752,2.86623692512512,0,0,
221,152.4944,0,0,0,48.30582809,0,20.68462563,0,3.586896658,0,45.5827446,0,9.77420043945313,1.42279613018036,14.8946475982666,3.09769940376282,17.1960563659668,69.4114379882813,193.153213500977,18.6490783691406,2.86626410484314,0,0,
222,152.4963989,0,0,0,48.30611038,0,20.68481636,0,3.586933374,0,45.58325195,0,9.77432823181152,1.42281484603882,14.8948278427124,3.09776020050049,17.1980571746826,69.4335479736328,193.206924438477,18.6502647399902,2.86628937721252,0,0,
223,152.4983978,0,0,0,48.30636215,0,20.68500519,0,3.586969852,0,45.58375931,0,9.77444553375244,1.42283177375793,14.894998550415,3.09781765937805,17.2000274658203,69.4552688598633,193.260604858398,18.6514053344727,2.86631298065186,0,0,
224,152.5023956,0,0,0,48.30689621,0,20.68538666,0,3.587043285,0,45.58477402,0,9.77456951141357,1.42285072803497,14.8951663970947,3.09787440299988,17.2019672393799,69.4766159057617,193.314239501953,18.6525096893311,2.86633682250977,0,0,
225,152.5043945,0,0,0,48.30714798,0,20.68557739,0,3.587079525,0,45.58528137,0,9.77469825744629,1.42287087440491,14.8953313827515,3.09793043136597,17.2038745880127,69.4975814819336,193.367828369141,18.6535778045654,2.8663604259491,0,0,
226,152.5063934,0,0,0,48.30740356,0,20.68576431,0,3.587116241,0,45.58578491,0,9.77481555938721,1.42288863658905,14.8954877853394,3.09798383712769,17.2057514190674,69.5181884765625,193.42138671875,18.6546077728271,2.86638259887695,0,0,
227,152.5083923,0,0,0,48.30767059,0,20.68595505,0,3.587152958,0,45.58629227,0,9.77492523193359,1.42290484905243,14.895637512207,3.09803462028503,17.2075977325439,69.5384292602539,193.474884033203,18.6555995941162,2.86640381813049,0,0,
228,152.5103912,0,0,0,48.30792236,0,20.68614578,0,3.587189198,0,45.58679962,0,9.77502918243408,1.42292034626007,14.8957815170288,3.09808325767517,17.2094135284424,69.5583190917969,193.5283203125,18.6565551757813,2.86642408370972,0,0,
229,152.5124054,0,0,0,48.30818558,0,20.68633652,0,3.587226391,0,45.58731079,0,9.77513027191162,1.42293536663055,14.8959197998047,3.09813022613525,17.2111968994141,69.5778579711914,193.581695556641,18.6574764251709,2.86644387245178,0,0,
230,152.514389,0,0,0,48.30845642,0,20.68652916,0,3.587262869,0,45.58781815,0,9.77522945404053,1.42295014858246,14.8960523605347,3.09817552566528,17.2129516601563,69.597053527832,193.635009765625,18.6583652496338,2.86646270751953,0,0,
231,152.5163879,0,0,0,48.30870819,0,20.686717989999998,0,3.587299109,0,45.58832169,0,9.77532577514648,1.42296493053436,14.8961820602417,3.09821939468384,17.214672088623,69.6159133911133,193.688278198242,18.6592235565186,2.86648106575012,0,0,
232,152.5163879,0,0,0,48.30870819,0,20.686717989999998,0,3.587299109,0,45.58832169,0,9.77540683746338,1.42297625541687,14.8963022232056,3.09825992584229,17.2163639068604,69.6344451904297,193.741485595703,18.6600456237793,2.86649775505066,0,0,
233,152.5183868,0,0,0,48.30896378,0,20.68690681,0,3.587335825,0,45.58882523,0,9.77547740936279,1.42298579216003,14.8964138031006,3.0982973575592,17.2180252075195,69.6526489257813,193.794631958008,18.6608333587646,2.86651301383972,0,0,
234,152.5203857,0,0,0,48.30924225,0,20.68709946,0,3.587373018,0,45.58934021,0,9.77555465698242,1.4229975938797,14.896523475647,3.09833455085754,17.219654083252,69.6705322265625,193.847702026367,18.6615943908691,2.86652851104736,0,0,
235,152.5223846,0,0,0,48.30949402,0,20.68728828,0,3.587409019,0,45.58984375,0,9.77563667297363,1.42301058769226,14.8966312408447,3.09837126731873,17.2212524414063,69.6880950927734,193.90071105957,18.6623306274414,2.866544008255,0,0,
236,152.5223846,0,0,0,48.30949402,0,20.68728828,0,3.587409019,0,45.58984375,0,9.77570819854736,1.42302095890045,14.8967332839966,3.09840559959412,17.2228202819824,69.7053604125977,193.953643798828,18.6630382537842,2.86655807495117,0,0,
237,152.5243988,0,0,0,48.30974579,0,20.68747711,0,3.587446213,0,45.59035492,0,9.77577209472656,1.42303013801575,14.8968296051025,3.09843754768372,17.2243576049805,69.7223205566406,194.00651550293,18.6637172698975,2.86657094955444,0,0,
238,152.5263977,0,0,0,48.31002808,0,20.68766975,0,3.587483168,0,45.59086609,0,9.77584457397461,1.42304170131683,14.8969259262085,3.09846997261047,17.2258644104004,69.7389755249023,194.059310913086,18.6643753051758,2.86658430099487,0,0,
239,152.5263977,0,0,0,48.31002808,0,20.68766975,0,3.587483168,0,45.59086609,0,9.77590942382813,1.42305135726929,14.8970174789429,3.0985004901886,17.2273406982422,69.7553329467773,194.112030029297,18.6650085449219,2.86659693717957,0,0,
240,152.5283813,0,0,0,48.31029892,0,20.68785858,0,3.587519646,0,45.59137344,0,9.77596759796143,1.42305994033813,14.8971033096313,3.09852933883667,17.2287883758545,69.7714080810547,194.164688110352,18.6656169891357,2.86660885810852,0,0,
241,152.5303802,0,0,0,48.31055069,0,20.68804741,0,3.587555885,0,45.59187698,0,9.77603721618652,1.42307114601135,14.8971900939941,3.09855890274048,17.2302055358887,69.7872009277344,194.217254638672,18.6662082672119,2.86662149429321,0,0,
242,152.5303802,0,0,0,48.31055069,0,20.68804741,0,3.587555885,0,45.59187698,0,9.77609920501709,1.42308044433594,14.8972730636597,3.09858679771423,17.2315940856934,69.8027114868164,194.269744873047,18.6667766571045,2.86663317680359,0,0,
243,152.5323792,0,0,0,48.31083298,0,20.68824005,0,3.587593079,0,45.59238815,0,9.77615642547607,1.4230889081955,14.8973512649536,3.09861350059509,17.2329540252686,69.8179473876953,194.322143554688,18.6673221588135,2.86664438247681,0,0,
244,152.5323792,0,0,0,48.31083298,0,20.68824005,0,3.587593079,0,45.59238815,0,9.77621078491211,1.4230968952179,14.8974266052246,3.09863877296448,17.2342853546143,69.8329086303711,194.374465942383,18.6678466796875,2.86665511131287,0,0,
245,152.5343933,0,0,0,48.31108093,0,20.6884346,0,3.587629557,0,45.59289551,0,9.77626323699951,1.42310464382172,14.8974990844727,3.09866309165955,17.2355880737305,69.8476028442383,194.426727294922,18.6683559417725,2.86666536331177,0,0,
246,152.5343933,0,0,0,48.31108093,0,20.6884346,0,3.587629557,0,45.59289551,0,9.77631378173828,1.42311215400696,14.8975696563721,3.09868669509888,17.2368621826172,69.8620452880859,194.478912353516,18.6688442230225,2.86667490005493,0,0,
247,152.5363922,0,0,0,48.3113327,0,20.68862343,0,3.587666035,0,45.59340286,0,9.77636241912842,1.42311954498291,14.8976354598999,3.09870934486389,17.238109588623,69.876220703125,194.530990600586,18.6693153381348,2.8666844367981,0,0,
248,152.5363922,0,0,0,48.3113327,0,20.68862343,0,3.587666035,0,45.59340286,0,9.77641105651855,1.42312693595886,14.8977003097534,3.09873127937317,17.2393283843994,69.8901519775391,194.582992553711,18.6697692871094,2.8666934967041,0,0,
249,152.5383911,0,0,0,48.31161499,0,20.68881607,0,3.587703228,0,45.59391403,0,9.77645874023438,1.42313420772552,14.8977642059326,3.09875273704529,17.2405223846436,69.9038391113281,194.634902954102,18.6702060699463,2.86670255661011,0,0,
250,152.5383911,0,0,0,48.31161499,0,20.68881607,0,3.587703228,0,45.59391403,0,9.7765064239502,1.42314147949219,14.8978252410889,3.09877347946167,17.2416896820068,69.9172821044922,194.686737060547,18.6706275939941,2.86671161651611,0,0,
251,152.5383911,0,0,0,48.31161499,0,20.68881607,0,3.587703228,0,45.59391403,0,9.77653980255127,1.42314565181732,14.8978805541992,3.09879159927368,17.2428302764893,69.9304809570313,194.738464355469,18.6710300445557,2.86671924591064,0,0,
252,152.5403748,0,0,0,48.31185913,0,20.68900108,0,3.587738991,0,45.59441376,0,9.77657699584961,1.42315101623535,14.8979330062866,3.09880971908569,17.2439460754395,69.9434432983398,194.790100097656,18.6714172363281,2.8667268753051798,0,0,
253,152.5403748,0,0,0,48.31185913,0,20.68900108,0,3.587738991,0,45.59441376,0,9.77661609649658,1.42315721511841,14.8979845046997,3.09882760047913,17.2450351715088,69.9561767578125,194.841644287109,18.6717948913574,2.86673426628113,0,0,
254,152.5403748,0,0,0,48.31185913,0,20.68900108,0,3.587738991,0,45.59441376,0,9.77664279937744,1.42316067218781,14.8980312347412,3.09884309768677,17.2461013793945,69.9686813354492,194.893096923828,18.6721534729004,2.86674070358276,0,0,
255,152.5423737,0,0,0,48.31212234,0,20.68919182,0,3.587775707,0,45.59492111,0,9.77667617797852,1.42316579818726,14.8980779647827,3.09885907173157,17.247142791748,69.9809646606445,194.944458007813,18.6725006103516,2.86674737930298,0,0,
256,152.5423737,0,0,0,48.31212234,0,20.68919182,0,3.587775707,0,45.59492111,0,9.77671337127686,1.42317187786102,14.8981246948242,3.09887504577637,17.2481594085693,69.993034362793,194.995742797852,18.6728363037109,2.86675405502319,0,0,
257,152.5423737,0,0,0,48.31212234,0,20.68919182,0,3.587775707,0,45.59492111,0,9.7767391204834,1.42317509651184,14.8981657028198,3.09888911247253,17.2491512298584,70.0048828125,195.046905517578,18.6731567382813,2.86675953865051,0,0,
258,152.5443726,0,0,0,48.31238937,0,20.68938255,0,3.587812662,0,45.59542847,0,9.77677154541016,1.42318034172058,14.8982076644897,3.09890341758728,17.2501220703125,70.0165100097656,195.09797668457,18.6734657287598,2.86676549911499,0,0,
259,152.5443726,0,0,0,48.31238937,0,20.68938255,0,3.587812662,0,45.59542847,0,9.77680778503418,1.42318654060364,14.898250579834,3.09891819953918,17.251070022583,70.0279388427734,195.148941040039,18.6737651824951,2.86677169799805,0,0,
260,152.5443726,0,0,0,48.31238937,0,20.68938255,0,3.587812662,0,45.59542847,0,9.77683353424072,1.42318987846375,14.8982887268066,3.09893107414246,17.2519950866699,70.0391616821289,195.199813842773,18.67405128479,2.86677694320679,0,0,
261,152.5463867,0,0,0,48.3126564,0,20.68957329,0,3.587849379,0,45.59594345,0,9.77686500549316,1.42319488525391,14.8983287811279,3.09894466400146,17.2528972625732,70.0501861572266,195.250579833984,18.6743278503418,2.86678266525269,0,0,
262,152.5463867,0,0,0,48.3126564,0,20.68957329,0,3.587849379,0,45.59594345,0,9.77690124511719,1.42320096492767,14.8983688354492,3.09895849227905,17.253776550293,70.0610122680664,195.301239013672,18.6745986938477,2.86678886413574,0,0,
263,152.5463867,0,0,0,48.3126564,0,20.68957329,0,3.587849379,0,45.59594345,0,9.77692604064941,1.42320442199707,14.8984060287476,3.09897065162659,17.2546367645264,70.071647644043,195.351806640625,18.6748561859131,2.86679410934448,0,0,
264,152.5463867,0,0,0,48.3126564,0,20.68957329,0,3.587849379,0,45.59594345,0,9.77694320678711,1.42320621013641,14.8984375,3.09898114204407,17.2554759979248,70.0820922851563,195.402267456055,18.6751022338867,2.86679840087891,0,0,
265,152.5463867,0,0,0,48.3126564,0,20.68957329,0,3.587849379,0,45.59594345,0,9.77695560455322,1.42320728302002,14.8984651565552,3.09899020195007,17.2562942504883,70.0923461914063,195.45263671875,18.6753349304199,2.86680221557617,0,0,
266,152.5483856,0,0,0,48.31290817,0,20.68976212,0,3.587886095,0,45.59644699,0,9.77697849273682,1.423210978508,14.8984956741333,3.09900045394897,17.2570915222168,70.102409362793,195.502899169922,18.6755638122559,2.8668065071106,0,0,
267,152.5483856,0,0,0,48.31290817,0,20.68976212,0,3.587886095,0,45.59644699,0,9.77700805664063,1.42321646213531,14.8985290527344,3.09901165962219,17.257869720459,70.1122970581055,195.55305480957,18.6757869720459,2.8668110370636,0,0,
268,152.5483856,0,0,0,48.31290817,0,20.68976212,0,3.587886095,0,45.59644699,0,9.77702903747559,1.42321944236755,14.8985567092896,3.09902119636536,17.2586288452148,70.1220092773438,195.603103637695,18.6759986877441,2.86681485176086,0,0,
269,152.5483856,0,0,0,48.31290817,0,20.68976212,0,3.587886095,0,45.59644699,0,9.77704334259033,1.42322099208832,14.8985815048218,3.09902954101563,17.2593688964844,70.1315460205078,195.653030395508,18.6762027740479,2.86681818962097,0,0,
270,152.5503845,0,0,0,48.3131752,0,20.68995476,0,3.587922812,0,45.59695816,0,9.77706718444824,1.42322528362274,14.8986101150513,3.09903907775879,17.2600917816162,70.1409072875977,195.702850341797,18.6764011383057,2.86682224273682,0,0,
271,152.5503845,0,0,0,48.3131752,0,20.68995476,0,3.587922812,0,45.59695816,0,9.77709865570068,1.42323076725006,14.8986396789551,3.09904980659485,17.2607955932617,70.1501083374023,195.752578735352,18.6765956878662,2.8668270111084,0,0,
272,152.5503845,0,0,0,48.3131752,0,20.68995476,0,3.587922812,0,45.59695816,0,9.77712059020996,1.42323386669159,14.8986663818359,3.09905910491943,17.2614822387695,70.1591415405273,195.802185058594,18.6767826080322,2.86683106422424,0,0,
273,152.5503845,0,0,0,48.3131752,0,20.68995476,0,3.587922812,0,45.59695816,0,9.77713584899902,1.42323553562164,14.8986902236938,3.09906721115112,17.2621517181396,70.1680145263672,195.851684570313,18.6769599914551,2.86683440208435,0,0,
274,152.5503845,0,0,0,48.3131752,0,20.68995476,0,3.587922812,0,45.59695816,0,9.7771463394165,1.42323648929596,14.8987112045288,3.0990743637085,17.2628040313721,70.1767196655273,195.901062011719,18.6771278381348,2.8668372631073,0,0,
275,152.5503845,0,0,0,48.3131752,0,20.68995476,0,3.587922812,0,45.59695816,0,9.77715396881104,1.42323696613312,14.8987293243408,3.09908056259155,17.2634391784668,70.1852722167969,195.950347900391,18.6772880554199,2.86683940887451,0,0,
276,152.5503845,0,0,0,48.3131752,0,20.68995476,0,3.587922812,0,45.59695816,0,9.77715873718262,1.4232372045517,14.8987464904785,3.09908580780029,17.2640590667725,70.1936645507813,195.99951171875,18.6774406433105,2.86684131622314,0,0,
277,152.5523682,0,0,0,48.31343079,0,20.69014168,0,3.587958813,0,45.59745789,0,9.77717590332031,1.4232405424118,14.8987665176392,3.09909248352051,17.2646617889404,70.201904296875,196.048553466797,18.6775913238525,2.86684441566467,0,0,
278,152.5523682,0,0,0,48.31343079,0,20.69014168,0,3.587958813,0,45.59745789,0,9.77720165252686,1.42324554920197,14.8987894058228,3.0991005897522,17.2652492523193,70.2099914550781,196.097503662109,18.6777400970459,2.86684799194336,0,0,
279,152.5523682,0,0,0,48.31343079,0,20.69014168,0,3.587958813,0,45.59745789,0,9.77721977233887,1.42324841022491,14.8988094329834,3.09910774230957,17.2658233642578,70.2179412841797,196.146331787109,18.6778812408447,2.86685109138489,0,0,
280,152.5523682,0,0,0,48.31343079,0,20.69014168,0,3.587958813,0,45.59745789,0,9.77723217010498,1.42325007915497,14.8988275527954,3.09911394119263,17.2663822174072,70.2257461547852,196.195068359375,18.6780166625977,2.86685347557068,0,0,
281,152.5523682,0,0,0,48.31343079,0,20.69014168,0,3.587958813,0,45.59745789,0,9.77724075317383,1.42325079441071,14.8988447189331,3.09911942481995,17.2669258117676,70.2334060668945,196.243682861328,18.6781444549561,2.86685562133789,0,0,
282,152.5523682,0,0,0,48.31343079,0,20.69014168,0,3.587958813,0,45.59745789,0,9.77724647521973,1.42325139045715,14.8988590240479,3.09912419319153,17.2674541473389,70.2409286499023,196.292190551758,18.6782665252686,2.86685752868652,0,0,
283,152.5523682,0,0,0,48.31343079,0,20.69014168,0,3.587958813,0,45.59745789,0,9.77725028991699,1.42325162887573,14.8988723754883,3.09912824630737,17.2679691314697,70.2483139038086,196.340560913086,18.6783828735352,2.866858959198,0,0,
284,152.5523682,0,0,0,48.31343079,0,20.69014168,0,3.587958813,0,45.59745789,0,9.77725315093994,1.42325174808502,14.8988828659058,3.09913182258606,17.2684707641602,70.2555618286133,196.388824462891,18.6784934997559,2.86686015129089,0,0,
285,152.5543671,0,0,0,48.31368256,0,20.69033432,0,3.587995768,0,45.59796524,0,9.77727031707764,1.42325508594513,14.8988981246948,3.09913730621338,17.2689590454102,70.2626876831055,196.436965942383,18.6786041259766,2.86686253547668,0,0,
286,152.5543671,0,0,0,48.31368256,0,20.69033432,0,3.587995768,0,45.59796524,0,9.77729606628418,1.42326033115387,14.8989181518555,3.09914422035217,17.2694358825684,70.2696762084961,196.485000610352,18.6787166595459,2.86686587333679,0,0,
287,152.5543671,0,0,0,48.31368256,0,20.69033432,0,3.587995768,0,45.59796524,0,9.77731418609619,1.42326319217682,14.8989362716675,3.09915018081665,17.2698993682861,70.2765426635742,196.532913208008,18.6788234710693,2.86686849594116,0,0,
288,152.5543671,0,0,0,48.31368256,0,20.69033432,0,3.587995768,0,45.59796524,0,9.7773265838623,1.42326486110687,14.8989505767822,3.09915542602539,17.2703514099121,70.2832870483398,196.580703735352,18.6789245605469,2.86687064170837,0,0,
289,152.5543671,0,0,0,48.31368256,0,20.69033432,0,3.587995768,0,45.59796524,0,9.77733516693115,1.42326557636261,14.8989639282227,3.09915995597839,17.2707901000977,70.289909362793,196.628387451172,18.6790237426758,2.86687254905701,0,0,
290,152.5543671,0,0,0,48.31368256,0,20.69033432,0,3.587995768,0,45.59796524,0,9.77734088897705,1.42326617240906,14.8989763259888,3.09916377067566,17.2712173461914,70.2964096069336,196.67594909668,18.6791172027588,2.86687421798706,0,0,
291,152.5543671,0,0,0,48.31368256,0,20.69033432,0,3.587995768,0,45.59796524,0,9.77734470367432,1.42326641082764,14.8989858627319,3.09916710853577,17.271635055542,70.3027954101563,196.723388671875,18.6792049407959,2.86687564849854,0,0,
292,152.5543671,0,0,0,48.31368256,0,20.69033432,0,3.587995768,0,45.59796524,0,9.77734756469727,1.42326653003693,14.8989953994751,3.09917020797729,17.2720394134521,70.3090591430664,196.770721435547,18.6792888641357,2.86687660217285,0,0,
293,152.5543671,0,0,0,48.31368256,0,20.69033432,0,3.587995768,0,45.59796524,0,9.7773494720459,1.42326664924622,14.8990020751953,3.09917283058167,17.2724323272705,70.3152084350586,196.817932128906,18.6793689727783,2.86687755584717,0,0,
294,152.5543671,0,0,0,48.31368256,0,20.69033432,0,3.587995768,0,45.59796524,0,9.77735137939453,1.42326664924622,14.8990087509155,3.09917497634888,17.2728157043457,70.3212432861328,196.865005493164,18.6794452667236,2.86687827110291,0,0,
295,152.5543671,0,0,0,48.31368256,0,20.69033432,0,3.587995768,0,45.59796524,0,9.77735233306885,1.42326664924622,14.8990154266357,3.09917688369751,17.2731876373291,70.3271713256836,196.911972045898,18.6795177459717,2.86687898635864,0,0,
296,152.5543671,0,0,0,48.31368256,0,20.69033432,0,3.587995768,0,45.59796524,0,9.77735328674316,1.42326664924622,14.8990211486816,3.09917855262756,17.2735500335693,70.3329925537109,196.95881652832,18.6795883178711,2.86687970161438,0,0,
297,152.5543671,0,0,0,48.31368256,0,20.69033432,0,3.587995768,0,45.59796524,0,9.77735328674316,1.42326664924622,14.8990259170532,3.09917998313904,17.2739028930664,70.3386993408203,197.00553894043,18.6796531677246,2.86687994003296,0,0,
298,152.556366,0,0,0,48.3139534,0,20.69052315,0,3.588032484,0,45.59847641,0,9.77736759185791,1.42326986789703,14.8990354537964,3.09918355941772,17.2742462158203,70.3443069458008,197.052139282227,18.6797199249268,2.86688137054443,0,0,
299,152.556366,0,0,0,48.3139534,0,20.69052315,0,3.588032484,0,45.59847641,0,9.77739143371582,1.42327487468719,14.8990507125854,3.09918904304504,17.2745800018311,70.3498153686523,197.0986328125,18.6797904968262,2.8668839931488,0,0,
300,152.556366,0,0,0,48.3139534,0,20.69052315,0,3.588032484,0,45.59847641,0,9.7774076461792,1.42327773571014,14.8990640640259,3.09919381141663,17.2749042510986,70.355224609375,197.145004272461,18.6798572540283,2.86688637733459,0,0,
