"Time Step","Softwood Merchantable","Hardwood Merchantable","Softwood Submerchantable","Hardwood Submerchantable","Softwood Other","Hardwood Other","Softwood Foliage","Hardwood Foliage","Softwood Fine Roots","Hardwood Fine Roots","Softwood Coarse Roots","Hardwood Coarse Roots","Aboveground Very Fast DOM","Belowground Very Fast DOM","Aboveground Fast DOM","Belowground Fast DOM","Medium DOM","Aboveground Slow DOM","Belowground Slow DOM","Softwood Stem Snag","Softwood Branch Snag","Hardwood Stem Snag","Hardwood Branch Snag",
0,0,0,0,0,0,0,0,0,0,0,0,0,0.778370022773743,1.11563003063202,8.63585567474365,7.67565679550171,7.33731079101563,6.84981679916382,60.9689712524414,50.8568305969238,13.3836603164673,0,0,
1,0.2844294012,0,0,0,0.3676099777,0,0.1235507131,0,0.07209829241,0,0.1000827029,0,0.211642414331436,0.181307971477509,7.57663679122925,5.82746267318726,8.40202808380127,7.67807102203369,61.2876281738281,47.6853103637695,10.5964403152466,0,0,
2,0.9001759291,0,0,0,0.9787122607,0,0.2875081897,0,0.1953000873,0,0.2856399417,0,0.0755594000220299,0.0360559932887554,6.57314968109131,4.42546463012695,9.30479621887207,8.30112457275391,61.4052352905273,44.7145500183105,8.39431667327881,0,0,
3,1.756917477,0,0,0,1.700324178,0,0.4663388133,0,0.3403559327,0,0.5306790471,0,0.0577142685651779,0.0196068380028009,5.66097164154053,3.36275243759155,10.0618009567261,8.79959964752197,61.4538040161133,41.9338798522949,6.65692329406738,0,0,
4,2.8100781440000002,0,0,0,2.482408047,0,0.6520419717,0,0.4935416281,0,0.8261436224,0,0.0728853717446327,0.0246485434472561,4.85575723648071,2.55803108215332,10.687894821167,9.20775699615479,61.465877532959,39.3328704833984,5.28817415237427,0,0,
5,4.026938438,0,0,0,3.294803858,0,0.8401668072,0,0.6461448073,0,1.165799141,0,0.0973047465085983,0.0333416014909744,4.16112422943115,1.94952630996704,11.196681022644,9.54541110992432,61.4549217224121,36.9014739990234,4.21165180206299,0,0,
6,5.380342484,0,0,0,4.116841316,0,1.027832389,0,0.7925106883,0,1.544043064,0,0.1239228323102,0.0424461960792542,3.57339525222778,1.49029636383057,11.6006107330322,9.82669067382813,61.4290657043457,34.6300888061523,3.36663961410522,0,0,
7,6.846457958,0,0,0,4.933590412,0,1.213041186,0,0.9291424155,0,1.955323458,0,0.150387480854988,0.0512052960693836,3.08472084999084,1.14466238021851,11.9110641479492,10.0626258850098,61.3938865661621,32.5095405578613,2.70491504669189,0,0,
8,8.403791428,0,0,0,5.73406601,0,1.394362092,0,1.054115415,0,2.394037724,0,0.175777599215508,0.0593573935329914,2.68514347076416,0.885495901107788,12.1384325027466,10.2620811462402,61.3532981872559,30.5310821533203,2.18819046020508,0,0,
9,10.03270626,0,0,0,6.510205269,0,1.570757389,0,1.166639686,0,2.854595184,0,0.1996850669384,0.0667904615402222,2.36393785476685,0.692159533500671,12.2921924591064,10.4322080612183,61.3100471496582,28.6863784790039,1.78607285022736,0,0,
10,11.715177539999999,0,0,0,7.256207466,0,1.741477251,0,1.266717434,0,3.3315382,0,0.221932828426361,0.0734661594033241,2.11045479774475,0.548944056034088,12.3809757232666,10.5787687301636,61.2660255432129,26.967493057251,1.47444117069244,0,0,
11,13.26373577,0,0,0,8.062654495,0,1.890474558,0,1.351944923,0,3.802199364,0,0.242038503289223,0.0793164223432541,1.91563701629639,0.443816959857941,12.4126348495483,10.7062273025513,61.2224426269531,25.3663177490234,1.23457372188568,0,0,
12,15.14966583,0,0,0,8.501960754,0,2.030668736,0,1.426301718,0,4.275167465,0,0.25987908244133,0.0843709260225296,1.7672963142395,0.367590099573135,12.3942852020264,10.8178653717041,61.180046081543,23.8761672973633,1.05016767978668,0,0,
13,17.02784157,0,0,0,8.962230682,0,2.169752121,0,1.492513537,0,4.7589674,0,0.276115953922272,0.0888072848320007,1.65455758571625,0.313353151082993,12.3323955535889,10.9163522720337,61.1393928527832,22.4911842346191,0.908143699169159,0,0,
14,18.87991524,0,0,0,9.433372498,0,2.306182384,0,1.550744057,0,5.246778488,0,0.291168957948685,0.0927285403013229,1.57248294353485,0.275866448879242,12.232852935791,11.0040464401245,61.1008529663086,21.2047023773193,0.799810409545898,0,0,
15,20.69255066,0,0,0,9.907701492,0,2.438947439,0,1.60155642,0,5.733146191,0,0.30512946844101,0.0961699858307838,1.51641476154327,0.251105725765228,12.1009759902954,11.0828876495361,61.0646286010742,20.0103626251221,0.718209326267242,0,0,
16,22.45474243,0,0,0,10.37904167,0,2.567293167,0,1.645666003,0,6.213373184,0,0.318040877580643,0.0991702899336815,1.48209285736084,0.235977277159691,11.9415559768677,11.1544427871704,61.0307884216309,18.9021244049072,0.657770872116089,0,0,
17,24.15980911,0,0,0,10.84305096,0,2.690822601,0,1.683888197,0,6.684109688,0,0.32995668053627,0.101775079965591,1.46570956707001,0.228101998567581,11.7589054107666,11.2199668884277,60.999340057373,17.8742694854736,0.614039957523346,0,0,
18,25.8008461,0,0,0,11.29585266,0,2.80914259,0,1.71696806,0,7.142128468,0,0.34094163775444,0.104031972587109,1.46391749382019,0.225648760795593,11.5568923950195,11.2804584503174,60.9702262878418,16.9213886260986,0.583453595638275,0,0,
19,27.37500954,0,0,0,11.73508739,0,2.922152996,0,1.745646358,0,7.585513115,0,0.351066142320633,0.105986893177032,1.47381472587585,0.227207899093628,11.338981628418,11.3367137908936,60.9433555603027,16.0383815765381,0.563163757324219,0,0,
20,28.87703514,0,0,0,12.15804195,0,3.029575109,0,1.770520568,0,8.011832237,0,0.360398054122925,0.107681721448898,1.49290728569031,0.231692790985107,11.10826587677,11.3893575668335,60.9186325073242,15.2204389572144,0.550893664360046,0,0,
21,30.3056488,0,0,0,12.56335258,0,3.131409883,0,1.792164445,0,8.419926643,0,0.368999660015106,0.109153404831886,1.51906931400299,0.238264858722687,10.8675003051758,11.4388790130615,60.8959426879883,14.4630298614502,0.544823050498962,0,0,
22,31.66343117,0,0,0,12.95097923,0,3.227916718,0,1.811108708,0,8.80988884,0,0.376939415931702,0.110436335206032,1.55052852630615,0.246283411979675,10.6191320419312,11.4856634140015,60.875171661377,13.761908531189,0.543504655361176,0,0,
23,32.94847107,0,0,0,13.3197422,0,3.319027662,0,1.827732325,0,9.180635452,0,0.384277820587158,0.111559502780437,1.58581209182739,0.255258321762085,10.3653249740601,11.530011177063,60.8562164306641,13.1130990982056,0.545787513256073,0,0,
24,34.16073227,0,0,0,13.66913509,0,3.404795885,0,1.842372537,0,9.531723022,0,0.391061037778854,0.112546034157276,1.62368929386139,0.26481169462204,10.1079912185669,11.572151184082,60.8389625549316,12.5128650665283,0.550752997398376,0,0,
25,35.30602646,0,0,0,14.00044155,0,3.485680103,0,1.855371237,0,9.864485741,0,0.397340327501297,0.113417148590088,1.66316843032837,0.274660050868988,9.8488073348999,11.6122627258301,60.8233070373535,11.9577236175537,0.557677507400513,0,0,
26,36.38179779,0,0,0,14.31259155,0,3.561537981,0,1.866919041,0,10.1778965,0,0.403158009052277,0.114189982414246,1.70344543457031,0.284589320421219,9.58924293518066,11.6504812240601,60.8091506958008,11.4444189071655,0.565989017486572,0,0,
27,37.39140701,0,0,0,14.60631084,0,3.632635117,0,1.877232671,0,10.47270584,0,0.408545166254044,0.114877790212631,1.74386131763458,0.294435948133469,9.33057594299316,11.6869087219238,60.7964019775391,10.9699010848999,0.575233161449432,0,0,
28,38.34000015,0,0,0,14.88288879,0,3.69936347,0,1.886506557,0,10.7502327,0,0.413540482521057,0.115493319928646,1.78391206264496,0.304083645343781,9.07391357421875,11.721622467041,60.7849655151367,10.5313377380371,0.58505916595459,0,0,
29,39.22657013,0,0,0,15.14188099,0,3.761670828,0,1.894845128,0,11.01004124,0,0.418173611164093,0.11604630947113,1.82320141792297,0.31344747543335,8.82020854949951,11.7546844482422,60.7747573852539,10.1260862350464,0.595193028450012,0,0,
30,40.05794144,0,0,0,15.38512611,0,3.820053101,0,1.902403474,0,11.25400925,0,0.422472268342972,0.116545028984547,1.86142933368683,0.322468400001526,8.57027339935303,11.7861404418945,60.7657012939453,9.75168895721436,0.605424046516418,0,0,
31,40.83286285,0,0,0,15.6121788,0,3.87443614,0,1.909242868,0,11.48168182,0,0.42646136879921,0.116996362805367,1.89837312698364,0.331107020378113,8.32479763031006,11.8160305023193,60.7577171325684,9.40585994720459,0.615591466426849,0,0,
32,41.55788803,0,0,0,15.82486534,0,3.925290585,0,1.915478945,0,11.69490719,0,0.430162847042084,0.117405995726585,1.93387246131897,0.339338719844818,8.08435821533203,11.844386100769,60.750732421875,9.08646965026855,0.625574171543121,0,0,
33,42.23355865,0,0,0,16.02326393,0,3.972659588,0,1.921161652,0,11.89378452,0,0.433599770069122,0.117779113352299,1.96782565116882,0.347152203321457,7.84943199157715,11.8712368011475,60.7446823120117,8.79154872894287,0.635284662246704,0,0,
34,42.86231613,0,0,0,16.20806313,0,4.016725063,0,1.926348209,0,12.07898903,0,0.436787217855453,0.118119299411774,2.00016045570374,0.354541808366776,7.62040615081787,11.8966073989868,60.7395057678223,8.51925754547119,0.644656896591187,0,0,
35,43.44846344,0,0,0,16.38046265,0,4.057790279,0,1.93110323,0,12.25174713,0,0.439744055271149,0.118430271744728,2.03084564208984,0.36151048541069,7.39759016036987,11.9205236434937,60.7351417541504,8.26789283752441,0.653647124767303,0,0,
36,43.99235535,0,0,0,16.5405426,0,4.095887184,0,1.935451984,0,12.41213799,0,0.442485719919205,0.118714950978756,2.0598738193512,0.368065446615219,7.18122100830078,11.9430112838745,60.7315292358398,8.03587627410889,0.662226259708405,0,0,
37,44.50011444,0,0,0,16.69007301,0,4.131444931,0,1.939461827,0,12.561941149999999,0,0.445029348134995,0.118976190686226,2.08726525306702,0.374219179153442,6.97147464752197,11.9640970230103,60.7286148071289,7.8217453956604,0.670379340648651,0,0,
38,44.97198868,0,0,0,16.82910156,0,4.164484501,0,1.943148613,0,12.70120907,0,0.447392046451569,0.119216598570347,2.11306214332581,0.379988104104996,6.76847124099731,11.9838123321533,60.7263565063477,7.62415027618408,0.678102552890778,0,0,
39,45.40821075,0,0,0,16.95768547,0,4.195023537,0,1.946525574,0,12.82999897,0,0.449580311775208,0.119437359273434,2.13729763031006,0.38538521528244,6.57228422164917,12.0021867752075,60.7247047424316,7.44182777404785,0.685393393039703,0,0,
40,45.81475067,0,0,0,17.07756805,0,4.223482609,0,1.949647903,0,12.95005989,0,0.451607376337051,0.1196403875947,2.16002368927002,0.390427082777023,6.38294363021851,12.0192518234253,60.7236099243164,7.27361297607422,0.692257761955261,0,0,
41,46.19176865,0,0,0,17.18877602,0,4.249871731,0,1.952523947,0,13.06142902,0,0.453488141298294,0.119827665388584,2.181307554245,0.395133137702942,6.20044231414795,12.0350437164307,60.723030090332,7.1184344291687,0.69870799779892,0,0,
42,46.54133224,0,0,0,17.29191971,0,4.274339199,0,1.955175042,0,13.16471004,0,0.455230861902237,0.120000265538692,2.20121097564697,0.399520576000214,6.024742603302,12.049599647522,60.7229270935059,6.97529363632202,0.704756915569305,0,0,
43,46.86547089,0,0,0,17.38757515,0,4.297023773,0,1.957621098,0,13.26049614,0,0.456845223903656,0.120159402489662,2.21979951858521,0.40360701084137,5.85577821731567,12.0629558563232,60.7232666015625,6.84326791763306,0.710419654846191,0,0,
44,47.1662178,0,0,0,17.47635841,0,4.318072319,0,1.95988059,0,13.34938335,0,0.458341002464294,0.120306290686131,2.23714256286621,0.407410234212875,5.69345951080322,12.0751533508301,60.7240104675293,6.72150564193726,0.715713620185852,0,0,
45,47.44364548,0,0,0,17.5582695,0,4.337488651,0,1.961957455,0,13.43139076,0,0.459724843502045,0.12044170498848,2.25330305099487,0.410946220159531,5.53767776489258,12.0862312316895,60.7251319885254,6.60921478271484,0.720655143260956,0,0,
46,47.70165634,0,0,0,17.63446236,0,4.355545521,0,1.963882923,0,13.50766754,0,0.461005419492722,0.120566643774509,2.26834797859192,0.414231449365616,5.38830614089966,12.0962324142456,60.7265968322754,6.50566577911377,0.725262224674225,0,0,
47,47.94032288,0,0,0,17.70495224,0,4.372248173,0,1.965658903,0,13.57823181,0,0.462192058563232,0.120682157576084,2.28234696388245,0.417282819747925,5.24520492553711,12.1051988601685,60.7283782958984,6.4101881980896,0.729554414749146,0,0,
48,48.16160583,0,0,0,17.77031898,0,4.387732506,0,1.967301607,0,13.64366245,0,0.46329066157341,0.120788857340813,2.29536366462708,0.420115530490875,5.10822200775146,12.1131744384766,60.7304458618164,6.32215881347656,0.73354971408844,0,0,
49,48.36553574,0,0,0,17.83056259,0,4.402005672,0,1.968812466,0,13.70396423,0,0.46430641412735,0.12088730931282,2.30745625495911,0.422743290662766,4.97719764709473,12.1202030181885,60.732780456543,6.24100017547607,0.737264931201935,0,0,
50,48.55408478,0,0,0,17.88627625,0,4.415201187,0,1.970207095,0,13.75972748,0,0.465244293212891,0.120978020131588,2.31867980957031,0.42517876625061,4.85196304321289,12.1263256072998,60.7353515625,6.16617822647095,0.740715980529785,0,0,
51,48.72916794,0,0,0,17.93801308,0,4.427453041,0,1.971500039,0,13.81150913,0,0.46611213684082,0.121061891317368,2.32909417152405,0.427435904741287,4.73234558105469,12.1315870285034,60.7381477355957,6.09720373153687,0.7439204454422,0,0,
52,48.89273071,0,0,0,17.9863472,0,4.438900471,0,1.972706318,0,13.85988617,0,0.466918766498566,0.12113980203867,2.33876323699951,0.42952960729599,4.61816740036011,12.1360340118408,60.741138458252,6.03363084793091,0.746897280216217,0,0,
53,49.04098129,0,0,0,18.03015709,0,4.44927597,0,1.973798394,0,13.90373421,0,0.467663288116455,0.12121158093214,2.34772896766663,0.431469142436981,4.50924968719482,12.1397075653076,60.7443084716797,5.97503471374512,0.74965900182724,0,0,
54,49.17964935,0,0,0,18.07113838,0,4.458981037,0,1.974818826,0,13.94474983,0,0.468348979949951,0.121277585625648,2.35603284835815,0.433263689279556,4.40541124343872,12.1426477432251,60.7476387023926,5.92102479934692,0.752218186855316,0,0,
55,49.30875778,0,0,0,18.10930252,0,4.468016624,0,1.975768209,0,13.98294163,0,0.468986392021179,0.121338970959187,2.3637330532074,0.434926718473434,4.30647039413452,12.1448993682861,60.7511177062988,5.87125301361084,0.754592180252075,0,0,
56,49.4264183,0,0,0,18.14408302,0,4.476251602,0,1.976632833,0,14.01774597,0,0.469575166702271,0.121395602822304,2.3708667755127,0.436466306447983,4.21224737167358,12.1465034484863,60.7547264099121,5.8253870010376,0.75679224729538,0,0,
57,49.53643799,0,0,0,18.17660141,0,4.483951092,0,1.977440596,0,14.05029202,0,0.470118552446365,0.121447816491127,2.37747144699097,0.437890768051147,4.12256288528442,12.147497177124,60.7584533691406,5.78312063217163,0.758829891681671,0,0,
58,49.63693237,0,0,0,18.20631027,0,4.49098444,0,1.978178144,0,14.0800209,0,0.470620632171631,0.121496051549911,2.38358497619629,0.439208567142487,4.03724050521851,12.1479206085205,60.7622833251953,5.74417352676392,0.760716617107391,0,0,
59,49.7317009,0,0,0,18.23432541,0,4.497619152,0,1.978873253,0,14.10805607,0,0.471085876226425,0.121540732681751,2.38924622535706,0.440428227186203,3.95610523223877,12.1478109359741,60.7662048339844,5.70829010009766,0.762464046478271,0,0,
60,49.816963199999996,0,0,0,18.25953102,0,4.503584862,0,1.979498506,0,14.13327885,0,0.471515387296677,0.121581956744194,2.39448475837708,0.441556304693222,3.87898659706116,12.1472053527832,60.770206451416,5.6752290725708,0.764081478118896,0,0,
61,49.89841461,0,0,0,18.2836132,0,4.50928688,0,1.980095506,0,14.15737629,0,0.471912741661072,0.12162010371685,2.39933300018311,0.442599952220917,3.80571699142456,12.1461391448975,60.7742805480957,5.64477157592773,0.76557856798172,0,0,
62,49.97036743,0,0,0,18.30489159,0,4.514323235,0,1.98062253,0,14.17866421,0,0.472278952598572,0.121655210852623,2.40381598472595,0.443564474582672,3.73613286018372,12.1446447372437,60.7784156799316,5.61671209335327,0.766963183879852,0,0,
63,50.038517,0,0,0,18.32503891,0,4.51909399,0,1.9811217780000001,0,14.19882488,0,0.472614258527756,0.121687307953835,2.40795350074768,0.444454044103622,3.67007493972778,12.1427536010742,60.782600402832,5.59085702896118,0.768241465091705,0,0,
64,50.10286331,0,0,0,18.3440609,0,4.52359724,0,1.981593013,0,14.21786213,0,0.472928464412689,0.121717482805252,2.4117865562439,0.445278167724609,3.60738801956177,12.1405010223389,60.7868270874023,5.56704473495483,0.769425690174103,0,0,
65,50.16152191,0,0,0,18.36141014,0,4.527703285,0,1.982022405,0,14.235219,0,0.473220854997635,0.121745556592941,2.41533875465393,0.446042001247406,3.54792165756226,12.1379156112671,60.7910957336426,5.54511690139771,0.770523071289063,0,0,
66,50.2144928,0,0,0,18.37706757,0,4.531411171,0,1.982410192,0,14.25088882,0,0.473488181829453,0.121771134436131,2.41861987113953,0.446747213602066,3.49153017997742,12.1350259780884,60.7953910827637,5.5249195098877,0.771536946296692,0,0,
67,50.26366806,0,0,0,18.3916111,0,4.534853458,0,1.982770085,0,14.26543903,0,0.473732739686966,0.121794529259205,2.42164635658264,0.447397261857986,3.43807244300842,12.131856918335,60.7997055053711,5.50631332397461,0.772472381591797,0,0,
68,50.30905533,0,0,0,18.4050293,0,4.538031101,0,1.983102202,0,14.27886868,0,0.473958313465118,0.121816121041775,2.42443943023682,0.447996973991394,3.38741230964661,12.1284341812134,60.8040390014648,5.48917531967163,0.773335874080658,0,0,
69,50.35253906,0,0,0,18.41788673,0,4.541074276,0,1.983420491,0,14.29173374,0,0.474169194698334,0.121836356818676,2.42702460289001,0.448552072048187,3.3394181728363,12.1247844696045,60.8083839416504,5.4733943939209,0.774134993553162,0,0,
70,50.39223862,0,0,0,18.42962837,0,4.543854237,0,1.983710885,0,14.30348015,0,0.474366545677185,0.121855303645134,2.42942142486572,0.449066936969757,3.29396319389343,12.1209316253662,60.8127365112305,5.45886754989624,0.77487576007843,0,0,
71,50.42814636,0,0,0,18.4402504,0,4.546366692,0,1.983973622,0,14.31410503,0,0.474547415971756,0.121872611343861,2.43163681030273,0.449542701244354,3.25092554092407,12.1168985366821,60.8170890808105,5.44549226760864,0.775560557842255,0,0,
72,50.46028137,0,0,0,18.4497509,0,4.548615456,0,1.984208465,0,14.32361126,0,0.47471097111702,0.121888212859631,2.43367600440979,0.449980288743973,3.21018815040588,12.1127023696899,60.8214416503906,5.43317222595215,0.776191055774689,0,0,
73,50.49240494,0,0,0,18.4592495,0,4.55086565,0,1.984443426,0,14.33311462,0,0.474863588809967,0.121902838349342,2.43556070327759,0.450384646654129,3.17163825035095,12.1083650588989,60.8257865905762,5.42182922363281,0.776773750782013,0,0,
74,50.52074432,0,0,0,18.46762848,0,4.552849293,0,1.984650731,0,14.34150028,0,0.475006848573685,0.121916584670544,2.43730711936951,0.450759559869766,3.13516807556152,12.1039056777954,60.8301239013672,5.41138982772827,0.777313709259033,0,0,
75,50.54719162,0,0,0,18.47545433,0,4.554700375,0,1.984844089,0,14.34932709,0,0.475137948989868,0.121929123997688,2.43892002105713,0.451105713844299,3.10067367553711,12.0993423461914,60.8344459533691,5.40177965164185,0.777812421321869,0,0,
76,50.56986237,0,0,0,18.48215675,0,4.556286812,0,1.985009909,0,14.35603333,0,0.47525617480278,0.121940404176712,2.44040298461914,0.451423645019531,3.06805658340454,12.094687461853,60.838752746582,5.39292860031128,0.778271079063416,0,0,
77,50.5925293,0,0,0,18.48886299,0,4.55787468,0,1.98517561,0,14.36274147,0,0.475364655256271,0.121950767934322,2.44176697731018,0.45171594619751,3.0372211933136,12.0899572372437,60.8430442810059,5.38477659225464,0.778693199157715,0,0,
78,50.61330795,0,0,0,18.49500465,0,4.559328079,0,1.985327601,0,14.3688879,0,0.47546723484993,0.121960617601871,2.4430296421051,0.451986640691757,3.00807690620422,12.0851678848267,60.8473167419434,5.37727355957031,0.779083847999573,0,0,
79,50.6321907,0,0,0,18.50059319,0,4.560651302,0,1.985465765,0,14.37447739,0,0.475561857223511,0.121969677507877,2.44419598579407,0.45223668217659,2.98053669929504,12.0803318023682,60.8515625,5.37036752700806,0.779444634914398,0,0,
80,50.65107727,0,0,0,18.50618172,0,4.561972141,0,1.98560369,0,14.38006592,0,0.475651144981384,0.121978253126144,2.44527864456177,0.452468901872635,2.95451831817627,12.0754623413086,60.8557891845703,5.36401462554932,0.779779434204102,0,0,
81,50.66618347,0,0,0,18.51063728,0,4.563030243,0,1.985714078,0,14.38453293,0,0.47573259472847,0.121986024081707,2.44627857208252,0.452683389186859,2.92994236946106,12.0705718994141,60.8599853515625,5.35816860198975,0.780088603496552,0,0,
82,50.68129349,0,0,0,18.51510811,0,4.564088345,0,1.985824585,0,14.38900375,0,0.475805550813675,0.121992975473404,2.44719672203064,0.45288011431694,2.90673351287842,12.0656681060791,60.8641586303711,5.35278511047363,0.780372619628906,0,0,
83,50.69639587,0,0,0,18.51957893,0,4.565144539,0,1.985935092,0,14.39347458,0,0.475876271724701,0.12199979275465,2.44805097579956,0.453063428401947,2.88482022285461,12.0607633590698,60.8683013916016,5.34783601760864,0.780636787414551,0,0,
84,50.70772552,0,0,0,18.52293015,0,4.565937996,0,1.986017823,0,14.39682484,0,0.475939899682999,0.122005872428417,2.44883823394775,0.453232258558273,2.86413383483887,12.0558671951294,60.8724212646484,5.34328079223633,0.780880331993103,0,0,
85,50.72093582,0,0,0,18.52682877,0,4.566862583,0,1.986114383,0,14.40073395,0,0.475998520851135,0.122011475265026,2.44956469535828,0.453388005495071,2.84460926055908,12.0509872436523,60.8765068054199,5.33908939361572,0.781104981899261,0,0,
86,50.73038101,0,0,0,18.52962494,0,4.567524433,0,1.986183286,0,14.40352821,0,0.476052582263947,0.12201663851738,2.45023488998413,0.453531682491302,2.82618451118469,12.0461301803589,60.8805618286133,5.33523321151733,0.781312227249146,0,0,
87,50.74170685,0,0,0,18.53297806,0,4.56831789,0,1.986266136,0,14.40688038,0,0.476102232933044,0.12202138453722,2.45085287094116,0.453664094209671,2.80880069732666,12.0413036346436,60.8845901489258,5.33168506622314,0.78150337934494,0,0,
88,50.75114441,0,0,0,18.53576469,0,4.568977356,0,1.986335158,0,14.40967274,0,0.476150691509247,0.122026063501835,2.45142960548401,0.453787922859192,2.79240155220032,12.0365161895752,60.8885803222656,5.32842588424683,0.781681656837463,0,0,
89,50.7586937,0,0,0,18.53800392,0,4.569506168,0,1.986390471,0,14.41190815,0,0.476192384958267,0.122030027210712,2.45195722579956,0.453901052474976,2.77693390846252,12.0317716598511,60.8925437927246,5.32542419433594,0.781844913959503,0,0,
90,50.7662468,0,0,0,18.5402298,0,4.570034504,0,1.986445546,0,14.41413975,0,0.476229101419449,0.12203349173069,2.45243811607361,0.454003870487213,2.76234722137451,12.0270738601685,60.8964729309082,5.32265901565552,0.781993746757507,0,0,
91,50.77379608,0,0,0,18.54246521,0,4.570563793,0,1.98650074,0,14.41637516,0,0.476264506578445,0.122036889195442,2.45288228988647,0.454098880290985,2.74859309196472,12.0224294662476,60.9003677368164,5.3201150894165,0.782131254673004,0,0,
92,50.78134918,0,0,0,18.54470062,0,4.571092606,0,1.986555934,0,14.41860867,0,0.476299613714218,0.122040294110775,2.45329785346985,0.454187989234924,2.73562622070313,12.01784324646,60.9042320251465,5.31777906417847,0.78225976228714,0,0,
93,50.78700638,0,0,0,18.54637146,0,4.571488857,0,1.98659718,0,14.42028236,0,0.476331382989883,0.122043319046497,2.45368218421936,0.454270482063293,2.72340297698975,12.0133190155029,60.9080581665039,5.31563186645508,0.782378673553467,0,0,
94,50.7926712,0,0,0,18.54804993,0,4.571885586,0,1.986638665,0,14.42195892,0,0.476359009742737,0.122045941650867,2.45403385162354,0.454345762729645,2.71188259124756,12.0088596343994,60.9118537902832,5.31365537643433,0.782487511634827,0,0,
95,50.79833221,0,0,0,18.54972076,0,4.572281837,0,1.98668015,0,14.42363453,0,0.476385593414307,0.122048497200012,2.45436000823975,0.454415678977966,2.70102620124817,12.0044679641724,60.9156188964844,5.31183910369873,0.782588422298431,0,0,
96,50.80399323,0,0,0,18.55139732,0,4.5726785659999996,0,1.986721396,0,14.42531013,0,0.476411938667297,0.122051052749157,2.45466613769531,0.454481482505798,2.69079661369324,12.000147819519,60.9193534851074,5.31017255783081,0.782683074474335,0,0,
97,50.80776978,0,0,0,18.55251503,0,4.572941303,0,1.986749053,0,14.42642879,0,0.476434946060181,0.122053235769272,2.45494818687439,0.454542011022568,2.68115901947021,11.9959011077881,60.9230499267578,5.3086404800415,0.782770276069641,0,0,
98,50.81154633,0,0,0,18.55362701,0,4.573205471,0,1.98677659,0,14.42754364,0,0.47645378112793,0.122055001556873,2.45520281791687,0.45459645986557,2.67208075523376,11.9917278289795,60.9267158508301,5.30722856521606,0.782849073410034,0,0,
99,50.81531906,0,0,0,18.55474663,0,4.573470116,0,1.986804128,0,14.42866039,0,0.476471662521362,0.122056715190411,2.45543599128723,0.45464625954628,2.66352987289429,11.9876308441162,60.9303512573242,5.30592918395996,0.782921254634857,0,0,
100,50.81909561,0,0,0,18.55586243,0,4.57373476,0,1.986831903,0,14.42977905,0,0.476489275693893,0.122058421373367,2.45565247535706,0.45469257235527,2.65547680854797,11.9836130142212,60.933952331543,5.30473518371582,0.78298819065094,0,0,
101,50.82286835,0,0,0,18.55697632,0,4.573998451,0,1.986859322,0,14.4308939,0,0.476506769657135,0.122060120105743,2.45585560798645,0.454736173152924,2.64789342880249,11.9796733856201,60.9375228881836,5.30364036560059,0.783051013946533,0,0,
102,50.82664108,0,0,0,18.5580883,0,4.574262619,0,1.986886859,0,14.43200874,0,0.476524174213409,0.122061803936958,2.45604848861694,0.454777777194977,2.64075326919556,11.9758157730103,60.9410629272461,5.3026385307312,0.783110499382019,0,0,
103,50.82852936,0,0,0,18.55865288,0,4.57439518,0,1.986900687,0,14.4325695,0,0.476538449525833,0.122063137590885,2.45622491836548,0.454815685749054,2.63403105735779,11.9720392227173,60.9445724487305,5.30171728134155,0.783165037631989,0,0,
104,50.83230209,0,0,0,18.5597744,0,4.574659824,0,1.986928344,0,14.43368816,0,0.476551830768585,0.122064426541328,2.45638847351074,0.454850852489471,2.62770318984985,11.9683446884155,60.9480438232422,5.30087232589722,0.783215582370758,0,0,
105,50.83419037,0,0,0,18.56032562,0,4.574791431,0,1.986942172,0,14.43424416,0,0.476565033197403,0.122065700590611,2.45654201507568,0.454883873462677,2.62174701690674,11.964732170105,60.9514846801758,5.30009794235229,0.783262968063354,0,0,
106,50.83607864,0,0,0,18.56088257,0,4.574923515,0,1.986956,0,14.43480301,0,0.476574957370758,0.122066617012024,2.45667886734009,0.454913198947906,2.61614155769348,11.9612007141113,60.9549026489258,5.29938411712646,0.783305406570435,0,0,
107,50.83796692,0,0,0,18.56144714,0,4.575056076,0,1.986969709,0,14.43536282,0,0.476583987474442,0.122067473828793,2.4568030834198,0.454939723014832,2.61086654663086,11.9577493667603,60.9582862854004,5.29872751235962,0.783343911170959,0,0,
108,50.83985138,0,0,0,18.56200218,0,4.57518816,0,1.986983418,0,14.43591976,0,0.476592808961868,0.1220683157444,2.45691752433777,0.454964101314545,2.60590291023254,11.9543800354004,60.9616432189941,5.29812383651733,0.783379316329956,0,0,
109,50.84173584,0,0,0,18.56255722,0,4.575319767,0,1.986997247,0,14.43647766,0,0.476601541042328,0.122069172561169,2.45702362060547,0.454986810684204,2.6012327671051,11.9510898590088,60.9649696350098,5.29757022857666,0.783412218093872,0,0,
110,50.84362411,0,0,0,18.56311607,0,4.575451851,0,1.987011075,0,14.43703651,0,0.47661030292511,0.122070014476776,2.45712375640869,0.455008298158646,2.59683918952942,11.9478816986084,60.9682693481445,5.29706335067749,0.783443152904511,0,0,
111,50.84551239,0,0,0,18.56368065,0,4.575584888,0,1.987024903,0,14.43759632,0,0.476619035005569,0.122070856392384,2.45721912384033,0.455028861761093,2.59270620346069,11.9447536468506,60.9715385437012,5.29660034179688,0.78347259759903,0,0,
112,50.84551239,0,0,0,18.56368065,0,4.575584888,0,1.987024903,0,14.43759632,0,0.476624578237534,0.122071355581284,2.45730233192444,0.455046594142914,2.58881878852844,11.9417037963867,60.974781036377,5.29617214202881,0.783498406410217,0,0,
113,50.84739685,0,0,0,18.56423569,0,4.575716496,0,1.987038612,0,14.43815327,0,0.476629227399826,0.122071780264378,2.4573757648468,0.4550621509552,2.58516240119934,11.9387302398682,60.9779930114746,5.29577684402466,0.783521234989166,0,0,
114,50.84928513,0,0,0,18.56479263,0,4.575849056,0,1.987052441,0,14.43871117,0,0.47663688659668,0.122072570025921,2.45745015144348,0.455078214406967,2.58172369003296,11.9358348846436,60.9811820983887,5.29541826248169,0.78354412317276,0,0,
115,50.84928513,0,0,0,18.56479263,0,4.575849056,0,1.987052441,0,14.43871117,0,0.47664213180542,0.12207305431366,2.45751690864563,0.455092519521713,2.5784900188446,11.9330167770386,60.9843444824219,5.29508829116821,0.783564746379852,0,0,
116,50.85117722,0,0,0,18.56535149,0,4.57598114,0,1.987066269,0,14.43927002,0,0.476646721363068,0.122073486447334,2.4575777053833,0.455105513334274,2.57544946670532,11.9302730560303,60.9874801635742,5.2947850227356,0.783583581447601,0,0,
117,50.85117722,0,0,0,18.56535149,0,4.57598114,0,1.987066269,0,14.43927002,0,0.476651161909103,0.122073903679848,2.45763373374939,0.455117493867874,2.57259082794189,11.9276027679443,60.9905891418457,5.29450702667236,0.783600926399231,0,0,
118,50.85305786,0,0,0,18.56590652,0,4.576112747,0,1.987079978,0,14.43982697,0,0.476655542850494,0.122074328362942,2.45768594741821,0.455128729343414,2.56990313529968,11.9250049591064,60.9936790466309,5.29425287246704,0.78361713886261,0,0,
119,50.85305786,0,0,0,18.56590652,0,4.576112747,0,1.987079978,0,14.43982697,0,0.476659864187241,0.122074745595455,2.45773530006409,0.455139368772507,2.56737661361694,11.9224786758423,60.9967422485352,5.29402017593384,0.783632397651672,0,0,
120,50.85305786,0,0,0,18.56590652,0,4.576112747,0,1.987079978,0,14.43982697,0,0.476661026477814,0.122074820101261,2.4577739238739,0.455147415399551,2.56500148773193,11.9200220108032,60.9997787475586,5.29380178451538,0.783644437789917,0,0,
121,50.85494995,0,0,0,18.5664711,0,4.576245785,0,1.987093806,0,14.44038868,0,0.476664543151855,0.122075192630291,2.45781254768372,0.45515564084053,2.56276893615723,11.9176340103149,61.0027923583984,5.29360342025757,0.783656477928162,0,0,
122,50.85494995,0,0,0,18.5664711,0,4.576245785,0,1.987093806,0,14.44038868,0,0.47666871547699,0.122075602412224,2.45785164833069,0.455164074897766,2.56067061424255,11.9153146743774,61.0057792663574,5.29342365264893,0.783668518066406,0,0,
123,50.85494995,0,0,0,18.5664711,0,4.576245785,0,1.987093806,0,14.44038868,0,0.476669818162918,0.122075669467449,2.45788216590881,0.455170452594757,2.5586986541748,11.9130611419678,61.0087471008301,5.29325485229492,0.783677995204926,0,0,
124,50.85683441,0,0,0,18.56701851,0,4.576376915,0,1.987107635,0,14.44094372,0,0.476673275232315,0.122076034545898,2.45791435241699,0.455177396535873,2.55684542655945,11.9108734130859,61.0116920471191,5.29310321807861,0.783687949180603,0,0,
125,50.85683441,0,0,0,18.56701851,0,4.576376915,0,1.987107635,0,14.44094372,0,0.476677387952805,0.122076444327831,2.45794773101807,0.455184787511826,2.55510401725769,11.9087495803833,61.0146141052246,5.29296684265137,0.783698260784149,0,0,
126,50.85683441,0,0,0,18.56701851,0,4.576376915,0,1.987107635,0,14.44094372,0,0.476678490638733,0.122076511383057,2.45797419548035,0.455190390348434,2.55346775054932,11.9066877365112,61.0175170898438,5.29283905029297,0.783706426620483,0,0,
127,50.85683441,0,0,0,18.56701851,0,4.576376915,0,1.987107635,0,14.44094372,0,0.476678788661957,0.122076526284218,2.45799469947815,0.455194652080536,2.55193042755127,11.9046859741211,61.020393371582,5.29271936416626,0.783712863922119,0,0,
128,50.85872269,0,0,0,18.56757736,0,4.576508999,0,1.987121344,0,14.44150162,0,0.476682096719742,0.122076876461506,2.4580192565918,0.455199986696243,2.55048608779907,11.9027452468872,61.023250579834,5.29261350631714,0.783720433712006,0,0,
129,50.85872269,0,0,0,18.56757736,0,4.576508999,0,1.987121344,0,14.44150162,0,0.476686179637909,0.122077286243439,2.45804691314697,0.455206155776978,2.54912924766541,11.9008636474609,61.0260848999023,5.29252004623413,0.783728778362274,0,0,
130,50.85872269,0,0,0,18.56757736,0,4.576508999,0,1.987121344,0,14.44150162,0,0.476687282323837,0.122077360749245,2.45806860923767,0.455210864543915,2.54785466194153,11.8990392684937,61.0289039611816,5.29243230819702,0.783735394477844,0,0,
131,50.85872269,0,0,0,18.56757736,0,4.576508999,0,1.987121344,0,14.44150162,0,0.476687550544739,0.122077368199825,2.45808553695679,0.455214411020279,2.54665732383728,11.8972702026367,61.0317077636719,5.29235029220581,0.783740639686584,0,0,
132,50.85872269,0,0,0,18.56757736,0,4.576508999,0,1.987121344,0,14.44150162,0,0.476687610149384,0.122077368199825,2.45809888839722,0.455217093229294,2.54553270339966,11.8955545425415,61.0344886779785,5.29227304458618,0.783744871616364,0,0,
133,50.85872269,0,0,0,18.56757736,0,4.576508999,0,1.987121344,0,14.44150162,0,0.476687639951706,0.122077368199825,2.4581093788147,0.455219119787216,2.54447650909424,11.8938894271851,61.0372505187988,5.29220104217529,0.783748209476471,0,0,
134,50.86061096,0,0,0,18.56814194,0,4.576642036,0,1.987135291,0,14.44206238,0,0.476690858602524,0.122077718377113,2.45812582969666,0.45522278547287,2.5434844493866,11.8922786712646,61.0399932861328,5.29213905334473,0.783753335475922,0,0,
135,50.86061096,0,0,0,18.56814194,0,4.576642036,0,1.987135291,0,14.44206238,0,0.476694941520691,0.122078143060207,2.45814752578735,0.455227732658386,2.54255270957947,11.890718460083,61.0427169799805,5.29208755493164,0.783759832382202,0,0,
136,50.86061096,0,0,0,18.56814194,0,4.576642036,0,1.987135291,0,14.44206238,0,0.476696014404297,0.122078210115433,2.45816445350647,0.455231487751007,2.54167795181274,11.8892078399658,61.0454254150391,5.2920389175415,0.783764958381653,0,0,
137,50.86061096,0,0,0,18.56814194,0,4.576642036,0,1.987135291,0,14.44206238,0,0.476696312427521,0.122078217566013,2.4581778049469,0.455234348773956,2.54085683822632,11.8877449035645,61.0481147766113,5.29199314117432,0.783769071102142,0,0,
138,50.86061096,0,0,0,18.56814194,0,4.576642036,0,1.987135291,0,14.44206238,0,0.476696372032166,0.122078232467175,2.4581880569458,0.455236494541168,2.54008555412292,11.8863277435303,61.0507850646973,5.29195022583008,0.78377228975296,0,0,
139,50.86061096,0,0,0,18.56814194,0,4.576642036,0,1.987135291,0,14.44206238,0,0.476696401834488,0.122078232467175,2.45819616317749,0.4552381336689,2.53936171531677,11.884955406189,61.0534400939941,5.29191017150879,0.783774852752686,0,0,
140,50.86061096,0,0,0,18.56814194,0,4.576642036,0,1.987135291,0,14.44206238,0,0.476696401834488,0.122078232467175,2.45820260047913,0.455239355564117,2.53868198394775,11.8836259841919,61.0560760498047,5.29187250137329,0.783776879310608,0,0,
141,50.86061096,0,0,0,18.56814194,0,4.576642036,0,1.987135291,0,14.44206238,0,0.476696401834488,0.122078232467175,2.45820760726929,0.455240309238434,2.5380437374115,11.8823404312134,61.0586967468262,5.29183721542358,0.783778488636017,0,0,
142,50.86061096,0,0,0,18.56814194,0,4.576642036,0,1.987135291,0,14.44206238,0,0.476696401834488,0.122078232467175,2.45821166038513,0.455241024494171,2.53744435310364,11.8810939788818,61.0613021850586,5.29180431365967,0.783779740333557,0,0,
143,50.86061096,0,0,0,18.56814194,0,4.576642036,0,1.987135291,0,14.44206238,0,0.476696401834488,0.122078232467175,2.45821452140808,0.455241560935974,2.53688168525696,11.8798885345459,61.0638885498047,5.29177331924438,0.783780753612518,0,0,
144,50.86061096,0,0,0,18.56814194,0,4.576642036,0,1.987135291,0,14.44206238,0,0.476696401834488,0.122078232467175,2.45821690559387,0.455241978168488,2.53635358810425,11.8787202835083,61.0664596557617,5.29174423217773,0.7837815284729,0,0,
145,50.86061096,0,0,0,18.56814194,0,4.576642036,0,1.987135291,0,14.44206238,0,0.476696401834488,0.122078232467175,2.4582188129425,0.455242305994034,2.53585767745972,11.8775911331177,61.069019317627,5.29171705245972,0.783782184123993,0,0,
146,50.86061096,0,0,0,18.56814194,0,4.576642036,0,1.987135291,0,14.44206238,0,0.476696401834488,0.122078232467175,2.45822024345398,0.455242514610291,2.53539204597473,11.8764982223511,61.0715637207031,5.29169178009033,0.783782720565796,0,0,
147,50.86061096,0,0,0,18.56814194,0,4.576642036,0,1.987135291,0,14.44206238,0,0.476696401834488,0.122078232467175,2.45822143554688,0.455242693424225,2.53495502471924,11.8754405975342,61.0740928649902,5.29166793823242,0.783783137798309,0,0,
148,50.86249542,0,0,0,18.5687027,0,4.57677412,0,1.987149,0,14.44262028,0,0.476699620485306,0.122078582644463,2.45823073387146,0.455244958400726,2.5345447063446,11.8744192123413,61.0766067504883,5.29165172576904,0.783785879611969,0,0,
149,50.86249542,0,0,0,18.5687027,0,4.57677412,0,1.987149,0,14.44262028,0,0.476703673601151,0.122078999876976,2.45824670791626,0.455248773097992,2.53415942192078,11.8734350204468,61.0791053771973,5.29164266586304,0.783790528774261,0,0,
150,50.86249542,0,0,0,18.5687027,0,4.57677412,0,1.987149,0,14.44262028,0,0.476704746484756,0.122079066932201,2.45825886726379,0.455251663923264,2.53379797935486,11.8724842071533,61.0815925598145,5.29163455963135,0.783794224262238,0,0,
151,50.86249542,0,0,0,18.5687027,0,4.57677412,0,1.987149,0,14.44262028,0,0.47670504450798,0.122079074382782,2.45826864242554,0.45525386929512,2.53345918655396,11.8715648651123,61.0840644836426,5.29162645339966,0.783797085285187,0,0,
152,50.86249542,0,0,0,18.5687027,0,4.57677412,0,1.987149,0,14.44262028,0,0.476705133914948,0.122079074382782,2.45827627182007,0.455255568027496,2.53314137458801,11.8706760406494,61.0865249633789,5.29161930084229,0.783799409866333,0,0,
153,50.86249542,0,0,0,18.5687027,0,4.57677412,0,1.987149,0,14.44262028,0,0.476705133914948,0.122079074382782,2.45828223228455,0.455256819725037,2.53284335136414,11.8698177337646,61.0889739990234,5.29161214828491,0.783801257610321,0,0,
154,50.86249542,0,0,0,18.5687027,0,4.57677412,0,1.987149,0,14.44262028,0,0.476705133914948,0.122079074382782,2.45828676223755,0.455257833003998,2.53256368637085,11.8689880371094,61.0914115905762,5.2916054725647,0.78380274772644,0,0,
155,50.86249542,0,0,0,18.5687027,0,4.57677412,0,1.987149,0,14.44262028,0,0.476705133914948,0.122079074382782,2.45829057693481,0.455258548259735,2.53230142593384,11.8681859970093,61.0938339233398,5.29159927368164,0.783803880214691,0,0,
156,50.86249542,0,0,0,18.5687027,0,4.57677412,0,1.987149,0,14.44262028,0,0.476705133914948,0.122079074382782,2.45829343795776,0.455259084701538,2.53205537796021,11.8674116134644,61.0962409973145,5.29159355163574,0.783804774284363,0,0,
157,50.86249542,0,0,0,18.5687027,0,4.57677412,0,1.987149,0,14.44262028,0,0.476705133914948,0.122079074382782,2.45829558372498,0.455259531736374,2.53182482719421,11.866662979126,61.0986366271973,5.291588306427,0.7838054895401,0,0,
158,50.86249542,0,0,0,18.5687027,0,4.57677412,0,1.987149,0,14.44262028,0,0.476705133914948,0.122079074382782,2.45829725265503,0.45525985956192,2.53160858154297,11.8659391403198,61.1010208129883,5.29158306121826,0.783806085586548,0,0,
159,50.86249542,0,0,0,18.5687027,0,4.57677412,0,1.987149,0,14.44262028,0,0.476705133914948,0.122079074382782,2.4582986831665,0.455260068178177,2.5314054489135702,11.8652400970459,61.1033935546875,5.29157829284668,0.783806562423706,0,0,
160,50.86249542,0,0,0,18.5687027,0,4.57677412,0,1.987149,0,14.44262028,0,0.476705133914948,0.122079074382782,2.45829963684082,0.455260276794434,2.53121519088745,11.8645648956299,61.1057548522949,5.29157400131226,0.783806920051575,0,0,
161,50.86249542,0,0,0,18.5687027,0,4.57677412,0,1.987149,0,14.44262028,0,0.476705133914948,0.122079074382782,2.45830035209656,0.455260455608368,2.5310366153717,11.8639125823975,61.1081047058105,5.29156970977783,0.783807158470154,0,0,
162,50.86249542,0,0,0,18.5687027,0,4.57677412,0,1.987149,0,14.44262028,0,0.476705133914948,0.122079074382782,2.45830106735229,0.455260545015335,2.53086924552917,11.8632822036743,61.1104431152344,5.29156589508057,0.783807396888733,0,0,
163,50.86249542,0,0,0,18.5687027,0,4.57677412,0,1.987149,0,14.44262028,0,0.476705133914948,0.122079074382782,2.45830178260803,0.455260634422302,2.53071212768555,11.8626737594604,61.1127700805664,5.2915620803833,0.783807516098022,0,0,
164,50.86249542,0,0,0,18.5687027,0,4.57677412,0,1.987149,0,14.44262028,0,0.476705133914948,0.122079074382782,2.45830202102661,0.455260723829269,2.53056502342224,11.8620862960815,61.1150856018066,5.29155874252319,0.783807635307312,0,0,
165,50.86249542,0,0,0,18.5687027,0,4.57677412,0,1.987149,0,14.44262028,0,0.476705133914948,0.122079074382782,2.45830249786377,0.455260753631592,2.53042674064636,11.8615188598633,61.1173896789551,5.29155540466309,0.783807754516602,0,0,
166,50.86249542,0,0,0,18.5687027,0,4.57677412,0,1.987149,0,14.44262028,0,0.476705133914948,0.122079074382782,2.45830273628235,0.455260813236237,2.53029727935791,11.8609704971313,61.1196823120117,5.29155254364014,0.783807873725891,0,0,
167,50.86249542,0,0,0,18.5687027,0,4.57677412,0,1.987149,0,14.44262028,0,0.476705133914948,0.122079074382782,2.45830297470093,0.455260813236237,2.53017568588257,11.8604412078857,61.1219635009766,5.29154968261719,0.783807992935181,0,0,
168,50.86249542,0,0,0,18.5687027,0,4.57677412,0,1.987149,0,14.44262028,0,0.476705133914948,0.122079074382782,2.45830321311951,0.455260813236237,2.53006172180176,11.8599300384521,61.1242370605469,5.29154682159424,0.783807992935181,0,0,
169,50.86249542,0,0,0,18.5687027,0,4.57677412,0,1.987149,0,14.44262028,0,0.476705133914948,0.122079074382782,2.45830321311951,0.455260813236237,2.52995467185974,11.8594360351563,61.1264991760254,5.29154443740845,0.783807992935181,0,0,
170,50.86249542,0,0,0,18.5687027,0,4.57677412,0,1.987149,0,14.44262028,0,0.476705133914948,0.122079074382782,2.45830321311951,0.455260813236237,2.52985429763794,11.8589601516724,61.1287498474121,5.29154205322266,0.783807992935181,0,0,
171,50.86249542,0,0,0,18.5687027,0,4.57677412,0,1.987149,0,14.44262028,0,0.476705133914948,0.122079074382782,2.45830321311951,0.455260813236237,2.52976036071777,11.8585004806519,61.130989074707,5.29154014587402,0.783807992935181,0,0,
172,50.86249542,0,0,0,18.5687027,0,4.57677412,0,1.987149,0,14.44262028,0,0.476705133914948,0.122079074382782,2.45830321311951,0.455260813236237,2.52967190742493,11.8580570220947,61.1332206726074,5.29153823852539,0.783807992935181,0,0,
173,50.86249542,0,0,0,18.5687027,0,4.57677412,0,1.987149,0,14.44262028,0,0.476705133914948,0.122079074382782,2.45830321311951,0.455260813236237,2.52958917617798,11.8576288223267,61.135440826416,5.29153633117676,0.783807992935181,0,0,
174,50.86249542,0,0,0,18.5687027,0,4.57677412,0,1.987149,0,14.44262028,0,0.476705133914948,0.122079074382782,2.45830321311951,0.455260813236237,2.52951145172119,11.8572158813477,61.1376495361328,5.29153442382813,0.783807992935181,0,0,
175,50.86249542,0,0,0,18.5687027,0,4.57677412,0,1.987149,0,14.44262028,0,0.476705133914948,0.122079074382782,2.45830321311951,0.455260813236237,2.52943873405457,11.8568172454834,61.1398506164551,5.29153251647949,0.783807992935181,0,0,
176,50.86249542,0,0,0,18.5687027,0,4.57677412,0,1.987149,0,14.44262028,0,0.476705133914948,0.122079074382782,2.45830321311951,0.455260813236237,2.52937030792236,11.8564329147339,61.1420440673828,5.29153108596802,0.783807992935181,0,0,
177,50.86249542,0,0,0,18.5687027,0,4.57677412,0,1.987149,0,14.44262028,0,0.476705133914948,0.122079074382782,2.45830321311951,0.455260813236237,2.52930617332459,11.8560609817505,61.144229888916,5.29152965545654,0.783807992935181,0,0,
178,50.86249542,0,0,0,18.5687027,0,4.57677412,0,1.987149,0,14.44262028,0,0.476705133914948,0.122079074382782,2.45830321311951,0.455260813236237,2.52924609184265,11.8557024002075,61.1464042663574,5.29152822494507,0.783807992935181,0,0,
179,50.86249542,0,0,0,18.5687027,0,4.57677412,0,1.987149,0,14.44262028,0,0.476705133914948,0.122079074382782,2.45830321311951,0.455260813236237,2.52918982505798,11.8553562164307,61.148567199707,5.29152727127075,0.783807992935181,0,0,
180,50.86249542,0,0,0,18.5687027,0,4.57677412,0,1.987149,0,14.44262028,0,0.476705133914948,0.122079074382782,2.45830321311951,0.455260813236237,2.529137134552,11.8550214767456,61.1507225036621,5.29152631759644,0.783807992935181,0,0,
181,50.86249542,0,0,0,18.5687027,0,4.57677412,0,1.987149,0,14.44262028,0,0.476705133914948,0.122079074382782,2.45830321311951,0.455260813236237,2.52908778190613,11.8546991348267,61.1528663635254,5.29152536392212,0.783807992935181,0,0,
182,50.86249542,0,0,0,18.5687027,0,4.57677412,0,1.987149,0,14.44262028,0,0.476705133914948,0.122079074382782,2.45830321311951,0.455260813236237,2.52904152870178,11.8543882369995,61.1550025939941,5.2915244102478,0.783807992935181,0,0,
183,50.86249542,0,0,0,18.5687027,0,4.57677412,0,1.987149,0,14.44262028,0,0.476705133914948,0.122079074382782,2.45830321311951,0.455260813236237,2.52899789810181,11.8540887832642,61.1571273803711,5.29152345657349,0.783807992935181,0,0,
184,50.86249542,0,0,0,18.5687027,0,4.57677412,0,1.987149,0,14.44262028,0,0.476705133914948,0.122079074382782,2.45830321311951,0.455260813236237,2.5289568901062,11.8537998199463,61.1592483520508,5.29152250289917,0.783807992935181,0,0,
185,50.86249542,0,0,0,18.5687027,0,4.57677412,0,1.987149,0,14.44262028,0,0.476705133914948,0.122079074382782,2.45830321311951,0.455260813236237,2.52891850471497,11.8535213470459,61.1613616943359,5.29152154922485,0.783807992935181,0,0,
186,50.86249542,0,0,0,18.5687027,0,4.57677412,0,1.987149,0,14.44262028,0,0.476705133914948,0.122079074382782,2.45830321311951,0.455260813236237,2.52888250350952,11.8532524108887,61.1634635925293,5.29152059555054,0.783807992935181,0,0,
187,50.86249542,0,0,0,18.5687027,0,4.57677412,0,1.987149,0,14.44262028,0,0.476705133914948,0.122079074382782,2.45830321311951,0.455260813236237,2.52884888648987,11.8529930114746,61.1655578613281,5.29151964187622,0.783807992935181,0,0,
188,50.86249542,0,0,0,18.5687027,0,4.57677412,0,1.987149,0,14.44262028,0,0.476705133914948,0.122079074382782,2.45830321311951,0.455260813236237,2.52881741523743,11.8527431488037,61.1676406860352,5.2915186882019,0.783807992935181,0,0,
189,50.86249542,0,0,0,18.5687027,0,4.57677412,0,1.987149,0,14.44262028,0,0.476705133914948,0.122079074382782,2.45830321311951,0.455260813236237,2.52878785133362,11.8525018692017,61.1697158813477,5.29151773452759,0.783807992935181,0,0,
190,50.86249542,0,0,0,18.5687027,0,4.57677412,0,1.987149,0,14.44262028,0,0.476705133914948,0.122079074382782,2.45830321311951,0.455260813236237,2.52875995635986,11.8522701263428,61.1717872619629,5.29151678085327,0.783807992935181,0,0,
191,50.86249542,0,0,0,18.5687027,0,4.57677412,0,1.987149,0,14.44262028,0,0.476705133914948,0.122079074382782,2.45830321311951,0.455260813236237,2.52873373031616,11.8520450592041,61.1738471984863,5.29151630401611,0.783807992935181,0,0,
192,50.86249542,0,0,0,18.5687027,0,4.57677412,0,1.987149,0,14.44262028,0,0.476705133914948,0.122079074382782,2.45830321311951,0.455260813236237,2.52870917320251,11.8518295288086,61.1758995056152,5.29151582717896,0.783807992935181,0,0,
193,50.86249542,0,0,0,18.5687027,0,4.57677412,0,1.987149,0,14.44262028,0,0.476705133914948,0.122079074382782,2.45830321311951,0.455260813236237,2.52868604660034,11.8516216278076,61.1779441833496,5.2915153503418,0.783807992935181,0,0,
194,50.86249542,0,0,0,18.5687027,0,4.57677412,0,1.987149,0,14.44262028,0,0.476705133914948,0.122079074382782,2.45830321311951,0.455260813236237,2.52866458892822,11.8514204025269,61.1799812316895,5.29151487350464,0.783807992935181,0,0,
195,50.86249542,0,0,0,18.5687027,0,4.57677412,0,1.987149,0,14.44262028,0,0.476705133914948,0.122079074382782,2.45830321311951,0.455260813236237,2.528644323349,11.8512258529663,61.1820106506348,5.29151439666748,0.783807992935181,0,0,
196,50.86249542,0,0,0,18.5687027,0,4.57677412,0,1.987149,0,14.44262028,0,0.476705133914948,0.122079074382782,2.45830321311951,0.455260813236237,2.52862524986267,11.8510389328003,61.1840324401855,5.29151391983032,0.783807992935181,0,0,
197,50.86249542,0,0,0,18.5687027,0,4.57677412,0,1.987149,0,14.44262028,0,0.476705133914948,0.122079074382782,2.45830321311951,0.455260813236237,2.52860736846924,11.8508586883545,61.1860427856445,5.29151391983032,0.783807992935181,0,0,
198,50.86249542,0,0,0,18.5687027,0,4.57677412,0,1.987149,0,14.44262028,0,0.476705133914948,0.122079074382782,2.45830321311951,0.455260813236237,2.5285906791687,11.8506851196289,61.1880493164063,5.29151391983032,0.783807992935181,0,0,
199,50.86249542,0,0,0,18.5687027,0,4.57677412,0,1.987149,0,14.44262028,0,0.476705133914948,0.122079074382782,2.45830321311951,0.455260813236237,2.52857518196106,11.8505172729492,61.1900482177734,5.29151391983032,0.783807992935181,0,0,
200,50.86249542,0,0,0,18.5687027,0,4.57677412,0,1.987149,0,14.44262028,0,0.476705133914948,0.122079074382782,2.45830321311951,0.455260813236237,2.52856063842773,11.8503551483154,61.1920394897461,5.29151391983032,0.783807992935181,0,0,
201,50.86249542,0,0,0,18.5687027,0,4.57677412,0,1.987149,0,14.44262028,0,0.476705133914948,0.122079074382782,2.45830321311951,0.455260813236237,2.52854681015015,11.8501996994019,61.194019317627,5.29151391983032,0.783807992935181,0,0,
202,50.86249542,0,0,0,18.5687027,0,4.57677412,0,1.987149,0,14.44262028,0,0.476705133914948,0.122079074382782,2.45830321311951,0.455260813236237,2.52853393554688,11.8500499725342,61.1959953308105,5.29151391983032,0.783807992935181,0,0,
203,50.86249542,0,0,0,18.5687027,0,4.57677412,0,1.987149,0,14.44262028,0,0.476705133914948,0.122079074382782,2.45830321311951,0.455260813236237,2.52852201461792,11.8499059677124,61.1979637145996,5.29151391983032,0.783807992935181,0,0,
204,50.86249542,0,0,0,18.5687027,0,4.57677412,0,1.987149,0,14.44262028,0,0.476705133914948,0.122079074382782,2.45830321311951,0.455260813236237,2.5285108089447,11.8497667312622,61.1999244689941,5.29151391983032,0.783807992935181,0,0,
205,50.86249542,0,0,0,18.5687027,0,4.57677412,0,1.987149,0,14.44262028,0,0.476705133914948,0.122079074382782,2.45830321311951,0.455260813236237,2.52850031852722,11.8496332168579,61.2018775939941,5.29151391983032,0.783807992935181,0,0,
206,50.86249542,0,0,0,18.5687027,0,4.57677412,0,1.987149,0,14.44262028,0,0.476705133914948,0.122079074382782,2.45830321311951,0.455260813236237,2.5284903049469,11.8495025634766,61.2038230895996,5.29151391983032,0.783807992935181,0,0,
207,50.86249542,0,0,0,18.5687027,0,4.57677412,0,1.987149,0,14.44262028,0,0.476705133914948,0.122079074382782,2.45830321311951,0.455260813236237,2.52848100662231,11.8493766784668,61.2057609558105,5.29151391983032,0.783807992935181,0,0,
208,50.86249542,0,0,0,18.5687027,0,4.57677412,0,1.987149,0,14.44262028,0,0.476705133914948,0.122079074382782,2.45830321311951,0.455260813236237,2.52847218513489,11.8492565155029,61.2076950073242,5.29151391983032,0.783807992935181,0,0,
209,50.86249542,0,0,0,18.5687027,0,4.57677412,0,1.987149,0,14.44262028,0,0.476705133914948,0.122079074382782,2.45830321311951,0.455260813236237,2.5284640789032,11.8491401672363,61.2096214294434,5.29151391983032,0.783807992935181,0,0,
210,50.86249542,0,0,0,18.5687027,0,4.57677412,0,1.987149,0,14.44262028,0,0.476705133914948,0.122079074382782,2.45830321311951,0.455260813236237,2.52845644950867,11.849027633667,61.2115364074707,5.29151391983032,0.783807992935181,0,0,
211,50.86249542,0,0,0,18.5687027,0,4.57677412,0,1.987149,0,14.44262028,0,0.476705133914948,0.122079074382782,2.45830321311951,0.455260813236237,2.52844929695129,11.8489198684692,61.2134475708008,5.29151391983032,0.783807992935181,0,0,
212,50.86249542,0,0,0,18.5687027,0,4.57677412,0,1.987149,0,14.44262028,0,0.476705133914948,0.122079074382782,2.45830321311951,0.455260813236237,2.52844262123108,11.8488159179688,61.2153511047363,5.29151391983032,0.783807992935181,0,0,
213,50.86249542,0,0,0,18.5687027,0,4.57677412,0,1.987149,0,14.44262028,0,0.476705133914948,0.122079074382782,2.45830321311951,0.455260813236237,2.52843642234802,11.8487157821655,61.2172470092773,5.29151391983032,0.783807992935181,0,0,
214,50.86249542,0,0,0,18.5687027,0,4.57677412,0,1.987149,0,14.44262028,0,0.476705133914948,0.122079074382782,2.45830321311951,0.455260813236237,2.52843046188354,11.8486194610596,61.2191390991211,5.29151391983032,0.783807992935181,0,0,
215,50.86249542,0,0,0,18.5687027,0,4.57677412,0,1.987149,0,14.44262028,0,0.476705133914948,0.122079074382782,2.45830321311951,0.455260813236237,2.52842497825623,11.8485269546509,61.2210235595703,5.29151391983032,0.783807992935181,0,0,
216,50.86249542,0,0,0,18.5687027,0,4.57677412,0,1.987149,0,14.44262028,0,0.476705133914948,0.122079074382782,2.45830321311951,0.455260813236237,2.52841973304749,11.8484373092651,61.2228965759277,5.29151391983032,0.783807992935181,0,0,
217,50.86249542,0,0,0,18.5687027,0,4.57677412,0,1.987149,0,14.44262028,0,0.476705133914948,0.122079074382782,2.45830321311951,0.455260813236237,2.5284149646759,11.8483514785767,61.2247657775879,5.29151391983032,0.783807992935181,0,0,
218,50.86249542,0,0,0,18.5687027,0,4.57677412,0,1.987149,0,14.44262028,0,0.476705133914948,0.122079074382782,2.45830321311951,0.455260813236237,2.5284104347229,11.8482685089111,61.2266273498535,5.29151391983032,0.783807992935181,0,0,
219,50.86249542,0,0,0,18.5687027,0,4.57677412,0,1.987149,0,14.44262028,0,0.476705133914948,0.122079074382782,2.45830321311951,0.455260813236237,2.52840614318848,11.8481884002686,61.2284812927246,5.29151391983032,0.783807992935181,0,0,
220,50.86249542,0,0,0,18.5687027,0,4.57677412,0,1.987149,0,14.44262028,0,0.476705133914948,0.122079074382782,2.45830321311951,0.455260813236237,2.52840209007263,11.8481101989746,61.2303314208984,5.29151391983032,0.783807992935181,0,0,
221,50.86249542,0,0,0,18.5687027,0,4.57677412,0,1.987149,0,14.44262028,0,0.476705133914948,0.122079074382782,2.45830321311951,0.455260813236237,2.52839827537537,11.8480358123779,61.2321739196777,5.29151391983032,0.783807992935181,0,0,
222,50.86249542,0,0,0,18.5687027,0,4.57677412,0,1.987149,0,14.44262028,0,0.476705133914948,0.122079074382782,2.45830321311951,0.455260813236237,2.52839469909668,11.8479633331299,61.2340126037598,5.29151391983032,0.783807992935181,0,0,
223,50.86249542,0,0,0,18.5687027,0,4.57677412,0,1.987149,0,14.44262028,0,0.476705133914948,0.122079074382782,2.45830321311951,0.455260813236237,2.52839136123657,11.8478946685791,61.2358436584473,5.29151391983032,0.783807992935181,0,0,
224,50.86249542,0,0,0,18.5687027,0,4.57677412,0,1.987149,0,14.44262028,0,0.476705133914948,0.122079074382782,2.45830321311951,0.455260813236237,2.52838826179504,11.847827911377,61.2376670837402,5.29151391983032,0.783807992935181,0,0,
225,50.86249542,0,0,0,18.5687027,0,4.57677412,0,1.987149,0,14.44262028,0,0.476705133914948,0.122079074382782,2.45830321311951,0.455260813236237,2.52838540077209,11.8477630615234,61.2394828796387,5.29151391983032,0.783807992935181,0,0,
226,50.86249542,0,0,0,18.5687027,0,4.57677412,0,1.987149,0,14.44262028,0,0.476705133914948,0.122079074382782,2.45830321311951,0.455260813236237,2.52838277816772,11.8477010726929,61.2412910461426,5.29151391983032,0.783807992935181,0,0,
227,50.86249542,0,0,0,18.5687027,0,4.57677412,0,1.987149,0,14.44262028,0,0.476705133914948,0.122079074382782,2.45830321311951,0.455260813236237,2.52838015556335,11.8476409912109,61.2430953979492,5.29151391983032,0.783807992935181,0,0,
228,50.86249542,0,0,0,18.5687027,0,4.57677412,0,1.987149,0,14.44262028,0,0.476705133914948,0.122079074382782,2.45830321311951,0.455260813236237,2.52837777137756,11.847583770752,61.2448921203613,5.29151391983032,0.783807992935181,0,0,
229,50.86249542,0,0,0,18.5687027,0,4.57677412,0,1.987149,0,14.44262028,0,0.476705133914948,0.122079074382782,2.45830321311951,0.455260813236237,2.52837562561035,11.8475284576416,61.2466850280762,5.29151391983032,0.783807992935181,0,0,
230,50.86249542,0,0,0,18.5687027,0,4.57677412,0,1.987149,0,14.44262028,0,0.476705133914948,0.122079074382782,2.45830321311951,0.455260813236237,2.52837347984314,11.8474750518799,61.2484703063965,5.29151391983032,0.783807992935181,0,0,
231,50.86249542,0,0,0,18.5687027,0,4.57677412,0,1.987149,0,14.44262028,0,0.476705133914948,0.122079074382782,2.45830321311951,0.455260813236237,2.52837157249451,11.8474235534668,61.2502517700195,5.29151391983032,0.783807992935181,0,0,
232,50.86249542,0,0,0,18.5687027,0,4.57677412,0,1.987149,0,14.44262028,0,0.476705133914948,0.122079074382782,2.45830321311951,0.455260813236237,2.52836966514587,11.8473739624023,61.252025604248,5.29151391983032,0.783807992935181,0,0,
233,50.86249542,0,0,0,18.5687027,0,4.57677412,0,1.987149,0,14.44262028,0,0.476705133914948,0.122079074382782,2.45830321311951,0.455260813236237,2.52836799621582,11.8473262786865,61.253791809082,5.29151391983032,0.783807992935181,0,0,
234,50.86249542,0,0,0,18.5687027,0,4.57677412,0,1.987149,0,14.44262028,0,0.476705133914948,0.122079074382782,2.45830321311951,0.455260813236237,2.52836632728577,11.847279548645,61.2555541992188,5.29151391983032,0.783807992935181,0,0,
235,50.86249542,0,0,0,18.5687027,0,4.57677412,0,1.987149,0,14.44262028,0,0.476705133914948,0.122079074382782,2.45830321311951,0.455260813236237,2.52836489677429,11.8472356796265,61.2573089599609,5.29151391983032,0.783807992935181,0,0,
236,50.86249542,0,0,0,18.5687027,0,4.57677412,0,1.987149,0,14.44262028,0,0.476705133914948,0.122079074382782,2.45830321311951,0.455260813236237,2.52836346626282,11.8471927642822,61.2590599060059,5.29151391983032,0.783807992935181,0,0,
237,50.86249542,0,0,0,18.5687027,0,4.57677412,0,1.987149,0,14.44262028,0,0.476705133914948,0.122079074382782,2.45830321311951,0.455260813236237,2.52836203575134,11.8471517562866,61.260799407959,5.29151391983032,0.783807992935181,0,0,
238,50.86249542,0,0,0,18.5687027,0,4.57677412,0,1.987149,0,14.44262028,0,0.476705133914948,0.122079074382782,2.45830321311951,0.455260813236237,2.52836084365845,11.8471126556396,61.2625350952148,5.29151391983032,0.783807992935181,0,0,
239,50.86249542,0,0,0,18.5687027,0,4.57677412,0,1.987149,0,14.44262028,0,0.476705133914948,0.122079074382782,2.45830321311951,0.455260813236237,2.52835965156555,11.847074508667,61.2642631530762,5.29151391983032,0.783807992935181,0,0,
240,50.86249542,0,0,0,18.5687027,0,4.57677412,0,1.987149,0,14.44262028,0,0.476705133914948,0.122079074382782,2.45830321311951,0.455260813236237,2.52835845947266,11.847038269043,61.2659873962402,5.29151391983032,0.783807992935181,0,0,
241,50.86249542,0,0,0,18.5687027,0,4.57677412,0,1.987149,0,14.44262028,0,0.476705133914948,0.122079074382782,2.45830321311951,0.455260813236237,2.52835750579834,11.8470029830933,61.2677040100098,5.29151391983032,0.783807992935181,0,0,
242,50.86249542,0,0,0,18.5687027,0,4.57677412,0,1.987149,0,14.44262028,0,0.476705133914948,0.122079074382782,2.45830321311951,0.455260813236237,2.52835655212402,11.8469686508179,61.269416809082,5.29151391983032,0.783807992935181,0,0,
243,50.86249542,0,0,0,18.5687027,0,4.57677412,0,1.987149,0,14.44262028,0,0.476705133914948,0.122079074382782,2.45830321311951,0.455260813236237,2.52835559844971,11.8469362258911,61.2711219787598,5.29151391983032,0.783807992935181,0,0,
244,50.86249542,0,0,0,18.5687027,0,4.57677412,0,1.987149,0,14.44262028,0,0.476705133914948,0.122079074382782,2.45830321311951,0.455260813236237,2.52835464477539,11.8469047546387,61.2728233337402,5.29151391983032,0.783807992935181,0,0,
245,50.86249542,0,0,0,18.5687027,0,4.57677412,0,1.987149,0,14.44262028,0,0.476705133914948,0.122079074382782,2.45830321311951,0.455260813236237,2.52835392951965,11.8468742370605,61.2745170593262,5.29151391983032,0.783807992935181,0,0,
246,50.86249542,0,0,0,18.5687027,0,4.57677412,0,1.987149,0,14.44262028,0,0.476705133914948,0.122079074382782,2.45830321311951,0.455260813236237,2.52835321426392,11.8468446731567,61.2762069702148,5.29151391983032,0.783807992935181,0,0,
247,50.86249542,0,0,0,18.5687027,0,4.57677412,0,1.987149,0,14.44262028,0,0.476705133914948,0.122079074382782,2.45830321311951,0.455260813236237,2.52835249900818,11.8468160629272,61.2778930664063,5.29151391983032,0.783807992935181,0,0,
248,50.86249542,0,0,0,18.5687027,0,4.57677412,0,1.987149,0,14.44262028,0,0.476705133914948,0.122079074382782,2.45830321311951,0.455260813236237,2.52835178375244,11.8467893600464,61.2795715332031,5.29151391983032,0.783807992935181,0,0,
249,50.86249542,0,0,0,18.5687027,0,4.57677412,0,1.987149,0,14.44262028,0,0.476705133914948,0.122079074382782,2.45830321311951,0.455260813236237,2.52835130691528,11.8467636108398,61.2812461853027,5.29151391983032,0.783807992935181,0,0,
250,50.86249542,0,0,0,18.5687027,0,4.57677412,0,1.987149,0,14.44262028,0,0.476705133914948,0.122079074382782,2.45830321311951,0.455260813236237,2.52835083007813,11.8467388153076,61.2829132080078,5.29151391983032,0.783807992935181,0,0,
251,50.86249542,0,0,0,18.5687027,0,4.57677412,0,1.987149,0,14.44262028,0,0.476705133914948,0.122079074382782,2.45830321311951,0.455260813236237,2.52835035324097,11.8467140197754,61.2845764160156,5.29151391983032,0.783807992935181,0,0,
252,50.86249542,0,0,0,18.5687027,0,4.57677412,0,1.987149,0,14.44262028,0,0.476705133914948,0.122079074382782,2.45830321311951,0.455260813236237,2.52834987640381,11.8466901779175,61.2862319946289,5.29151391983032,0.783807992935181,0,0,
253,50.86249542,0,0,0,18.5687027,0,4.57677412,0,1.987149,0,14.44262028,0,0.476705133914948,0.122079074382782,2.45830321311951,0.455260813236237,2.52834939956665,11.8466672897339,61.2878837585449,5.29151391983032,0.783807992935181,0,0,
254,50.86249542,0,0,0,18.5687027,0,4.57677412,0,1.987149,0,14.44262028,0,0.476705133914948,0.122079074382782,2.45830321311951,0.455260813236237,2.52834892272949,11.8466453552246,61.2895278930664,5.29151391983032,0.783807992935181,0,0,
255,50.86249542,0,0,0,18.5687027,0,4.57677412,0,1.987149,0,14.44262028,0,0.476705133914948,0.122079074382782,2.45830321311951,0.455260813236237,2.52834844589233,11.846625328064,61.2911682128906,5.29151391983032,0.783807992935181,0,0,
256,50.86249542,0,0,0,18.5687027,0,4.57677412,0,1.987149,0,14.44262028,0,0.476705133914948,0.122079074382782,2.45830321311951,0.455260813236237,2.5283479690551798,11.8466053009033,61.2928047180176,5.29151391983032,0.783807992935181,0,0,
257,50.86249542,0,0,0,18.5687027,0,4.57677412,0,1.987149,0,14.44262028,0,0.476705133914948,0.122079074382782,2.45830321311951,0.455260813236237,2.52834749221802,11.846586227417,61.29443359375,5.29151391983032,0.783807992935181,0,0,
258,50.86249542,0,0,0,18.5687027,0,4.57677412,0,1.987149,0,14.44262028,0,0.476705133914948,0.122079074382782,2.45830321311951,0.455260813236237,2.52834725379944,11.8465671539307,61.2960586547852,5.29151391983032,0.783807992935181,0,0,
259,50.86249542,0,0,0,18.5687027,0,4.57677412,0,1.987149,0,14.44262028,0,0.476705133914948,0.122079074382782,2.45830321311951,0.455260813236237,2.52834701538086,11.8465490341187,61.2976722717285,5.29151391983032,0.783807992935181,0,0,
260,50.86249542,0,0,0,18.5687027,0,4.57677412,0,1.987149,0,14.44262028,0,0.476705133914948,0.122079074382782,2.45830321311951,0.455260813236237,2.52834677696228,11.846531867981,61.2992820739746,5.29151391983032,0.783807992935181,0,0,
261,50.86249542,0,0,0,18.5687027,0,4.57677412,0,1.987149,0,14.44262028,0,0.476705133914948,0.122079074382782,2.45830321311951,0.455260813236237,2.5283465385437,11.8465147018433,61.3008880615234,5.29151391983032,0.783807992935181,0,0,
262,50.86249542,0,0,0,18.5687027,0,4.57677412,0,1.987149,0,14.44262028,0,0.476705133914948,0.122079074382782,2.45830321311951,0.455260813236237,2.52834630012512,11.8464984893799,61.3024864196777,5.29151391983032,0.783807992935181,0,0,
263,50.86249542,0,0,0,18.5687027,0,4.57677412,0,1.987149,0,14.44262028,0,0.476705133914948,0.122079074382782,2.45830321311951,0.455260813236237,2.52834606170654,11.8464822769165,61.3040809631348,5.29151391983032,0.783807992935181,0,0,
264,50.86249542,0,0,0,18.5687027,0,4.57677412,0,1.987149,0,14.44262028,0,0.476705133914948,0.122079074382782,2.45830321311951,0.455260813236237,2.52834582328796,11.8464679718018,61.3056678771973,5.29151391983032,0.783807992935181,0,0,
265,50.86249542,0,0,0,18.5687027,0,4.57677412,0,1.987149,0,14.44262028,0,0.476705133914948,0.122079074382782,2.45830321311951,0.455260813236237,2.52834558486938,11.846453666687,61.3072509765625,5.29151391983032,0.783807992935181,0,0,
266,50.86249542,0,0,0,18.5687027,0,4.57677412,0,1.987149,0,14.44262028,0,0.476705133914948,0.122079074382782,2.45830321311951,0.455260813236237,2.52834534645081,11.8464403152466,61.3088302612305,5.29151391983032,0.783807992935181,0,0,
267,50.86249542,0,0,0,18.5687027,0,4.57677412,0,1.987149,0,14.44262028,0,0.476705133914948,0.122079074382782,2.45830321311951,0.455260813236237,2.52834510803223,11.8464269638062,61.3104019165039,5.29151391983032,0.783807992935181,0,0,
268,50.86249542,0,0,0,18.5687027,0,4.57677412,0,1.987149,0,14.44262028,0,0.476705133914948,0.122079074382782,2.45830321311951,0.455260813236237,2.52834486961365,11.84641456604,61.3119697570801,5.29151391983032,0.783807992935181,0,0,
269,50.86249542,0,0,0,18.5687027,0,4.57677412,0,1.987149,0,14.44262028,0,0.476705133914948,0.122079074382782,2.45830321311951,0.455260813236237,2.52834463119507,11.8464021682739,61.313533782959,5.29151391983032,0.783807992935181,0,0,
270,50.86249542,0,0,0,18.5687027,0,4.57677412,0,1.987149,0,14.44262028,0,0.476705133914948,0.122079074382782,2.45830321311951,0.455260813236237,2.52834439277649,11.8463897705078,61.3150901794434,5.29151391983032,0.783807992935181,0,0,
271,50.86249542,0,0,0,18.5687027,0,4.57677412,0,1.987149,0,14.44262028,0,0.476705133914948,0.122079074382782,2.45830321311951,0.455260813236237,2.52834415435791,11.846378326416,61.3166427612305,5.29151391983032,0.783807992935181,0,0,
272,50.86249542,0,0,0,18.5687027,0,4.57677412,0,1.987149,0,14.44262028,0,0.476705133914948,0.122079074382782,2.45830321311951,0.455260813236237,2.52834415435791,11.8463668823242,61.3181915283203,5.29151391983032,0.783807992935181,0,0,
273,50.86249542,0,0,0,18.5687027,0,4.57677412,0,1.987149,0,14.44262028,0,0.476705133914948,0.122079074382782,2.45830321311951,0.455260813236237,2.52834415435791,11.8463563919067,61.3197326660156,5.29151391983032,0.783807992935181,0,0,
274,50.86249542,0,0,0,18.5687027,0,4.57677412,0,1.987149,0,14.44262028,0,0.476705133914948,0.122079074382782,2.45830321311951,0.455260813236237,2.52834415435791,11.8463459014893,61.3212699890137,5.29151391983032,0.783807992935181,0,0,
275,50.86249542,0,0,0,18.5687027,0,4.57677412,0,1.987149,0,14.44262028,0,0.476705133914948,0.122079074382782,2.45830321311951,0.455260813236237,2.52834415435791,11.8463354110718,61.3228034973145,5.29151391983032,0.783807992935181,0,0,
276,50.86249542,0,0,0,18.5687027,0,4.57677412,0,1.987149,0,14.44262028,0,0.476705133914948,0.122079074382782,2.45830321311951,0.455260813236237,2.52834415435791,11.8463258743286,61.3243293762207,5.29151391983032,0.783807992935181,0,0,
277,50.86249542,0,0,0,18.5687027,0,4.57677412,0,1.987149,0,14.44262028,0,0.476705133914948,0.122079074382782,2.45830321311951,0.455260813236237,2.52834415435791,11.8463172912598,61.3258514404297,5.29151391983032,0.783807992935181,0,0,
278,50.86249542,0,0,0,18.5687027,0,4.57677412,0,1.987149,0,14.44262028,0,0.476705133914948,0.122079074382782,2.45830321311951,0.455260813236237,2.52834415435791,11.8463087081909,61.3273696899414,5.29151391983032,0.783807992935181,0,0,
279,50.86249542,0,0,0,18.5687027,0,4.57677412,0,1.987149,0,14.44262028,0,0.476705133914948,0.122079074382782,2.45830321311951,0.455260813236237,2.52834415435791,11.8463001251221,61.3288803100586,5.29151391983032,0.783807992935181,0,0,
280,50.86249542,0,0,0,18.5687027,0,4.57677412,0,1.987149,0,14.44262028,0,0.476705133914948,0.122079074382782,2.45830321311951,0.455260813236237,2.52834415435791,11.8462924957275,61.3303871154785,5.29151391983032,0.783807992935181,0,0,
281,50.86249542,0,0,0,18.5687027,0,4.57677412,0,1.987149,0,14.44262028,0,0.476705133914948,0.122079074382782,2.45830321311951,0.455260813236237,2.52834415435791,11.846284866333,61.3318901062012,5.29151391983032,0.783807992935181,0,0,
282,50.86249542,0,0,0,18.5687027,0,4.57677412,0,1.987149,0,14.44262028,0,0.476705133914948,0.122079074382782,2.45830321311951,0.455260813236237,2.52834415435791,11.8462772369385,61.3333854675293,5.29151391983032,0.783807992935181,0,0,
283,50.86249542,0,0,0,18.5687027,0,4.57677412,0,1.987149,0,14.44262028,0,0.476705133914948,0.122079074382782,2.45830321311951,0.455260813236237,2.52834415435791,11.8462705612183,61.3348770141602,5.29151391983032,0.783807992935181,0,0,
284,50.86249542,0,0,0,18.5687027,0,4.57677412,0,1.987149,0,14.44262028,0,0.476705133914948,0.122079074382782,2.45830321311951,0.455260813236237,2.52834415435791,11.846263885498,61.3363647460938,5.29151391983032,0.783807992935181,0,0,
285,50.86249542,0,0,0,18.5687027,0,4.57677412,0,1.987149,0,14.44262028,0,0.476705133914948,0.122079074382782,2.45830321311951,0.455260813236237,2.52834415435791,11.8462572097778,61.3378486633301,5.29151391983032,0.783807992935181,0,0,
286,50.86249542,0,0,0,18.5687027,0,4.57677412,0,1.987149,0,14.44262028,0,0.476705133914948,0.122079074382782,2.45830321311951,0.455260813236237,2.52834415435791,11.8462505340576,61.3393249511719,5.29151391983032,0.783807992935181,0,0,
287,50.86249542,0,0,0,18.5687027,0,4.57677412,0,1.987149,0,14.44262028,0,0.476705133914948,0.122079074382782,2.45830321311951,0.455260813236237,2.52834415435791,11.8462438583374,61.3407974243164,5.29151391983032,0.783807992935181,0,0,
288,50.86249542,0,0,0,18.5687027,0,4.57677412,0,1.987149,0,14.44262028,0,0.476705133914948,0.122079074382782,2.45830321311951,0.455260813236237,2.52834415435791,11.8462381362915,61.3422660827637,5.29151391983032,0.783807992935181,0,0,
289,50.86249542,0,0,0,18.5687027,0,4.57677412,0,1.987149,0,14.44262028,0,0.476705133914948,0.122079074382782,2.45830321311951,0.455260813236237,2.52834415435791,11.8462324142456,61.3437271118164,5.29151391983032,0.783807992935181,0,0,
290,50.86249542,0,0,0,18.5687027,0,4.57677412,0,1.987149,0,14.44262028,0,0.476705133914948,0.122079074382782,2.45830321311951,0.455260813236237,2.52834415435791,11.8462266921997,61.3451843261719,5.29151391983032,0.783807992935181,0,0,
291,50.86249542,0,0,0,18.5687027,0,4.57677412,0,1.987149,0,14.44262028,0,0.476705133914948,0.122079074382782,2.45830321311951,0.455260813236237,2.52834415435791,11.8462209701538,61.3466377258301,5.29151391983032,0.783807992935181,0,0,
292,50.86249542,0,0,0,18.5687027,0,4.57677412,0,1.987149,0,14.44262028,0,0.476705133914948,0.122079074382782,2.45830321311951,0.455260813236237,2.52834415435791,11.8462152481079,61.348087310791,5.29151391983032,0.783807992935181,0,0,
293,50.86249542,0,0,0,18.5687027,0,4.57677412,0,1.987149,0,14.44262028,0,0.476705133914948,0.122079074382782,2.45830321311951,0.455260813236237,2.52834415435791,11.8462104797363,61.3495292663574,5.29151391983032,0.783807992935181,0,0,
294,50.86249542,0,0,0,18.5687027,0,4.57677412,0,1.987149,0,14.44262028,0,0.476705133914948,0.122079074382782,2.45830321311951,0.455260813236237,2.52834415435791,11.8462057113647,61.3509674072266,5.29151391983032,0.783807992935181,0,0,
295,50.86249542,0,0,0,18.5687027,0,4.57677412,0,1.987149,0,14.44262028,0,0.476705133914948,0.122079074382782,2.45830321311951,0.455260813236237,2.52834415435791,11.8462009429932,61.3524017333984,5.29151391983032,0.783807992935181,0,0,
296,50.86249542,0,0,0,18.5687027,0,4.57677412,0,1.987149,0,14.44262028,0,0.476705133914948,0.122079074382782,2.45830321311951,0.455260813236237,2.52834415435791,11.8461961746216,61.353832244873,5.29151391983032,0.783807992935181,0,0,
297,50.86249542,0,0,0,18.5687027,0,4.57677412,0,1.987149,0,14.44262028,0,0.476705133914948,0.122079074382782,2.45830321311951,0.455260813236237,2.52834415435791,11.84619140625,61.3552551269531,5.29151391983032,0.783807992935181,0,0,
298,50.86249542,0,0,0,18.5687027,0,4.57677412,0,1.987149,0,14.44262028,0,0.476705133914948,0.122079074382782,2.45830321311951,0.455260813236237,2.52834415435791,11.8461866378784,61.3566741943359,5.29151391983032,0.783807992935181,0,0,
299,50.86249542,0,0,0,18.5687027,0,4.57677412,0,1.987149,0,14.44262028,0,0.476705133914948,0.122079074382782,2.45830321311951,0.455260813236237,2.52834415435791,11.8461818695068,61.3580894470215,5.29151391983032,0.783807992935181,0,0,
300,50.86249542,0,0,0,18.5687027,0,4.57677412,0,1.987149,0,14.44262028,0,0.476705133914948,0.122079074382782,2.45830321311951,0.455260813236237,2.52834415435791,11.8461780548096,61.3595008850098,5.29151391983032,0.783807992935181,0,0,
