"Time Step","Softwood Merchantable","Hardwood Merchantable","Softwood Submerchantable","Hardwood Submerchantable","Softwood Other","Hardwood Other","Softwood Foliage","Hardwood Foliage","Softwood Fine Roots","Hardwood Fine Roots","Softwood Coarse Roots","Hardwood Coarse Roots","Aboveground Very Fast DOM","Belowground Very Fast DOM","Aboveground Fast DOM","Belowground Fast DOM","Medium DOM","Aboveground Slow DOM","Belowground Slow DOM","Softwood Stem Snag","Softwood Branch Snag","Hardwood Stem Snag","Hardwood Branch Snag",
0,0.2844294012,0,0,0,0.3676099777,0,0.1235507131,0,0.07209829241,0,0.1000827029,0,1.60690116882324,0.181311741471291,22.0447101593018,5.82815647125244,8.75911712646484,13.4452934265137,61.7117195129395,9.2293438501656e-4,0.00161671556998044,0,0,
1,0.9001759291,0,0,0,0.9787122607,0,0.2875081897,0,0.1953000873,0,0.2856399417,0,0.445053398609161,0.0360566042363644,16.7524700164795,4.42599105834961,8.20934867858887,14.1299648284912,61.8631477355957,0.00470924377441406,0.0072008348070085,0,0,
2,1.756917477,0,0,0,1.700324178,0,0.4663388133,0,0.3403559327,0,0.5306790471,0,0.155564084649086,0.0196069367229939,12.752025604248,3.36315202713013,7.6942024230957,14.4330282211304,61.9442291259766,0.0130373854190111,0.0174825135618448,0,0,
3,2.8100781440000002,0,0,0,2.482408047,0,0.6520419717,0,0.4935416281,0,0.8261436224,0,0.0987980589270592,0.0246485564857721,9.73498821258545,2.55833458900452,7.21164083480835,14.5352401733398,61.9868545532227,0.0270433891564608,0.0322348549962044,0,0,
4,4.026938438,0,0,0,3.294803858,0,0.8401668072,0,0.6461448073,0,1.165799141,0,0.104166977107525,0.0333416052162647,7.46624898910522,1.94975674152374,6.75978899002075,14.5140686035156,62.0041809082031,0.0475416034460068,0.0509255342185497,0,0,
5,5.380342484,0,0,0,4.116841316,0,1.027832389,0,0.7925106883,0,1.544043064,0,0.125740095973015,0.0424461960792542,5.76666021347046,1.49047136306763,6.33691358566284,14.4120721817017,62.0041999816895,0.075101301074028,0.0729096159338951,0,0,
6,6.846457958,0,0,0,4.933590412,0,1.213041186,0,0.9291424155,0,1.955323458,0,0.150868728756905,0.0512052960693836,4.49972057342529,1.14479529857635,5.94140815734863,14.2568597793579,61.9924392700195,0.110090777277946,0.0975199788808823,0,0,
7,8.403791428,0,0,0,5.73406601,0,1.394362092,0,1.054115415,0,2.394037724,0,0.175905048847198,0.0593573935329914,3.56141638755798,0.885596811771393,5.57177734375,14.0677881240845,61.9728507995605,0.152708292007446,0.124114535748959,0,0,
8,10.03270626,0,0,0,6.510205269,0,1.570757389,0,1.166639686,0,2.854595184,0,0.199718818068504,0.0667904615402222,2.87247562408447,0.692236125469208,5.22662591934204,13.858793258667,61.9482460021973,0.203006252646446,0.152101218700409,0,0,
9,11.715177539999999,0,0,0,7.256207466,0,1.741477251,0,1.266717434,0,3.3315382,0,0.221941784024239,0.0734661594033241,2.37247323989868,0.549002230167389,4.90464782714844,13.639949798584,61.9206008911133,0.260911643505096,0.180950403213501,0,0,
10,13.26373577,0,0,0,8.062654495,0,1.890474558,0,1.351944923,0,3.802199364,0,0.242040872573853,0.0793164223432541,2.01635479927063,0.443861126899719,4.60461568832397,13.4183406829834,61.891227722168,0.325689136981964,0.210615620017052,0,0,
11,15.14966583,0,0,0,8.501960754,0,2.030668736,0,1.426301718,0,4.275167465,0,0.2598797082901,0.0843709260225296,1.76602244377136,0.367623656988144,4.32535934448242,13.1986923217773,61.8610000610352,0.39757028222084,0.239578038454056,0,0,
12,17.02784157,0,0,0,8.962230682,0,2.169752121,0,1.492513537,0,4.7589674,0,0.276116102933884,0.0888072848320007,1.5920535326004,0.313378602266312,4.06578683853149,12.9843187332153,61.8305816650391,0.47718146443367,0.26646164059639,0,0,
13,18.87991524,0,0,0,9.433372498,0,2.306182384,0,1.550744057,0,5.246778488,0,0.291169017553329,0.0927285403013229,1.47631788253784,0.275885760784149,3.82489514350891,12.7776718139648,61.8004684448242,0.563930630683899,0.291839599609375,0,0,
14,20.69255066,0,0,0,9.907701492,0,2.438947439,0,1.60155642,0,5.733146191,0,0.305129498243332,0.0961699858307838,1.40484642982483,0.251120388507843,3.60172557830811,12.5804300308228,61.7709732055664,0.657159924507141,0.316087484359741,0,0,
15,22.45474243,0,0,0,10.37904167,0,2.567293167,0,1.645666003,0,6.213373184,0,0.318040877580643,0.0991702899336815,1.36686646938324,0.235988408327103,3.39536023139954,12.3936614990234,61.7422828674316,0.756173372268677,0.339441657066345,0,0,
16,24.15980911,0,0,0,10.84305096,0,2.690822601,0,1.683888197,0,6.684109688,0,0.32995668053627,0.101775079965591,1.35406732559204,0.228110462427139,3.20491766929626,12.2179803848267,61.7145118713379,0.860261142253876,0.362042963504791,0,0,
17,25.8008461,0,0,0,11.29585266,0,2.80914259,0,1.71696806,0,7.142128468,0,0.34094163775444,0.104031972587109,1.360032081604,0.225655183196068,3.02955055236816,12.0536651611328,61.6877021789551,0.968713581562042,0.383966743946075,0,0,
18,27.37500954,0,0,0,11.73508739,0,2.922152996,0,1.745646358,0,7.585513115,0,0.351066142320633,0.105986893177032,1.37980425357819,0.2272127866745,2.86844372749329,11.9007501602173,61.6618690490723,1.08083367347717,0.405245244503021,0,0,
19,28.87703514,0,0,0,12.15804195,0,3.029575109,0,1.770520568,0,8.011832237,0,0.360398054122925,0.107681721448898,1.4095493555069,0.231696501374245,2.72081184387207,11.7590894699097,61.6370048522949,1.19594156742096,0.425881654024124,0,0,
20,30.3056488,0,0,0,12.56335258,0,3.131409883,0,1.792164445,0,8.419926643,0,0.368999660015106,0.109153404831886,1.44629645347595,0.238267660140991,2.58589887619019,11.6284084320068,61.6130867004395,1.31337857246399,0.445860505104065,0,0,
21,31.66343117,0,0,0,12.95097923,0,3.227916718,0,1.811108708,0,8.80988884,0,0.376939415931702,0.110436335206032,1.48776924610138,0.246285542845726,2.4629762172699,11.5083446502686,61.590087890625,1.43253135681152,0.46516352891922,0,0,
22,32.94847107,0,0,0,13.3197422,0,3.319027662,0,1.827732325,0,9.180635452,0,0.384277820587158,0.111559502780437,1.53222012519836,0.255259931087494,2.35134267807007,11.3984775543213,61.5679740905762,1.55282700061798,0.483770817518234,0,0,
23,34.16073227,0,0,0,13.66913509,0,3.404795885,0,1.842372537,0,9.531723022,0,0.391061037778854,0.112546034157276,1.57829606533051,0.264812916517258,2.25032424926758,11.2983455657959,61.5467185974121,1.67372190952301,0.501659154891968,0,0,
24,35.30602646,0,0,0,14.00044155,0,3.485680103,0,1.855371237,0,9.864485741,0,0.397340327501297,0.113417148590088,1.6249805688858,0.274660974740982,2.15927219390869,11.207465171814,61.5262832641602,1.79472541809082,0.518813669681549,0,0,
25,36.38179779,0,0,0,14.31259155,0,3.561537981,0,1.866919041,0,10.1778965,0,0.403158009052277,0.114189982414246,1.67150413990021,0.284590005874634,2.07756447792053,11.1253423690796,61.5066375732422,1.91538774967194,0.535223484039307,0,0,
26,37.39140701,0,0,0,14.60631084,0,3.632635117,0,1.877232671,0,10.47270584,0,0.408545166254044,0.114877790212631,1.71727693080902,0.294436484575272,2.00460433959961,11.0514764785767,61.4877471923828,2.03529000282288,0.550878405570984,0,0,
27,38.34000015,0,0,0,14.88288879,0,3.69936347,0,1.886506557,0,10.7502327,0,0.413540482521057,0.115493319928646,1.76188123226166,0.304084062576294,1.93981981277466,10.9853773117065,61.4695854187012,2.15406680107117,0.565779328346252,0,0,
28,39.22657013,0,0,0,15.14188099,0,3.761670828,0,1.894845128,0,11.01004124,0,0.418173611164093,0.11604630947113,1.80501282215118,0.313447773456573,1.88266396522522,10.9265604019165,61.4521217346191,2.27138924598694,0.579930663108826,0,0,
29,40.05794144,0,0,0,15.38512611,0,3.820053101,0,1.902403474,0,11.25400925,0,0.422472268342972,0.116545028984547,1.84646248817444,0.322468638420105,1.83261430263519,10.8745565414429,61.4353256225586,2.386967420578,0.593342006206512,0,0,
30,40.83286285,0,0,0,15.6121788,0,3.87443614,0,1.909242868,0,11.48168182,0,0.42646136879921,0.116996362805367,1.88609349727631,0.331107199192047,1.78917264938354,10.8289127349854,61.4191741943359,2.50054836273193,0.606027007102966,0,0,
31,41.55788803,0,0,0,15.82486534,0,3.925290585,0,1.915478945,0,11.69490719,0,0.430162847042084,0.117405995726585,1.92382407188416,0.339338839054108,1.75186419487,10.7891931533813,61.403636932373,2.6119110584259,0.618002653121948,0,0,
32,42.23355865,0,0,0,16.02326393,0,3.972659588,0,1.921161652,0,11.89378452,0,0.433599770069122,0.117779113352299,1.95962238311768,0.347152292728424,1.72023749351501,10.7549819946289,61.3886947631836,2.72087216377258,0.629290878772736,0,0,
33,42.86231613,0,0,0,16.20806313,0,4.016725063,0,1.926348209,0,12.07898903,0,0.436787217855453,0.118119299411774,1.99347770214081,0.354541897773743,1.69386374950409,10.7258806228638,61.374324798584,2.82726883888245,0.639912128448486,0,0,
34,43.44846344,0,0,0,16.38046265,0,4.057790279,0,1.93110323,0,12.25174713,0,0.439744055271149,0.118430271744728,2.02541208267212,0.361510574817657,1.67233645915985,10.701512336731,61.3605079650879,2.93097066879272,0.649891138076782,0,0,
35,43.99235535,0,0,0,16.5405426,0,4.095887184,0,1.935451984,0,12.41213799,0,0.442485719919205,0.118714950978756,2.05546379089355,0.368065506219864,1.65527057647705,10.6815176010132,61.3472175598145,3.0318706035614,0.659252941608429,0,0,
36,44.50011444,0,0,0,16.69007301,0,4.131444931,0,1.939461827,0,12.561941149999999,0,0.445029348134995,0.118976190686226,2.08369159698486,0.374219208955765,1.6423020362854,10.6655578613281,61.3344345092773,3.1298885345459,0.668025612831116,0,0,
37,44.97198868,0,0,0,16.82910156,0,4.164484501,0,1.943148613,0,12.70120907,0,0.447392046451569,0.119216598570347,2.11017060279846,0.379988133907318,1.63308715820313,10.6533193588257,61.3221435546875,3.2249710559845,0.676239311695099,0,0,
38,45.40821075,0,0,0,16.95768547,0,4.195023537,0,1.946525574,0,12.82999897,0,0.449580311775208,0.119437359273434,2.13496112823486,0.38538521528244,1.62730240821838,10.6444988250732,61.3103256225586,3.3170690536499,0.683918416500092,0,0,
39,45.81475067,0,0,0,17.07756805,0,4.223482609,0,1.949647903,0,12.95005989,0,0.451607376337051,0.1196403875947,2.15813803672791,0.390427082777023,1.62464284896851,10.6388149261475,61.2989616394043,3.40615630149841,0.691090106964111,0,0,
40,46.19176865,0,0,0,17.18877602,0,4.249871731,0,1.952523947,0,13.06142902,0,0.453488141298294,0.119827665388584,2.17978763580322,0.395133137702942,1.6248220205307,10.6360034942627,61.2880363464355,3.49222898483276,0.697783648967743,0,0,
41,46.54133224,0,0,0,17.29191971,0,4.274339199,0,1.955175042,0,13.16471004,0,0.455230861902237,0.120000265538692,2.19998693466187,0.399520576000214,1.6275714635849,10.635817527771,61.2775382995605,3.57529020309448,0.704025149345398,0,0,
42,46.86547089,0,0,0,17.38757515,0,4.297023773,0,1.957621098,0,13.26049614,0,0.456845223903656,0.120159402489662,2.21881484985352,0.40360701084137,1.63263940811157,10.6380252838135,61.2674446105957,3.65535616874695,0.709840416908264,0,0,
43,47.1662178,0,0,0,17.47635841,0,4.318072319,0,1.95988059,0,13.34938335,0,0.458341002464294,0.120306290686131,2.23635101318359,0.407410234212875,1.63979053497314,10.6424121856689,61.2577476501465,3.7324552536010702,0.71525502204895,0,0,
44,47.44364548,0,0,0,17.5582695,0,4.337488651,0,1.961957455,0,13.43139076,0,0.459724843502045,0.12044170498848,2.25266742706299,0.410946220159531,1.64880514144897,10.6487741470337,61.2484283447266,3.80662083625793,0.720292091369629,0,0,
45,47.70165634,0,0,0,17.63446236,0,4.355545521,0,1.963882923,0,13.50766754,0,0.461005419492722,0.120566643774509,2.26783800125122,0.414231449365616,1.65947818756104,10.6569232940674,61.2394790649414,3.8778977394104,0.724974811077118,0,0,
46,47.94032288,0,0,0,17.70495224,0,4.372248173,0,1.965658903,0,13.57823181,0,0.462192058563232,0.120682157576084,2.28193807601929,0.417282819747925,1.67161905765533,10.6666851043701,61.230884552002,3.94633984565735,0.729326903820038,0,0,
47,48.16160583,0,0,0,17.77031898,0,4.387732506,0,1.967301607,0,13.64366245,0,0.46329066157341,0.120788857340813,2.29503583908081,0.420115530490875,1.6850506067276,10.6778964996338,61.2226295471191,4.01200485229492,0.733369648456573,0,0,
48,48.36553574,0,0,0,17.83056259,0,4.402005672,0,1.968812466,0,13.70396423,0,0.46430641412735,0.12088730931282,2.30719399452209,0.422743290662766,1.69960832595825,10.6904067993164,61.2147064208984,4.07495355606079,0.737122416496277,0,0,
49,48.55408478,0,0,0,17.88627625,0,4.415201187,0,1.970207095,0,13.75972748,0,0.465244293212891,0.120978020131588,2.31846976280212,0.42517876625061,1.71514022350311,10.7040729522705,61.207103729248,4.13524913787842,0.740603148937225,0,0,
50,48.72916794,0,0,0,17.93801308,0,4.427453041,0,1.971500039,0,13.81150913,0,0.46611213684082,0.121061891317368,2.3289258480072,0.427435904741287,1.73150551319122,10.7187652587891,61.1998100280762,4.19296360015869,0.743831098079681,0,0,
51,48.89273071,0,0,0,17.9863472,0,4.438900471,0,1.972706318,0,13.85988617,0,0.466918766498566,0.12113980203867,2.3386287689209,0.42952960729599,1.74857461452484,10.7343664169312,61.1928176879883,4.24817657470703,0.746826589107513,0,0,
52,49.04098129,0,0,0,18.03015709,0,4.44927597,0,1.973798394,0,13.90373421,0,0.467663288116455,0.12121158093214,2.34762167930603,0.431469142436981,1.76622819900513,10.7507638931274,61.1861152648926,4.30095720291138,0.749603033065796,0,0,
53,49.17964935,0,0,0,18.07113838,0,4.458981037,0,1.974818826,0,13.94474983,0,0.468348979949951,0.121277585625648,2.35594701766968,0.433263689279556,1.78435671329498,10.7678518295288,61.1796913146973,4.3513765335083,0.752173900604248,0,0,
54,49.30875778,0,0,0,18.10930252,0,4.468016624,0,1.975768209,0,13.98294163,0,0.468986392021179,0.121338970959187,2.36366438865662,0.434926718473434,1.80285942554474,10.7855377197266,61.1735420227051,4.39951944351196,0.754557192325592,0,0,
55,49.4264183,0,0,0,18.14408302,0,4.476251602,0,1.976632833,0,14.01774597,0,0.469575166702271,0.121395602822304,2.3708119392395,0.436466306447983,1.82164466381073,10.8037328720093,61.167652130127,4.44545984268188,0.756764531135559,0,0,
56,49.53643799,0,0,0,18.17660141,0,4.483951092,0,1.977440596,0,14.05029202,0,0.470118552446365,0.121447816491127,2.37742781639099,0.437890768051147,1.8406286239624,10.8223552703857,61.1620178222656,4.48927307128906,0.758807957172394,0,0,
57,49.63693237,0,0,0,18.20631027,0,4.49098444,0,1.978178144,0,14.0800209,0,0.470620632171631,0.121496051549911,2.38355016708374,0.439208567142487,1.85973501205444,10.8413314819336,61.1566314697266,4.53103637695313,0.760699212551117,0,0,
58,49.7317009,0,0,0,18.23432541,0,4.497619152,0,1.978873253,0,14.10805607,0,0.471085876226425,0.121540732681751,2.3892183303833,0.440428227186203,1.87889456748962,10.8605928421021,61.151481628418,4.57082796096802,0.762450277805328,0,0,
59,49.816963199999996,0,0,0,18.25953102,0,4.503584862,0,1.979498506,0,14.13327885,0,0.471515387296677,0.121581956744194,2.39446258544922,0.441556304693222,1.89804494380951,10.8800754547119,61.1465606689453,4.60872173309326,0.764070570468903,0,0,
60,49.89841461,0,0,0,18.2836132,0,4.50928688,0,1.980095506,0,14.15737629,0,0.471912741661072,0.12162010371685,2.39931535720825,0.442599952220917,1.91712987422943,10.8997230529785,61.1418685913086,4.6447925567627,0.765569925308228,0,0,
61,49.97036743,0,0,0,18.30489159,0,4.514323235,0,1.98062253,0,14.17866421,0,0.472278952598572,0.121655210852623,2.40380215644836,0.443564474582672,1.93609857559204,10.9194812774658,61.1373977661133,4.67911100387573,0.766956329345703,0,0,
62,50.038517,0,0,0,18.32503891,0,4.51909399,0,1.9811217780000001,0,14.19882488,0,0.472614258527756,0.121687307953835,2.40794229507446,0.444454044103622,1.95490598678589,10.9392986297607,61.1331329345703,4.71174335479736,0.768236041069031,0,0,
63,50.10286331,0,0,0,18.3440609,0,4.52359724,0,1.981593013,0,14.21786213,0,0.472928464412689,0.121717482805252,2.41177749633789,0.445278167724609,1.97351169586182,10.9591360092163,61.1290702819824,4.74277019500732,0.769421398639679,0,0,
64,50.16152191,0,0,0,18.36141014,0,4.527703285,0,1.982022405,0,14.235219,0,0.473220854997635,0.121745556592941,2.41533160209656,0.446042001247406,1.99187994003296,10.9789524078369,61.1252136230469,4.77226066589355,0.77051967382431,0,0,
65,50.2144928,0,0,0,18.37706757,0,4.531411171,0,1.982410192,0,14.25088882,0,0.473488181829453,0.121771134436131,2.41861414909363,0.446747213602066,2.00997972488403,10.9987115859985,61.1215476989746,4.80027389526367,0.771534264087677,0,0,
66,50.26366806,0,0,0,18.3916111,0,4.534853458,0,1.982770085,0,14.26543903,0,0.473732739686966,0.121794529259205,2.42164182662964,0.447397261857986,2.02778363227844,11.0183782577515,61.1180648803711,4.82687091827393,0.772470235824585,0,0,
67,50.30905533,0,0,0,18.4050293,0,4.538031101,0,1.983102202,0,14.27886868,0,0.473958313465118,0.121816121041775,2.42443585395813,0.447996973991394,2.0452675819397,11.0379209518433,61.1147651672363,4.85211610794067,0.773334145545959,0,0,
68,50.35253906,0,0,0,18.41788673,0,4.541074276,0,1.983420491,0,14.29173374,0,0.474169194698334,0.121836356818676,2.42702174186707,0.448552072048187,2.0624113082885702,11.0573139190674,61.1116409301758,4.87607479095459,0.774133622646332,0,0,
69,50.39223862,0,0,0,18.42962837,0,4.543854237,0,1.983710885,0,14.30348015,0,0.474366545677185,0.121855303645134,2.42941904067993,0.449066936969757,2.0791974067688,11.0765361785889,61.1086845397949,4.89880847930908,0.774874687194824,0,0,
70,50.42814636,0,0,0,18.4402504,0,4.546366692,0,1.983973622,0,14.31410503,0,0.474547415971756,0.121872611343861,2.43163466453552,0.449542701244354,2.0956118106842,11.0955629348755,61.1058959960938,4.92036962509155,0.775559723377228,0,0,
71,50.46028137,0,0,0,18.4497509,0,4.548615456,0,1.984208465,0,14.32361126,0,0.47471097111702,0.121888212859631,2.43367433547974,0.449980288743973,2.11164259910584,11.1143732070923,61.1032676696777,4.94080638885498,0.776190459728241,0,0,
72,50.49240494,0,0,0,18.4592495,0,4.55086565,0,1.984443426,0,14.33311462,0,0.474863588809967,0.121902838349342,2.43555927276611,0.450384646654129,2.12727999687195,11.1329507827759,61.1007957458496,4.96017694473267,0.7767733335495,0,0,
73,50.52074432,0,0,0,18.46762848,0,4.552849293,0,1.984650731,0,14.34150028,0,0.475006848573685,0.121916584670544,2.43730592727661,0.450759559869766,2.14251685142517,11.1512813568115,61.0984725952148,4.97853565216064,0.777313411235809,0,0,
74,50.54719162,0,0,0,18.47545433,0,4.554700375,0,1.984844089,0,14.34932709,0,0.475137948989868,0.121929123997688,2.43891906738281,0.451105713844299,2.15734791755676,11.1693506240845,61.0962982177734,4.99592685699463,0.77781218290329,0,0,
75,50.56986237,0,0,0,18.48215675,0,4.556286812,0,1.985009909,0,14.35603333,0,0.47525617480278,0.121940404176712,2.4404022693634,0.451423645019531,2.17176961898804,11.1871452331543,61.0942611694336,5.01239252090454,0.778270900249481,0,0,
76,50.5925293,0,0,0,18.48886299,0,4.55787468,0,1.98517561,0,14.36274147,0,0.475364655256271,0.121950767934322,2.44176650047302,0.45171594619751,2.18577980995178,11.2046537399292,61.0923652648926,5.02797794342041,0.778693020343781,0,0,
77,50.61330795,0,0,0,18.49500465,0,4.559328079,0,1.985327601,0,14.3688879,0,0.47546723484993,0.121960617601871,2.44302940368652,0.451986640691757,2.19937801361084,11.221869468689,61.0906028747559,5.04273223876953,0.779083669185638,0,0,
78,50.6321907,0,0,0,18.50059319,0,4.560651302,0,1.985465765,0,14.37447739,0,0.475561857223511,0.121969677507877,2.44419598579407,0.45223668217659,2.21256518363953,11.2387847900391,61.0889663696289,5.05669498443604,0.779444575309753,0,0,
79,50.65107727,0,0,0,18.50618172,0,4.561972141,0,1.98560369,0,14.38006592,0,0.475651144981384,0.121978253126144,2.44527864456177,0.452468901872635,2.22534346580505,11.2553939819336,61.087459564209,5.06990909576416,0.779779374599457,0,0,
80,50.66618347,0,0,0,18.51063728,0,4.563030243,0,1.985714078,0,14.38453293,0,0.47573259472847,0.121986024081707,2.44627857208252,0.452683389186859,2.23771595954895,11.271692276001,61.0860710144043,5.0824089050293,0.780088543891907,0,0,
81,50.68129349,0,0,0,18.51510811,0,4.564088345,0,1.985824585,0,14.38900375,0,0.475805550813675,0.121992975473404,2.44719672203064,0.45288011431694,2.24968671798706,11.2876720428467,61.0848007202148,5.09422731399536,0.780372619628906,0,0,
82,50.69639587,0,0,0,18.51957893,0,4.565144539,0,1.985935092,0,14.39347458,0,0.475876271724701,0.12199979275465,2.44805097579956,0.453063428401947,2.26126074790955,11.3033351898193,61.0836448669434,5.10540676116943,0.780636787414551,0,0,
83,50.70772552,0,0,0,18.52293015,0,4.565937996,0,1.986017823,0,14.39682484,0,0.475939899682999,0.122005872428417,2.44883823394775,0.453232258558273,2.27244329452515,11.3186769485474,61.0825996398926,5.11597442626953,0.780880331993103,0,0,
84,50.72093582,0,0,0,18.52682877,0,4.566862583,0,1.986114383,0,14.40073395,0,0.475998520851135,0.122011475265026,2.44956469535828,0.453388005495071,2.2832407951355,11.3336963653564,61.0816612243652,5.12596273422241,0.781104981899261,0,0,
85,50.73038101,0,0,0,18.52962494,0,4.567524433,0,1.986183286,0,14.40352821,0,0.476052582263947,0.12201663851738,2.45023488998413,0.453531682491302,2.29366016387939,11.3483924865723,61.0808296203613,5.13540124893188,0.781312227249146,0,0,
86,50.74170685,0,0,0,18.53297806,0,4.56831789,0,1.986266136,0,14.40688038,0,0.476102232933044,0.12202138453722,2.45085287094116,0.453664094209671,2.30370879173279,11.3627653121948,61.0801010131836,5.14431858062744,0.78150337934494,0,0,
87,50.75114441,0,0,0,18.53576469,0,4.568977356,0,1.986335158,0,14.40967274,0,0.476150691509247,0.122026063501835,2.45142960548401,0.453787922859192,2.31339406967163,11.3768157958984,61.0794639587402,5.15274715423584,0.781681656837463,0,0,
88,50.7586937,0,0,0,18.53800392,0,4.569506168,0,1.986390471,0,14.41190815,0,0.476192384958267,0.122030027210712,2.45195722579956,0.453901052474976,2.32272410392761,11.3905448913574,61.0789260864258,5.16070461273193,0.781844913959503,0,0,
89,50.7662468,0,0,0,18.5402298,0,4.570034504,0,1.986445546,0,14.41413975,0,0.476229101419449,0.12203349173069,2.45243811607361,0.454003870487213,2.331707239151,11.4039525985718,61.0784759521484,5.16821479797363,0.781993746757507,0,0,
90,50.77379608,0,0,0,18.54246521,0,4.570563793,0,1.98650074,0,14.41637516,0,0.476264506578445,0.122036889195442,2.45288228988647,0.454098880290985,2.34035181999207,11.4170417785645,61.0781173706055,5.17530536651611,0.782131254673004,0,0,
91,50.78134918,0,0,0,18.54470062,0,4.571092606,0,1.986555934,0,14.41860867,0,0.476299613714218,0.122040294110775,2.45329785346985,0.454187989234924,2.34866642951965,11.429817199707,61.0778427124023,5.18200254440308,0.78225976228714,0,0,
92,50.78700638,0,0,0,18.54637146,0,4.571488857,0,1.98659718,0,14.42028236,0,0.476331382989883,0.122043319046497,2.45368218421936,0.454270482063293,2.35666012763977,11.4422807693481,61.0776519775391,5.18832492828369,0.782378673553467,0,0,
93,50.7926712,0,0,0,18.54804993,0,4.571885586,0,1.986638665,0,14.42195892,0,0.476359009742737,0.122045941650867,2.45403385162354,0.454345762729645,2.36434149742126,11.4544343948364,61.0775413513184,5.19428968429565,0.782487511634827,0,0,
94,50.79833221,0,0,0,18.54972076,0,4.572281837,0,1.98668015,0,14.42363453,0,0.476385593414307,0.122048497200012,2.45436000823975,0.454415678977966,2.37171983718872,11.4662837982178,61.0775108337402,5.1999192237854,0.782588422298431,0,0,
95,50.80399323,0,0,0,18.55139732,0,4.5726785659999996,0,1.986721396,0,14.42531013,0,0.476411938667297,0.122051052749157,2.45466613769531,0.454481482505798,2.37880373001099,11.4778327941895,61.0775566101074,5.20523405075073,0.782683074474335,0,0,
96,50.80776978,0,0,0,18.55251503,0,4.572941303,0,1.986749053,0,14.42642879,0,0.476434946060181,0.122053235769272,2.45494818687439,0.454542011022568,2.38560247421265,11.489086151123,61.0776710510254,5.2102484703064,0.782770276069641,0,0,
97,50.81154633,0,0,0,18.55362701,0,4.573205471,0,1.98677659,0,14.42754364,0,0.47645378112793,0.122055001556873,2.45520281791687,0.45459645986557,2.39212489128113,11.5000438690186,61.0778579711914,5.21497440338135,0.782849073410034,0,0,
98,50.81531906,0,0,0,18.55474663,0,4.573470116,0,1.986804128,0,14.42866039,0,0.476471662521362,0.122056715190411,2.45543599128723,0.45464625954628,2.39837956428528,11.5107126235962,61.0781135559082,5.2194299697876,0.782921254634857,0,0,
99,50.81909561,0,0,0,18.55586243,0,4.57373476,0,1.986831903,0,14.42977905,0,0.476489275693893,0.122058421373367,2.45565247535706,0.45469257235527,2.40437507629395,11.5210981369019,61.0784378051758,5.22363185882568,0.78298819065094,0,0,
100,50.82286835,0,0,0,18.55697632,0,4.573998451,0,1.986859322,0,14.4308939,0,0.476506769657135,0.122060120105743,2.45585560798645,0.454736173152924,2.41012048721313,11.5312042236328,61.0788230895996,5.22759675979614,0.783051013946533,0,0,
101,50.82664108,0,0,0,18.5580883,0,4.574262619,0,1.986886859,0,14.43200874,0,0.476524174213409,0.122061803936958,2.45604848861694,0.454777777194977,2.41562414169312,11.5410385131836,61.0792694091797,5.23133850097656,0.783110499382019,0,0,
102,50.82852936,0,0,0,18.55865288,0,4.57439518,0,1.986900687,0,14.4325695,0,0.476538449525833,0.122063137590885,2.45622491836548,0.454815685749054,2.42089438438416,11.5506038665771,61.079776763916,5.23486518859863,0.783165037631989,0,0,
103,50.83230209,0,0,0,18.5597744,0,4.574659824,0,1.986928344,0,14.43368816,0,0.476551830768585,0.122064426541328,2.45638847351074,0.454850852489471,2.4259397983551,11.5599050521851,61.0803413391113,5.23819017410278,0.783215582370758,0,0,
104,50.83419037,0,0,0,18.56032562,0,4.574791431,0,1.986942172,0,14.43424416,0,0.476565033197403,0.122065700590611,2.45654201507568,0.454883873462677,2.43076825141907,11.5689487457275,61.0809593200684,5.24132633209229,0.783262968063354,0,0,
105,50.83607864,0,0,0,18.56088257,0,4.574923515,0,1.986956,0,14.43480301,0,0.476574957370758,0.122066617012024,2.45667886734009,0.454913198947906,2.43538761138916,11.5777378082275,61.0816345214844,5.24427890777588,0.783305406570435,0,0,
106,50.83796692,0,0,0,18.56144714,0,4.575056076,0,1.986969709,0,14.43536282,0,0.476583987474442,0.122067473828793,2.4568030834198,0.454939723014832,2.43980550765991,11.586277961731,61.0823593139648,5.24705934524536,0.783343911170959,0,0,
107,50.83985138,0,0,0,18.56200218,0,4.57518816,0,1.986983418,0,14.43591976,0,0.476592808961868,0.1220683157444,2.45691752433777,0.454964101314545,2.44402956962585,11.5945749282837,61.0831336975098,5.24967861175537,0.783379316329956,0,0,
108,50.84173584,0,0,0,18.56255722,0,4.575319767,0,1.986997247,0,14.43647766,0,0.476601541042328,0.122069172561169,2.45702362060547,0.454986810684204,2.44806694984436,11.6026334762573,61.0839576721191,5.25214719772339,0.783412218093872,0,0,
109,50.84362411,0,0,0,18.56311607,0,4.575451851,0,1.987011075,0,14.43703651,0,0.47661030292511,0.122070014476776,2.45712375640869,0.455008298158646,2.45192503929138,11.6104602813721,61.0848274230957,5.25447368621826,0.783443152904511,0,0,
110,50.84551239,0,0,0,18.56368065,0,4.575584888,0,1.987024903,0,14.43759632,0,0.476619035005569,0.122070856392384,2.45721912384033,0.455028861761093,2.45561075210571,11.6180601119995,61.0857391357422,5.25666761398315,0.78347259759903,0,0,
111,50.84551239,0,0,0,18.56368065,0,4.575584888,0,1.987024903,0,14.43759632,0,0.476624578237534,0.122071355581284,2.45730233192444,0.455046594142914,2.45913100242615,11.6254377365112,61.0866966247559,5.25873041152954,0.783498406410217,0,0,
112,50.84739685,0,0,0,18.56423569,0,4.575716496,0,1.987038612,0,14.43815327,0,0.476629227399826,0.122071780264378,2.4573757648468,0.4550621509552,2.46249198913574,11.6325960159302,61.0876960754395,5.26067066192627,0.783521234989166,0,0,
113,50.84928513,0,0,0,18.56479263,0,4.575849056,0,1.987052441,0,14.43871117,0,0.47663688659668,0.122072570025921,2.45745015144348,0.455078214406967,2.46570014953613,11.6395435333252,61.0887336730957,5.26250219345093,0.78354412317276,0,0,
114,50.84928513,0,0,0,18.56479263,0,4.575849056,0,1.987052441,0,14.43871117,0,0.47664213180542,0.12207305431366,2.45751690864563,0.455092519521713,2.46876192092896,11.6462841033936,61.0898132324219,5.26422548294067,0.783564746379852,0,0,
115,50.85117722,0,0,0,18.56535149,0,4.57598114,0,1.987066269,0,14.43927002,0,0.476646721363068,0.122073486447334,2.4575777053833,0.455105513334274,2.47168326377869,11.6528224945068,61.0909271240234,5.26584768295288,0.783583581447601,0,0,
116,50.85117722,0,0,0,18.56535149,0,4.57598114,0,1.987066269,0,14.43927002,0,0.476651161909103,0.122073903679848,2.45763373374939,0.455117493867874,2.47446990013123,11.6591634750366,61.0920753479004,5.26737499237061,0.783600926399231,0,0,
117,50.85305786,0,0,0,18.56590652,0,4.576112747,0,1.987079978,0,14.43982697,0,0.476655542850494,0.122074328362942,2.45768594741821,0.455128729343414,2.47712731361389,11.6653127670288,61.09326171875,5.26881265640259,0.78361713886261,0,0,
118,50.85305786,0,0,0,18.56590652,0,4.576112747,0,1.987079978,0,14.43982697,0,0.476659864187241,0.122074745595455,2.45773530006409,0.455139368772507,2.47966122627258,11.671275138855,61.0944786071777,5.27016687393188,0.783632397651672,0,0,
119,50.85305786,0,0,0,18.56590652,0,4.576112747,0,1.987079978,0,14.43982697,0,0.476661026477814,0.122074820101261,2.4577739238739,0.455147415399551,2.48207664489746,11.6770544052124,61.0957260131836,5.27143669128418,0.783644437789917,0,0,
120,50.85494995,0,0,0,18.5664711,0,4.576245785,0,1.987093806,0,14.44038868,0,0.476664543151855,0.122075192630291,2.45781254768372,0.45515564084053,2.48437833786011,11.682656288147,61.0970039367676,5.27263355255127,0.783656477928162,0,0,
121,50.85494995,0,0,0,18.5664711,0,4.576245785,0,1.987093806,0,14.44038868,0,0.47666871547699,0.122075602412224,2.45785164833069,0.455164074897766,2.48657155036926,11.6880855560303,61.0983123779297,5.27376222610474,0.783668518066406,0,0,
122,50.85494995,0,0,0,18.5664711,0,4.576245785,0,1.987093806,0,14.44038868,0,0.476669818162918,0.122075669467449,2.45788216590881,0.455170452594757,2.48866081237793,11.6933460235596,61.0996437072754,5.27482032775879,0.783677995204926,0,0,
123,50.85683441,0,0,0,18.56701851,0,4.576376915,0,1.987107635,0,14.44094372,0,0.476673275232315,0.122076034545898,2.45791435241699,0.455177396535873,2.49065089225769,11.6984424591064,61.1010055541992,5.27581834793091,0.783687949180603,0,0,
124,50.85683441,0,0,0,18.56701851,0,4.576376915,0,1.987107635,0,14.44094372,0,0.476677387952805,0.122076444327831,2.45794773101807,0.455184787511826,2.49254584312439,11.7033805847168,61.1023941040039,5.27676010131836,0.783698260784149,0,0,
125,50.85683441,0,0,0,18.56701851,0,4.576376915,0,1.987107635,0,14.44094372,0,0.476678490638733,0.122076511383057,2.45797419548035,0.455190390348434,2.49435019493103,11.7081632614136,61.1038093566895,5.27764320373535,0.783706426620483,0,0,
126,50.85683441,0,0,0,18.56701851,0,4.576376915,0,1.987107635,0,14.44094372,0,0.476678788661957,0.122076526284218,2.45799469947815,0.455194652080536,2.49606776237488,11.7127952575684,61.1052474975586,5.27847099304199,0.783712863922119,0,0,
127,50.85872269,0,0,0,18.56757736,0,4.576508999,0,1.987121344,0,14.44150162,0,0.476682096719742,0.122076876461506,2.4580192565918,0.455199986696243,2.4977023601532,11.7172813415527,61.1067047119141,5.2792534828186,0.783720433712006,0,0,
128,50.85872269,0,0,0,18.56757736,0,4.576508999,0,1.987121344,0,14.44150162,0,0.476686179637909,0.122077286243439,2.45804691314697,0.455206155776978,2.49925780296326,11.7216262817383,61.1081848144531,5.27999353408813,0.783728778362274,0,0,
129,50.85872269,0,0,0,18.56757736,0,4.576508999,0,1.987121344,0,14.44150162,0,0.476687282323837,0.122077360749245,2.45806860923767,0.455210864543915,2.50073790550232,11.7258329391479,61.1096839904785,5.28068733215332,0.783735394477844,0,0,
130,50.85872269,0,0,0,18.56757736,0,4.576508999,0,1.987121344,0,14.44150162,0,0.476687550544739,0.122077368199825,2.45808553695679,0.455214411020279,2.50214600563049,11.7299041748047,61.1112098693848,5.28133773803711,0.783740639686584,0,0,
131,50.85872269,0,0,0,18.56757736,0,4.576508999,0,1.987121344,0,14.44150162,0,0.476687610149384,0.122077368199825,2.45809888839722,0.455217093229294,2.50348496437073,11.7338438034058,61.1127510070801,5.28194761276245,0.783744871616364,0,0,
132,50.85872269,0,0,0,18.56757736,0,4.576508999,0,1.987121344,0,14.44150162,0,0.476687639951706,0.122077368199825,2.4581093788147,0.455219119787216,2.50475835800171,11.7376556396484,61.1143112182617,5.28251934051514,0.783748209476471,0,0,
133,50.86061096,0,0,0,18.56814194,0,4.576642036,0,1.987135291,0,14.44206238,0,0.476690858602524,0.122077718377113,2.45812582969666,0.45522278547287,2.50596904754639,11.7413463592529,61.1158905029297,5.28306150436401,0.783753335475922,0,0,
134,50.86061096,0,0,0,18.56814194,0,4.576642036,0,1.987135291,0,14.44206238,0,0.476694941520691,0.122078143060207,2.45814752578735,0.455227732658386,2.50711989402771,11.7449188232422,61.1174850463867,5.28357601165771,0.783759832382202,0,0,
135,50.86061096,0,0,0,18.56814194,0,4.576642036,0,1.987135291,0,14.44206238,0,0.476696014404297,0.122078210115433,2.45816445350647,0.455231487751007,2.50821399688721,11.7483758926392,61.1190948486328,5.28405809402466,0.783764958381653,0,0,
136,50.86061096,0,0,0,18.56814194,0,4.576642036,0,1.987135291,0,14.44206238,0,0.476696312427521,0.122078217566013,2.4581778049469,0.455234348773956,2.50925374031067,11.7517204284668,61.1207160949707,5.28451061248779,0.783769071102142,0,0,
137,50.86061096,0,0,0,18.56814194,0,4.576642036,0,1.987135291,0,14.44206238,0,0.476696372032166,0.122078232467175,2.4581880569458,0.455236494541168,2.51024174690247,11.7549562454224,61.1223564147949,5.28493452072144,0.78377228975296,0,0,
138,50.86061096,0,0,0,18.56814194,0,4.576642036,0,1.987135291,0,14.44206238,0,0.476696401834488,0.122078232467175,2.45819616317749,0.4552381336689,2.51118063926697,11.7580852508545,61.1240119934082,5.28533220291138,0.783774852752686,0,0,
139,50.86061096,0,0,0,18.56814194,0,4.576642036,0,1.987135291,0,14.44206238,0,0.476696401834488,0.122078232467175,2.45820260047913,0.455239355564117,2.51207232475281,11.7611112594604,61.125675201416,5.28570461273193,0.783776879310608,0,0,
140,50.86061096,0,0,0,18.56814194,0,4.576642036,0,1.987135291,0,14.44206238,0,0.476696401834488,0.122078232467175,2.45820760726929,0.455240309238434,2.51291918754578,11.7640361785889,61.1273536682129,5.2860541343689,0.783778488636017,0,0,
141,50.86061096,0,0,0,18.56814194,0,4.576642036,0,1.987135291,0,14.44206238,0,0.476696401834488,0.122078232467175,2.45821166038513,0.455241024494171,2.51372337341309,11.766863822937,61.1290397644043,5.28638172149658,0.783779740333557,0,0,
142,50.86061096,0,0,0,18.56814194,0,4.576642036,0,1.987135291,0,14.44206238,0,0.476696401834488,0.122078232467175,2.45821452140808,0.455241560935974,2.51448702812195,11.7695980072021,61.1307411193848,5.28668928146362,0.783780753612518,0,0,
143,50.86061096,0,0,0,18.56814194,0,4.576642036,0,1.987135291,0,14.44206238,0,0.476696401834488,0.122078232467175,2.45821690559387,0.455241978168488,2.51521182060242,11.7722406387329,61.1324501037598,5.28697729110718,0.7837815284729,0,0,
144,50.86061096,0,0,0,18.56814194,0,4.576642036,0,1.987135291,0,14.44206238,0,0.476696401834488,0.122078232467175,2.4582188129425,0.455242305994034,2.5158998966217,11.7747945785522,61.1341705322266,5.28724765777588,0.783782184123993,0,0,
145,50.86061096,0,0,0,18.56814194,0,4.576642036,0,1.987135291,0,14.44206238,0,0.476696401834488,0.122078232467175,2.45822024345398,0.455242514610291,2.51655292510986,11.7772636413574,61.1358985900879,5.28750085830688,0.783782720565796,0,0,
146,50.86061096,0,0,0,18.56814194,0,4.576642036,0,1.987135291,0,14.44206238,0,0.476696401834488,0.122078232467175,2.45822143554688,0.455242693424225,2.51717257499695,11.7796497344971,61.137638092041,5.28773832321167,0.783783137798309,0,0,
147,50.86249542,0,0,0,18.5687027,0,4.57677412,0,1.987149,0,14.44262028,0,0.476699620485306,0.122078582644463,2.45823073387146,0.455244958400726,2.51776027679443,11.7819576263428,61.1393814086914,5.28796720504761,0.783785879611969,0,0,
148,50.86249542,0,0,0,18.5687027,0,4.57677412,0,1.987149,0,14.44262028,0,0.476703673601151,0.122078999876976,2.45824670791626,0.455248773097992,2.51831817626953,11.7841901779175,61.1411361694336,5.28818845748901,0.783790528774261,0,0,
149,50.86249542,0,0,0,18.5687027,0,4.57677412,0,1.987149,0,14.44262028,0,0.476704746484756,0.122079066932201,2.45825886726379,0.455251663923264,2.51884770393372,11.7863483428955,61.142894744873,5.28839588165283,0.783794224262238,0,0,
150,50.86249542,0,0,0,18.5687027,0,4.57677412,0,1.987149,0,14.44262028,0,0.47670504450798,0.122079074382782,2.45826864242554,0.45525386929512,2.51935029029846,11.7884349822998,61.1446647644043,5.28858995437622,0.783797085285187,0,0,
151,50.86249542,0,0,0,18.5687027,0,4.57677412,0,1.987149,0,14.44262028,0,0.476705133914948,0.122079074382782,2.45827627182007,0.455255568027496,2.51982712745667,11.7904500961304,61.1464385986328,5.28877210617065,0.783799409866333,0,0,
152,50.86249542,0,0,0,18.5687027,0,4.57677412,0,1.987149,0,14.44262028,0,0.476705133914948,0.122079074382782,2.45828223228455,0.455256819725037,2.52027940750122,11.7923974990845,61.1482238769531,5.28894281387329,0.783801257610321,0,0,
153,50.86249542,0,0,0,18.5687027,0,4.57677412,0,1.987149,0,14.44262028,0,0.476705133914948,0.122079074382782,2.45828676223755,0.455257833003998,2.52070832252502,11.7942800521851,61.1500129699707,5.28910303115845,0.78380274772644,0,0,
154,50.86249542,0,0,0,18.5687027,0,4.57677412,0,1.987149,0,14.44262028,0,0.476705133914948,0.122079074382782,2.45829057693481,0.455258548259735,2.52111506462097,11.7960977554321,61.1518096923828,5.28925275802612,0.783803880214691,0,0,
155,50.86249542,0,0,0,18.5687027,0,4.57677412,0,1.987149,0,14.44262028,0,0.476705133914948,0.122079074382782,2.45829343795776,0.455259084701538,2.52150082588196,11.7978534698486,61.1536064147949,5.28939342498779,0.783804774284363,0,0,
156,50.86249542,0,0,0,18.5687027,0,4.57677412,0,1.987149,0,14.44262028,0,0.476705133914948,0.122079074382782,2.45829558372498,0.455259531736374,2.5218665599823,11.7995500564575,61.1554107666016,5.28952550888062,0.7838054895401,0,0,
157,50.86249542,0,0,0,18.5687027,0,4.57677412,0,1.987149,0,14.44262028,0,0.476705133914948,0.122079074382782,2.45829725265503,0.45525985956192,2.52221345901489,11.8011875152588,61.1572189331055,5.28964900970459,0.783806085586548,0,0,
158,50.86249542,0,0,0,18.5687027,0,4.57677412,0,1.987149,0,14.44262028,0,0.476705133914948,0.122079074382782,2.4582986831665,0.455260068178177,2.52254223823547,11.8027696609497,61.1590309143066,5.28976535797119,0.783806562423706,0,0,
159,50.86249542,0,0,0,18.5687027,0,4.57677412,0,1.987149,0,14.44262028,0,0.476705133914948,0.122079074382782,2.45829963684082,0.455260276794434,2.52285385131836,11.8042974472046,61.1608467102051,5.28987407684326,0.783806920051575,0,0,
160,50.86249542,0,0,0,18.5687027,0,4.57677412,0,1.987149,0,14.44262028,0,0.476705133914948,0.122079074382782,2.45830035209656,0.455260455608368,2.52314925193787,11.8057727813721,61.1626625061035,5.28997611999512,0.783807158470154,0,0,
161,50.86249542,0,0,0,18.5687027,0,4.57677412,0,1.987149,0,14.44262028,0,0.476705133914948,0.122079074382782,2.45830106735229,0.455260545015335,2.52342915534973,11.8071975708008,61.1644821166992,5.29007196426392,0.783807396888733,0,0,
162,50.86249542,0,0,0,18.5687027,0,4.57677412,0,1.987149,0,14.44262028,0,0.476705133914948,0.122079074382782,2.45830178260803,0.455260634422302,2.52369427680969,11.8085718154907,61.1663017272949,5.29016160964966,0.783807516098022,0,0,
163,50.86249542,0,0,0,18.5687027,0,4.57677412,0,1.987149,0,14.44262028,0,0.476705133914948,0.122079074382782,2.45830202102661,0.455260723829269,2.52394533157349,11.8099002838135,61.1681251525879,5.2902455329895,0.783807635307312,0,0,
164,50.86249542,0,0,0,18.5687027,0,4.57677412,0,1.987149,0,14.44262028,0,0.476705133914948,0.122079074382782,2.45830249786377,0.455260753631592,2.52418327331543,11.8111820220947,61.1699523925781,5.29032468795776,0.783807754516602,0,0,
165,50.86249542,0,0,0,18.5687027,0,4.57677412,0,1.987149,0,14.44262028,0,0.476705133914948,0.122079074382782,2.45830273628235,0.455260813236237,2.52440857887268,11.8124189376831,61.1717758178711,5.29039859771729,0.783807873725891,0,0,
166,50.86249542,0,0,0,18.5687027,0,4.57677412,0,1.987149,0,14.44262028,0,0.476705133914948,0.122079074382782,2.45830297470093,0.455260813236237,2.52462196350098,11.8136138916016,61.1736030578613,5.29046773910522,0.783807992935181,0,0,
167,50.86249542,0,0,0,18.5687027,0,4.57677412,0,1.987149,0,14.44262028,0,0.476705133914948,0.122079074382782,2.45830321311951,0.455260813236237,2.52482414245605,11.8147668838501,61.1754302978516,5.29053258895874,0.783807992935181,0,0,
168,50.86249542,0,0,0,18.5687027,0,4.57677412,0,1.987149,0,14.44262028,0,0.476705133914948,0.122079074382782,2.45830321311951,0.455260813236237,2.52501535415649,11.8158798217773,61.1772613525391,5.29059314727783,0.783807992935181,0,0,
169,50.86249542,0,0,0,18.5687027,0,4.57677412,0,1.987149,0,14.44262028,0,0.476705133914948,0.122079074382782,2.45830321311951,0.455260813236237,2.52519655227661,11.8169536590576,61.1790924072266,5.29064989089966,0.783807992935181,0,0,
170,50.86249542,0,0,0,18.5687027,0,4.57677412,0,1.987149,0,14.44262028,0,0.476705133914948,0.122079074382782,2.45830321311951,0.455260813236237,2.52536797523499,11.8179912567139,61.1809234619141,5.29070329666138,0.783807992935181,0,0,
171,50.86249542,0,0,0,18.5687027,0,4.57677412,0,1.987149,0,14.44262028,0,0.476705133914948,0.122079074382782,2.45830321311951,0.455260813236237,2.52553033828735,11.8189916610718,61.1827545166016,5.29075336456299,0.783807992935181,0,0,
172,50.86249542,0,0,0,18.5687027,0,4.57677412,0,1.987149,0,14.44262028,0,0.476705133914948,0.122079074382782,2.45830321311951,0.455260813236237,2.52568411827087,11.81995677948,61.1845817565918,5.29080057144165,0.783807992935181,0,0,
173,50.86249542,0,0,0,18.5687027,0,4.57677412,0,1.987149,0,14.44262028,0,0.476705133914948,0.122079074382782,2.45830321311951,0.455260813236237,2.52582955360413,11.8208885192871,61.1864128112793,5.29084444046021,0.783807992935181,0,0,
174,50.86249542,0,0,0,18.5687027,0,4.57677412,0,1.987149,0,14.44262028,0,0.476705133914948,0.122079074382782,2.45830321311951,0.455260813236237,2.52596712112427,11.8217878341675,61.1882400512695,5.29088544845581,0.783807992935181,0,0,
175,50.86249542,0,0,0,18.5687027,0,4.57677412,0,1.987149,0,14.44262028,0,0.476705133914948,0.122079074382782,2.45830321311951,0.455260813236237,2.52609753608704,11.8226556777954,61.190071105957,5.29092454910278,0.783807992935181,0,0,
176,50.86249542,0,0,0,18.5687027,0,4.57677412,0,1.987149,0,14.44262028,0,0.476705133914948,0.122079074382782,2.45830321311951,0.455260813236237,2.52622079849243,11.8234930038452,61.1918983459473,5.29096078872681,0.783807992935181,0,0,
177,50.86249542,0,0,0,18.5687027,0,4.57677412,0,1.987149,0,14.44262028,0,0.476705133914948,0.122079074382782,2.45830321311951,0.455260813236237,2.52633738517761,11.8243007659912,61.1937255859375,5.2909951210022,0.783807992935181,0,0,
178,50.86249542,0,0,0,18.5687027,0,4.57677412,0,1.987149,0,14.44262028,0,0.476705133914948,0.122079074382782,2.45830321311951,0.455260813236237,2.52644753456116,11.8250799179077,61.1955528259277,5.2910270690918,0.783807992935181,0,0,
179,50.86249542,0,0,0,18.5687027,0,4.57677412,0,1.987149,0,14.44262028,0,0.476705133914948,0.122079074382782,2.45830321311951,0.455260813236237,2.5265519618988,11.8258323669434,61.1973762512207,5.29105710983276,0.783807992935181,0,0,
180,50.86249542,0,0,0,18.5687027,0,4.57677412,0,1.987149,0,14.44262028,0,0.476705133914948,0.122079074382782,2.45830321311951,0.455260813236237,2.52665066719055,11.8265581130981,61.1991996765137,5.2910852432251,0.783807992935181,0,0,
181,50.86249542,0,0,0,18.5687027,0,4.57677412,0,1.987149,0,14.44262028,0,0.476705133914948,0.122079074382782,2.45830321311951,0.455260813236237,2.52674388885498,11.8272571563721,61.2010192871094,5.2911114692688,0.783807992935181,0,0,
182,50.86249542,0,0,0,18.5687027,0,4.57677412,0,1.987149,0,14.44262028,0,0.476705133914948,0.122079074382782,2.45830321311951,0.455260813236237,2.52683210372925,11.8279333114624,61.2028388977051,5.29113578796387,0.783807992935181,0,0,
183,50.86249542,0,0,0,18.5687027,0,4.57677412,0,1.987149,0,14.44262028,0,0.476705133914948,0.122079074382782,2.45830321311951,0.455260813236237,2.52691555023193,11.8285856246948,61.2046546936035,5.29115915298462,0.783807992935181,0,0,
184,50.86249542,0,0,0,18.5687027,0,4.57677412,0,1.987149,0,14.44262028,0,0.476705133914948,0.122079074382782,2.45830321311951,0.455260813236237,2.52699446678162,11.8292140960693,61.2064666748047,5.29118061065674,0.783807992935181,0,0,
185,50.86249542,0,0,0,18.5687027,0,4.57677412,0,1.987149,0,14.44262028,0,0.476705133914948,0.122079074382782,2.45830321311951,0.455260813236237,2.52706909179688,11.8298206329346,61.2082786560059,5.29120111465454,0.783807992935181,0,0,
186,50.86249542,0,0,0,18.5687027,0,4.57677412,0,1.987149,0,14.44262028,0,0.476705133914948,0.122079074382782,2.45830321311951,0.455260813236237,2.52713966369629,11.8304052352905,61.2100868225098,5.29122018814087,0.783807992935181,0,0,
187,50.86249542,0,0,0,18.5687027,0,4.57677412,0,1.987149,0,14.44262028,0,0.476705133914948,0.122079074382782,2.45830321311951,0.455260813236237,2.52720642089844,11.8309698104858,61.2118949890137,5.29123783111572,0.783807992935181,0,0,
188,50.86249542,0,0,0,18.5687027,0,4.57677412,0,1.987149,0,14.44262028,0,0.476705133914948,0.122079074382782,2.45830321311951,0.455260813236237,2.52726936340332,11.8315134048462,61.2136993408203,5.29125452041626,0.783807992935181,0,0,
189,50.86249542,0,0,0,18.5687027,0,4.57677412,0,1.987149,0,14.44262028,0,0.476705133914948,0.122079074382782,2.45830321311951,0.455260813236237,2.5273289680481,11.8320379257202,61.215503692627,5.29127025604248,0.783807992935181,0,0,
190,50.86249542,0,0,0,18.5687027,0,4.57677412,0,1.987149,0,14.44262028,0,0.476705133914948,0.122079074382782,2.45830321311951,0.455260813236237,2.52738523483276,11.8325443267822,61.2173004150391,5.29128503799438,0.783807992935181,0,0,
191,50.86249542,0,0,0,18.5687027,0,4.57677412,0,1.987149,0,14.44262028,0,0.476705133914948,0.122079074382782,2.45830321311951,0.455260813236237,2.5274384021759,11.8330326080322,61.2190971374512,5.29129886627197,0.783807992935181,0,0,
192,50.86249542,0,0,0,18.5687027,0,4.57677412,0,1.987149,0,14.44262028,0,0.476705133914948,0.122079074382782,2.45830321311951,0.455260813236237,2.52748870849609,11.8335027694702,61.220890045166,5.29131174087524,0.783807992935181,0,0,
193,50.86249542,0,0,0,18.5687027,0,4.57677412,0,1.987149,0,14.44262028,0,0.476705133914948,0.122079074382782,2.45830321311951,0.455260813236237,2.52753615379334,11.8339567184448,61.2226791381836,5.29132413864136,0.783807992935181,0,0,
194,50.86249542,0,0,0,18.5687027,0,4.57677412,0,1.987149,0,14.44262028,0,0.476705133914948,0.122079074382782,2.45830321311951,0.455260813236237,2.52758121490479,11.8343944549561,61.2244644165039,5.29133558273315,0.783807992935181,0,0,
195,50.86249542,0,0,0,18.5687027,0,4.57677412,0,1.987149,0,14.44262028,0,0.476705133914948,0.122079074382782,2.45830321311951,0.455260813236237,2.52762365341187,11.8348159790039,61.226245880127,5.29134607315063,0.783807992935181,0,0,
196,50.86249542,0,0,0,18.5687027,0,4.57677412,0,1.987149,0,14.44262028,0,0.476705133914948,0.122079074382782,2.45830321311951,0.455260813236237,2.52766370773315,11.835223197937,61.22802734375,5.29135608673096,0.783807992935181,0,0,
197,50.86249542,0,0,0,18.5687027,0,4.57677412,0,1.987149,0,14.44262028,0,0.476705133914948,0.122079074382782,2.45830321311951,0.455260813236237,2.52770161628723,11.8356151580811,61.2298011779785,5.29136562347412,0.783807992935181,0,0,
198,50.86249542,0,0,0,18.5687027,0,4.57677412,0,1.987149,0,14.44262028,0,0.476705133914948,0.122079074382782,2.45830321311951,0.455260813236237,2.5277373790741,11.8359937667847,61.231575012207,5.29137420654297,0.783807992935181,0,0,
199,50.86249542,0,0,0,18.5687027,0,4.57677412,0,1.987149,0,14.44262028,0,0.476705133914948,0.122079074382782,2.45830321311951,0.455260813236237,2.52777099609375,11.8363590240479,61.233341217041,5.29138278961182,0.783807992935181,0,0,
200,50.86249542,0,0,0,18.5687027,0,4.57677412,0,1.987149,0,14.44262028,0,0.476705133914948,0.122079074382782,2.45830321311951,0.455260813236237,2.52780294418335,11.8367109298706,61.235107421875,5.29139041900635,0.783807992935181,0,0,
201,50.86249542,0,0,0,18.5687027,0,4.57677412,0,1.987149,0,14.44262028,0,0.476705133914948,0.122079074382782,2.45830321311951,0.455260813236237,2.52783298492432,11.8370494842529,61.2368659973145,5.29139804840088,0.783807992935181,0,0,
202,50.86249542,0,0,0,18.5687027,0,4.57677412,0,1.987149,0,14.44262028,0,0.476705133914948,0.122079074382782,2.45830321311951,0.455260813236237,2.52786135673523,11.8373756408691,61.2386245727539,5.29140472412109,0.783807992935181,0,0,
203,50.86249542,0,0,0,18.5687027,0,4.57677412,0,1.987149,0,14.44262028,0,0.476705133914948,0.122079074382782,2.45830321311951,0.455260813236237,2.52788829803467,11.8376913070679,61.2403755187988,5.29141139984131,0.783807992935181,0,0,
204,50.86249542,0,0,0,18.5687027,0,4.57677412,0,1.987149,0,14.44262028,0,0.476705133914948,0.122079074382782,2.45830321311951,0.455260813236237,2.52791357040405,11.8379945755005,61.2421264648438,5.29141712188721,0.783807992935181,0,0,
205,50.86249542,0,0,0,18.5687027,0,4.57677412,0,1.987149,0,14.44262028,0,0.476705133914948,0.122079074382782,2.45830321311951,0.455260813236237,2.52793765068054,11.8382863998413,61.2438697814941,5.29142284393311,0.783807992935181,0,0,
206,50.86249542,0,0,0,18.5687027,0,4.57677412,0,1.987149,0,14.44262028,0,0.476705133914948,0.122079074382782,2.45830321311951,0.455260813236237,2.52796030044556,11.8385696411133,61.2456130981445,5.291428565979,0.783807992935181,0,0,
207,50.86249542,0,0,0,18.5687027,0,4.57677412,0,1.987149,0,14.44262028,0,0.476705133914948,0.122079074382782,2.45830321311951,0.455260813236237,2.5279817581176798,11.8388423919678,61.2473487854004,5.29143333435059,0.783807992935181,0,0,
208,50.86249542,0,0,0,18.5687027,0,4.57677412,0,1.987149,0,14.44262028,0,0.476705133914948,0.122079074382782,2.45830321311951,0.455260813236237,2.5280020236969,11.8391046524048,61.2490844726563,5.29143810272217,0.783807992935181,0,0,
209,50.86249542,0,0,0,18.5687027,0,4.57677412,0,1.987149,0,14.44262028,0,0.476705133914948,0.122079074382782,2.45830321311951,0.455260813236237,2.52802109718323,11.8393573760986,61.2508125305176,5.29144287109375,0.783807992935181,0,0,
210,50.86249542,0,0,0,18.5687027,0,4.57677412,0,1.987149,0,14.44262028,0,0.476705133914948,0.122079074382782,2.45830321311951,0.455260813236237,2.52803897857666,11.8396015167236,61.2525367736816,5.29144668579102,0.783807992935181,0,0,
211,50.86249542,0,0,0,18.5687027,0,4.57677412,0,1.987149,0,14.44262028,0,0.476705133914948,0.122079074382782,2.45830321311951,0.455260813236237,2.52805590629578,11.8398370742798,61.2542572021484,5.29145050048828,0.783807992935181,0,0,
212,50.86249542,0,0,0,18.5687027,0,4.57677412,0,1.987149,0,14.44262028,0,0.476705133914948,0.122079074382782,2.45830321311951,0.455260813236237,2.52807211875916,11.8400630950928,61.255973815918,5.29145431518555,0.783807992935181,0,0,
213,50.86249542,0,0,0,18.5687027,0,4.57677412,0,1.987149,0,14.44262028,0,0.476705133914948,0.122079074382782,2.45830321311951,0.455260813236237,2.52808737754822,11.8402814865112,61.2576866149902,5.29145765304565,0.783807992935181,0,0,
214,50.86249542,0,0,0,18.5687027,0,4.57677412,0,1.987149,0,14.44262028,0,0.476705133914948,0.122079074382782,2.45830321311951,0.455260813236237,2.52810168266296,11.8404922485352,61.2593955993652,5.2914605140686,0.783807992935181,0,0,
215,50.86249542,0,0,0,18.5687027,0,4.57677412,0,1.987149,0,14.44262028,0,0.476705133914948,0.122079074382782,2.45830321311951,0.455260813236237,2.52811527252197,11.8406953811646,61.2610969543457,5.29146337509155,0.783807992935181,0,0,
216,50.86249542,0,0,0,18.5687027,0,4.57677412,0,1.987149,0,14.44262028,0,0.476705133914948,0.122079074382782,2.45830321311951,0.455260813236237,2.52812790870667,11.8408908843994,61.2627983093262,5.2914662361145,0.783807992935181,0,0,
217,50.86249542,0,0,0,18.5687027,0,4.57677412,0,1.987149,0,14.44262028,0,0.476705133914948,0.122079074382782,2.45830321311951,0.455260813236237,2.5281400680542,11.8410797119141,61.2644920349121,5.29146909713745,0.783807992935181,0,0,
218,50.86249542,0,0,0,18.5687027,0,4.57677412,0,1.987149,0,14.44262028,0,0.476705133914948,0.122079074382782,2.45830321311951,0.455260813236237,2.528151512146,11.8412618637085,61.2661819458008,5.29147148132324,0.783807992935181,0,0,
219,50.86249542,0,0,0,18.5687027,0,4.57677412,0,1.987149,0,14.44262028,0,0.476705133914948,0.122079074382782,2.45830321311951,0.455260813236237,2.52816224098206,11.8414363861084,61.2678642272949,5.29147338867188,0.783807992935181,0,0,
220,50.86249542,0,0,0,18.5687027,0,4.57677412,0,1.987149,0,14.44262028,0,0.476705133914948,0.122079074382782,2.45830321311951,0.455260813236237,2.52817249298096,11.8416051864624,61.2695465087891,5.29147529602051,0.783807992935181,0,0,
221,50.86249542,0,0,0,18.5687027,0,4.57677412,0,1.987149,0,14.44262028,0,0.476705133914948,0.122079074382782,2.45830321311951,0.455260813236237,2.52818202972412,11.8417682647705,61.2712211608887,5.29147720336914,0.783807992935181,0,0,
222,50.86249542,0,0,0,18.5687027,0,4.57677412,0,1.987149,0,14.44262028,0,0.476705133914948,0.122079074382782,2.45830321311951,0.455260813236237,2.52819108963013,11.8419246673584,61.272891998291,5.29147911071777,0.783807992935181,0,0,
223,50.86249542,0,0,0,18.5687027,0,4.57677412,0,1.987149,0,14.44262028,0,0.476705133914948,0.122079074382782,2.45830321311951,0.455260813236237,2.5281994342804,11.8420753479004,61.2745552062988,5.29148101806641,0.783807992935181,0,0,
224,50.86249542,0,0,0,18.5687027,0,4.57677412,0,1.987149,0,14.44262028,0,0.476705133914948,0.122079074382782,2.45830321311951,0.455260813236237,2.52820754051209,11.8422203063965,61.2762184143066,5.29148292541504,0.783807992935181,0,0,
225,50.86249542,0,0,0,18.5687027,0,4.57677412,0,1.987149,0,14.44262028,0,0.476705133914948,0.122079074382782,2.45830321311951,0.455260813236237,2.52821516990662,11.8423614501953,61.2778778076172,5.29148483276367,0.783807992935181,0,0,
226,50.86249542,0,0,0,18.5687027,0,4.57677412,0,1.987149,0,14.44262028,0,0.476705133914948,0.122079074382782,2.45830321311951,0.455260813236237,2.52822232246399,11.8424968719482,61.2795295715332,5.29148626327515,0.783807992935181,0,0,
227,50.86249542,0,0,0,18.5687027,0,4.57677412,0,1.987149,0,14.44262028,0,0.476705133914948,0.122079074382782,2.45830321311951,0.455260813236237,2.5282289981842,11.8426275253296,61.281177520752,5.29148769378662,0.783807992935181,0,0,
228,50.86249542,0,0,0,18.5687027,0,4.57677412,0,1.987149,0,14.44262028,0,0.476705133914948,0.122079074382782,2.45830321311951,0.455260813236237,2.52823519706726,11.842752456665,61.2828178405762,5.29148864746094,0.783807992935181,0,0,
229,50.86249542,0,0,0,18.5687027,0,4.57677412,0,1.987149,0,14.44262028,0,0.476705133914948,0.122079074382782,2.45830321311951,0.455260813236237,2.52824115753174,11.8428726196289,61.2844581604004,5.29148960113525,0.783807992935181,0,0,
230,50.86249542,0,0,0,18.5687027,0,4.57677412,0,1.987149,0,14.44262028,0,0.476705133914948,0.122079074382782,2.45830321311951,0.455260813236237,2.52824687957764,11.8429889678955,61.2860908508301,5.29149055480957,0.783807992935181,0,0,
231,50.86249542,0,0,0,18.5687027,0,4.57677412,0,1.987149,0,14.44262028,0,0.476705133914948,0.122079074382782,2.45830321311951,0.455260813236237,2.52825212478638,11.8431024551392,61.2877197265625,5.29149150848389,0.783807992935181,0,0,
232,50.86249542,0,0,0,18.5687027,0,4.57677412,0,1.987149,0,14.44262028,0,0.476705133914948,0.122079074382782,2.45830321311951,0.455260813236237,2.52825713157654,11.8432111740112,61.2893447875977,5.2914924621582,0.783807992935181,0,0,
233,50.86249542,0,0,0,18.5687027,0,4.57677412,0,1.987149,0,14.44262028,0,0.476705133914948,0.122079074382782,2.45830321311951,0.455260813236237,2.52826189994812,11.843316078186,61.2909622192383,5.29149341583252,0.783807992935181,0,0,
234,50.86249542,0,0,0,18.5687027,0,4.57677412,0,1.987149,0,14.44262028,0,0.476705133914948,0.122079074382782,2.45830321311951,0.455260813236237,2.52826619148254,11.8434171676636,61.2925796508789,5.29149436950684,0.783807992935181,0,0,
235,50.86249542,0,0,0,18.5687027,0,4.57677412,0,1.987149,0,14.44262028,0,0.476705133914948,0.122079074382782,2.45830321311951,0.455260813236237,2.52827024459839,11.8435144424438,61.294189453125,5.29149532318115,0.783807992935181,0,0,
236,50.86249542,0,0,0,18.5687027,0,4.57677412,0,1.987149,0,14.44262028,0,0.476705133914948,0.122079074382782,2.45830321311951,0.455260813236237,2.52827405929565,11.8436088562012,61.2957954406738,5.29149627685547,0.783807992935181,0,0,
237,50.86249542,0,0,0,18.5687027,0,4.57677412,0,1.987149,0,14.44262028,0,0.476705133914948,0.122079074382782,2.45830321311951,0.455260813236237,2.52827787399292,11.8436985015869,61.2973976135254,5.29149723052979,0.783807992935181,0,0,
238,50.86249542,0,0,0,18.5687027,0,4.57677412,0,1.987149,0,14.44262028,0,0.476705133914948,0.122079074382782,2.45830321311951,0.455260813236237,2.52828145027161,11.843786239624,61.2989921569824,5.2914981842041,0.783807992935181,0,0,
239,50.86249542,0,0,0,18.5687027,0,4.57677412,0,1.987149,0,14.44262028,0,0.476705133914948,0.122079074382782,2.45830321311951,0.455260813236237,2.52828478813171,11.8438701629639,61.3005828857422,5.29149913787842,0.783807992935181,0,0,
240,50.86249542,0,0,0,18.5687027,0,4.57677412,0,1.987149,0,14.44262028,0,0.476705133914948,0.122079074382782,2.45830321311951,0.455260813236237,2.52828788757324,11.8439512252808,61.3021659851074,5.29150009155273,0.783807992935181,0,0,
241,50.86249542,0,0,0,18.5687027,0,4.57677412,0,1.987149,0,14.44262028,0,0.476705133914948,0.122079074382782,2.45830321311951,0.455260813236237,2.52829074859619,11.8440284729004,61.3037452697754,5.29150056838989,0.783807992935181,0,0,
242,50.86249542,0,0,0,18.5687027,0,4.57677412,0,1.987149,0,14.44262028,0,0.476705133914948,0.122079074382782,2.45830321311951,0.455260813236237,2.52829360961914,11.8441038131714,61.3053245544434,5.29150104522705,0.783807992935181,0,0,
243,50.86249542,0,0,0,18.5687027,0,4.57677412,0,1.987149,0,14.44262028,0,0.476705133914948,0.122079074382782,2.45830321311951,0.455260813236237,2.52829623222351,11.8441753387451,61.3068962097168,5.29150152206421,0.783807992935181,0,0,
244,50.86249542,0,0,0,18.5687027,0,4.57677412,0,1.987149,0,14.44262028,0,0.476705133914948,0.122079074382782,2.45830321311951,0.455260813236237,2.5282986164093,11.8442449569702,61.308464050293,5.29150199890137,0.783807992935181,0,0,
245,50.86249542,0,0,0,18.5687027,0,4.57677412,0,1.987149,0,14.44262028,0,0.476705133914948,0.122079074382782,2.45830321311951,0.455260813236237,2.52830100059509,11.8443117141724,61.3100280761719,5.29150247573853,0.783807992935181,0,0,
246,50.86249542,0,0,0,18.5687027,0,4.57677412,0,1.987149,0,14.44262028,0,0.476705133914948,0.122079074382782,2.45830321311951,0.455260813236237,2.5283031463623,11.8443765640259,61.3115844726563,5.29150247573853,0.783807992935181,0,0,
247,50.86249542,0,0,0,18.5687027,0,4.57677412,0,1.987149,0,14.44262028,0,0.476705133914948,0.122079074382782,2.45830321311951,0.455260813236237,2.52830529212952,11.8444375991821,61.3131370544434,5.29150247573853,0.783807992935181,0,0,
248,50.86249542,0,0,0,18.5687027,0,4.57677412,0,1.987149,0,14.44262028,0,0.476705133914948,0.122079074382782,2.45830321311951,0.455260813236237,2.52830719947815,11.8444967269897,61.3146858215332,5.29150247573853,0.783807992935181,0,0,
249,50.86249542,0,0,0,18.5687027,0,4.57677412,0,1.987149,0,14.44262028,0,0.476705133914948,0.122079074382782,2.45830321311951,0.455260813236237,2.5283088684082,11.844554901123,61.3162269592285,5.29150247573853,0.783807992935181,0,0,
250,50.86249542,0,0,0,18.5687027,0,4.57677412,0,1.987149,0,14.44262028,0,0.476705133914948,0.122079074382782,2.45830321311951,0.455260813236237,2.52831077575684,11.8446102142334,61.3177642822266,5.29150247573853,0.783807992935181,0,0,
251,50.86249542,0,0,0,18.5687027,0,4.57677412,0,1.987149,0,14.44262028,0,0.476705133914948,0.122079074382782,2.45830321311951,0.455260813236237,2.52831244468689,11.8446636199951,61.3193016052246,5.29150247573853,0.783807992935181,0,0,
252,50.86249542,0,0,0,18.5687027,0,4.57677412,0,1.987149,0,14.44262028,0,0.476705133914948,0.122079074382782,2.45830321311951,0.455260813236237,2.52831387519836,11.8447151184082,61.3208312988281,5.29150247573853,0.783807992935181,0,0,
253,50.86249542,0,0,0,18.5687027,0,4.57677412,0,1.987149,0,14.44262028,0,0.476705133914948,0.122079074382782,2.45830321311951,0.455260813236237,2.52831530570984,11.8447637557983,61.3223571777344,5.29150247573853,0.783807992935181,0,0,
254,50.86249542,0,0,0,18.5687027,0,4.57677412,0,1.987149,0,14.44262028,0,0.476705133914948,0.122079074382782,2.45830321311951,0.455260813236237,2.52831649780273,11.8448114395142,61.3238792419434,5.29150247573853,0.783807992935181,0,0,
255,50.86249542,0,0,0,18.5687027,0,4.57677412,0,1.987149,0,14.44262028,0,0.476705133914948,0.122079074382782,2.45830321311951,0.455260813236237,2.52831792831421,11.8448572158813,61.3253936767578,5.29150247573853,0.783807992935181,0,0,
256,50.86249542,0,0,0,18.5687027,0,4.57677412,0,1.987149,0,14.44262028,0,0.476705133914948,0.122079074382782,2.45830321311951,0.455260813236237,2.5283191204071,11.8449010848999,61.326904296875,5.29150247573853,0.783807992935181,0,0,
257,50.86249542,0,0,0,18.5687027,0,4.57677412,0,1.987149,0,14.44262028,0,0.476705133914948,0.122079074382782,2.45830321311951,0.455260813236237,2.52832007408142,11.8449430465698,61.3284111022949,5.29150247573853,0.783807992935181,0,0,
258,50.86249542,0,0,0,18.5687027,0,4.57677412,0,1.987149,0,14.44262028,0,0.476705133914948,0.122079074382782,2.45830321311951,0.455260813236237,2.52832102775574,11.8449840545654,61.3299102783203,5.29150247573853,0.783807992935181,0,0,
259,50.86249542,0,0,0,18.5687027,0,4.57677412,0,1.987149,0,14.44262028,0,0.476705133914948,0.122079074382782,2.45830321311951,0.455260813236237,2.52832198143005,11.8450241088867,61.3314056396484,5.29150247573853,0.783807992935181,0,0,
260,50.86249542,0,0,0,18.5687027,0,4.57677412,0,1.987149,0,14.44262028,0,0.476705133914948,0.122079074382782,2.45830321311951,0.455260813236237,2.52832269668579,11.8450613021851,61.3328971862793,5.29150247573853,0.783807992935181,0,0,
261,50.86249542,0,0,0,18.5687027,0,4.57677412,0,1.987149,0,14.44262028,0,0.476705133914948,0.122079074382782,2.45830321311951,0.455260813236237,2.52832365036011,11.8450975418091,61.3343849182129,5.29150247573853,0.783807992935181,0,0,
262,50.86249542,0,0,0,18.5687027,0,4.57677412,0,1.987149,0,14.44262028,0,0.476705133914948,0.122079074382782,2.45830321311951,0.455260813236237,2.52832460403442,11.8451328277588,61.335865020752,5.29150247573853,0.783807992935181,0,0,
263,50.86249542,0,0,0,18.5687027,0,4.57677412,0,1.987149,0,14.44262028,0,0.476705133914948,0.122079074382782,2.45830321311951,0.455260813236237,2.52832555770874,11.8451671600342,61.3373413085938,5.29150247573853,0.783807992935181,0,0,
264,50.86249542,0,0,0,18.5687027,0,4.57677412,0,1.987149,0,14.44262028,0,0.476705133914948,0.122079074382782,2.45830321311951,0.455260813236237,2.52832627296448,11.8452005386353,61.3388137817383,5.29150247573853,0.783807992935181,0,0,
265,50.86249542,0,0,0,18.5687027,0,4.57677412,0,1.987149,0,14.44262028,0,0.476705133914948,0.122079074382782,2.45830321311951,0.455260813236237,2.52832674980164,11.8452320098877,61.3402786254883,5.29150247573853,0.783807992935181,0,0,
266,50.86249542,0,0,0,18.5687027,0,4.57677412,0,1.987149,0,14.44262028,0,0.476705133914948,0.122079074382782,2.45830321311951,0.455260813236237,2.52832722663879,11.8452634811401,61.341739654541,5.29150247573853,0.783807992935181,0,0,
267,50.86249542,0,0,0,18.5687027,0,4.57677412,0,1.987149,0,14.44262028,0,0.476705133914948,0.122079074382782,2.45830321311951,0.455260813236237,2.52832770347595,11.8452930450439,61.3431968688965,5.29150247573853,0.783807992935181,0,0,
268,50.86249542,0,0,0,18.5687027,0,4.57677412,0,1.987149,0,14.44262028,0,0.476705133914948,0.122079074382782,2.45830321311951,0.455260813236237,2.52832818031311,11.8453226089478,61.344654083252,5.29150247573853,0.783807992935181,0,0,
269,50.86249542,0,0,0,18.5687027,0,4.57677412,0,1.987149,0,14.44262028,0,0.476705133914948,0.122079074382782,2.45830321311951,0.455260813236237,2.52832865715027,11.8453502655029,61.3461036682129,5.29150247573853,0.783807992935181,0,0,
270,50.86249542,0,0,0,18.5687027,0,4.57677412,0,1.987149,0,14.44262028,0,0.476705133914948,0.122079074382782,2.45830321311951,0.455260813236237,2.52832913398743,11.8453769683838,61.3475494384766,5.29150247573853,0.783807992935181,0,0,
271,50.86249542,0,0,0,18.5687027,0,4.57677412,0,1.987149,0,14.44262028,0,0.476705133914948,0.122079074382782,2.45830321311951,0.455260813236237,2.52832961082459,11.8454027175903,61.348991394043,5.29150247573853,0.783807992935181,0,0,
272,50.86249542,0,0,0,18.5687027,0,4.57677412,0,1.987149,0,14.44262028,0,0.476705133914948,0.122079074382782,2.45830321311951,0.455260813236237,2.52832984924316,11.8454275131226,61.3504295349121,5.29150247573853,0.783807992935181,0,0,
273,50.86249542,0,0,0,18.5687027,0,4.57677412,0,1.987149,0,14.44262028,0,0.476705133914948,0.122079074382782,2.45830321311951,0.455260813236237,2.52833032608032,11.8454513549805,61.3518600463867,5.29150247573853,0.783807992935181,0,0,
274,50.86249542,0,0,0,18.5687027,0,4.57677412,0,1.987149,0,14.44262028,0,0.476705133914948,0.122079074382782,2.45830321311951,0.455260813236237,2.52833080291748,11.8454742431641,61.3532867431641,5.29150247573853,0.783807992935181,0,0,
275,50.86249542,0,0,0,18.5687027,0,4.57677412,0,1.987149,0,14.44262028,0,0.476705133914948,0.122079074382782,2.45830321311951,0.455260813236237,2.52833127975464,11.8454971313477,61.3547096252441,5.29150247573853,0.783807992935181,0,0,
276,50.86249542,0,0,0,18.5687027,0,4.57677412,0,1.987149,0,14.44262028,0,0.476705133914948,0.122079074382782,2.45830321311951,0.455260813236237,2.5283317565918,11.8455190658569,61.356128692627,5.29150247573853,0.783807992935181,0,0,
277,50.86249542,0,0,0,18.5687027,0,4.57677412,0,1.987149,0,14.44262028,0,0.476705133914948,0.122079074382782,2.45830321311951,0.455260813236237,2.52833223342896,11.8455390930176,61.3575401306152,5.29150247573853,0.783807992935181,0,0,
278,50.86249542,0,0,0,18.5687027,0,4.57677412,0,1.987149,0,14.44262028,0,0.476705133914948,0.122079074382782,2.45830321311951,0.455260813236237,2.52833271026611,11.8455591201782,61.3589477539063,5.29150247573853,0.783807992935181,0,0,
279,50.86249542,0,0,0,18.5687027,0,4.57677412,0,1.987149,0,14.44262028,0,0.476705133914948,0.122079074382782,2.45830321311951,0.455260813236237,2.52833318710327,11.8455781936646,61.3603515625,5.29150247573853,0.783807992935181,0,0,
280,50.86249542,0,0,0,18.5687027,0,4.57677412,0,1.987149,0,14.44262028,0,0.476705133914948,0.122079074382782,2.45830321311951,0.455260813236237,2.52833342552185,11.8455963134766,61.3617515563965,5.29150247573853,0.783807992935181,0,0,
281,50.86249542,0,0,0,18.5687027,0,4.57677412,0,1.987149,0,14.44262028,0,0.476705133914948,0.122079074382782,2.45830321311951,0.455260813236237,2.52833342552185,11.8456144332886,61.3631477355957,5.29150247573853,0.783807992935181,0,0,
282,50.86249542,0,0,0,18.5687027,0,4.57677412,0,1.987149,0,14.44262028,0,0.476705133914948,0.122079074382782,2.45830321311951,0.455260813236237,2.52833342552185,11.8456315994263,61.3645362854004,5.29150247573853,0.783807992935181,0,0,
283,50.86249542,0,0,0,18.5687027,0,4.57677412,0,1.987149,0,14.44262028,0,0.476705133914948,0.122079074382782,2.45830321311951,0.455260813236237,2.52833342552185,11.845648765564,61.3659210205078,5.29150247573853,0.783807992935181,0,0,
284,50.86249542,0,0,0,18.5687027,0,4.57677412,0,1.987149,0,14.44262028,0,0.476705133914948,0.122079074382782,2.45830321311951,0.455260813236237,2.52833342552185,11.8456649780273,61.367301940918,5.29150247573853,0.783807992935181,0,0,
285,50.86249542,0,0,0,18.5687027,0,4.57677412,0,1.987149,0,14.44262028,0,0.476705133914948,0.122079074382782,2.45830321311951,0.455260813236237,2.52833342552185,11.8456802368164,61.3686790466309,5.29150247573853,0.783807992935181,0,0,
286,50.86249542,0,0,0,18.5687027,0,4.57677412,0,1.987149,0,14.44262028,0,0.476705133914948,0.122079074382782,2.45830321311951,0.455260813236237,2.52833342552185,11.8456945419312,61.3700523376465,5.29150247573853,0.783807992935181,0,0,
287,50.86249542,0,0,0,18.5687027,0,4.57677412,0,1.987149,0,14.44262028,0,0.476705133914948,0.122079074382782,2.45830321311951,0.455260813236237,2.52833342552185,11.8457078933716,61.3714179992676,5.29150247573853,0.783807992935181,0,0,
288,50.86249542,0,0,0,18.5687027,0,4.57677412,0,1.987149,0,14.44262028,0,0.476705133914948,0.122079074382782,2.45830321311951,0.455260813236237,2.52833342552185,11.845721244812,61.3727798461914,5.29150247573853,0.783807992935181,0,0,
289,50.86249542,0,0,0,18.5687027,0,4.57677412,0,1.987149,0,14.44262028,0,0.476705133914948,0.122079074382782,2.45830321311951,0.455260813236237,2.52833342552185,11.8457345962524,61.374137878418,5.29150247573853,0.783807992935181,0,0,
290,50.86249542,0,0,0,18.5687027,0,4.57677412,0,1.987149,0,14.44262028,0,0.476705133914948,0.122079074382782,2.45830321311951,0.455260813236237,2.52833342552185,11.8457469940186,61.3754920959473,5.29150247573853,0.783807992935181,0,0,
291,50.86249542,0,0,0,18.5687027,0,4.57677412,0,1.987149,0,14.44262028,0,0.476705133914948,0.122079074382782,2.45830321311951,0.455260813236237,2.52833342552185,11.8457593917847,61.3768424987793,5.29150247573853,0.783807992935181,0,0,
292,50.86249542,0,0,0,18.5687027,0,4.57677412,0,1.987149,0,14.44262028,0,0.476705133914948,0.122079074382782,2.45830321311951,0.455260813236237,2.52833342552185,11.8457708358765,61.3781890869141,5.29150247573853,0.783807992935181,0,0,
293,50.86249542,0,0,0,18.5687027,0,4.57677412,0,1.987149,0,14.44262028,0,0.476705133914948,0.122079074382782,2.45830321311951,0.455260813236237,2.52833342552185,11.8457822799683,61.3795280456543,5.29150247573853,0.783807992935181,0,0,
294,50.86249542,0,0,0,18.5687027,0,4.57677412,0,1.987149,0,14.44262028,0,0.476705133914948,0.122079074382782,2.45830321311951,0.455260813236237,2.52833342552185,11.8457937240601,61.3808631896973,5.29150247573853,0.783807992935181,0,0,
295,50.86249542,0,0,0,18.5687027,0,4.57677412,0,1.987149,0,14.44262028,0,0.476705133914948,0.122079074382782,2.45830321311951,0.455260813236237,2.52833342552185,11.8458042144775,61.382194519043,5.29150247573853,0.783807992935181,0,0,
296,50.86249542,0,0,0,18.5687027,0,4.57677412,0,1.987149,0,14.44262028,0,0.476705133914948,0.122079074382782,2.45830321311951,0.455260813236237,2.52833342552185,11.845814704895,61.3835220336914,5.29150247573853,0.783807992935181,0,0,
297,50.86249542,0,0,0,18.5687027,0,4.57677412,0,1.987149,0,14.44262028,0,0.476705133914948,0.122079074382782,2.45830321311951,0.455260813236237,2.52833342552185,11.8458251953125,61.3848457336426,5.29150247573853,0.783807992935181,0,0,
298,50.86249542,0,0,0,18.5687027,0,4.57677412,0,1.987149,0,14.44262028,0,0.476705133914948,0.122079074382782,2.45830321311951,0.455260813236237,2.52833342552185,11.8458347320557,61.3861656188965,5.29150247573853,0.783807992935181,0,0,
299,50.86249542,0,0,0,18.5687027,0,4.57677412,0,1.987149,0,14.44262028,0,0.476705133914948,0.122079074382782,2.45830321311951,0.455260813236237,2.52833342552185,11.8458442687988,61.3874778747559,5.29150247573853,0.783807992935181,0,0,
