"Time Step","Softwood Merchantable","Hardwood Merchantable","Softwood Submerchantable","Hardwood Submerchantable","Softwood Other","Hardwood Other","Softwood Foliage","Hardwood Foliage","Softwood Fine Roots","Hardwood Fine Roots","Softwood Coarse Roots","Hardwood Coarse Roots","Aboveground Very Fast DOM","Belowground Very Fast DOM","Aboveground Fast DOM","Belowground Fast DOM","Medium DOM","Aboveground Slow DOM","Belowground Slow DOM","Softwood Stem Snag","Softwood Branch Snag","Hardwood Stem Snag","Hardwood Branch Snag",
0,0,0,0,0,0,0,0,0,0,0,0,0,0.696799993515015,0.946914970874786,5.94487380981445,5.27959680557251,4.57339477539063,4.53255605697632,48.9547309875488,35.9143104553223,10.219090461731,0,0,
1,0.2086479068,0,0,0,0.3924345374,0,0.1290165931,0,0.06793786585,0,0.09414412081,0,0.067038893699646,0.0248987060040236,5.02387380599976,3.80408120155334,5.30572605133057,5.24706506729126,49.2330131530762,33.4993133544922,7.9133825302124,0,0,
2,0.6543064713,0,0,0,0.9976773262,0,0.2828250527,0,0.1753137112,0,0.2542138696,0,0.0127943065017462,0.00166059762705117,4.20590972900391,2.74194622039795,5.91305303573608,5.73235845565796,49.2959518432617,31.2488651275635,6.13257741928101,0,0,
3,1.270132542,0,0,0,1.682670712,0,0.4424443245,0,0.297942549,0,0.4558024108,0,0.0133662996813655,0.00201466213911772,3.50354480743408,1.97802233695984,6.40936517715454,6.11016321182251,49.3129844665527,29.1532135009766,4.75941467285156,0,0,
4,2.023639202,0,0,0,2.401524305,0,0.6025761366,0,0.4257890582,0,0.6903691888,0,0.0194118842482567,0.00306729809381068,2.91533017158508,1.42921626567841,6.80734300613403,6.40978860855103,49.302375793457,27.2029399871826,3.70234036445618,0,0,
5,2.891221285,0,0,0,3.128065825,0,0.7604989409,0,0.5528516769,0,0.9522608519,0,0.0260234922170639,0.0041565638966858396,2.43279504776001,1.03561151027679,7.11846446990967,6.64850950241089,49.2742805480957,25.3890781402588,2.89016270637512,0,0,
6,3.853453636,0,0,0,3.845323086,0,0.9145928025,0,0.6753562093,0,1.236811638,0,0.0325656794011593,0.00522452825680375,2.04420471191406,0.75400310754776,7.35310411453247,6.83963060379028,49.2356986999512,23.7031269073486,2.26757884025574,0,0,
7,4.893410206,0,0,0,4.541768551,0,1.063837647,0,0.7909858823,0,1.539795637,0,0.0388693399727345,0.00624431204050779,1.73678004741669,0.553231835365295,7.52062940597534,6.99370956420898,49.1914482116699,22.1370391845703,1.79165041446686,0,0,
8,5.995921135,0,0,0,5.209525108,0,1.207584023,0,0.8984338045,0,1.857258916,0,0.0448527038097382,0.00720012048259377,1.49798178672791,0.410819053649902,7.62948513031006,7.11908912658691,49.1448097229004,20.6832065582275,1.42905068397522,0,0,
9,7.147203922,0,0,0,5.84334898,0,1.3454296589999999,0,0.9971020222,0,2.185486317,0,0.050472229719162,0.00808360707014799,1.31620514392853,0.310542196035385,7.68727684020996,7.22230911254883,49.0979614257813,19.334436416626,1.15392160415649,0,0,
10,8.3346652980000009,0,0,0,6.439971924,0,1.477146029,0,1.086884379,0,2.521011353,0,0.0557088740170002,0.00889162160456181,1.18110871315002,0.240687683224678,7.70084238052368,7.3084511756897,49.0523262023926,18.0839366912842,0.946206986904144,0,0,
11,9.546791077,0,0,0,6.997641087,0,1.6026299,0,1.168006182,0,2.860641718,0,0.0605603419244289,0.00962457992136478,1.08371841907501,0.19279237091541301,7.67631912231445,7.381432056427,49.0087852478027,16.92529296875,0.79035758972168,0,0,
12,10.70323372,0,0,0,7.517191887,0,1.700174928,0,1.237528443,0,3.184844971,0,0.064832903444767,0.0102711888030171,1.01635694503784,0.160677015781403,7.61920738220215,7.44389343261719,48.9677581787109,15.8522291183472,0.67433112859726,0,0,
13,12.02942085,0,0,0,7.791045666,0,1.798632145,0,1.298763633,0,3.500676155,0,0.0685641095042229,0.0108327083289623,0.970346212387085,0.139844745397568,7.53442001342773,7.49763679504395,48.9293899536133,14.8593559265137,0.587915182113647,0,0,
14,13.33965492,0,0,0,8.07981205,0,1.896124005,0,1.355097294,0,3.82096386,0,0.0720468536019325,0.0113370744511485,0.9393430352211,0.127127423882484,7.42635250091553,7.54431247711182,48.8937950134277,13.9417762756348,0.523431241512299,0,0,
15,14.62024307,0,0,0,8.376052856,0,1.991353989,0,1.406248927,0,4.141009331,0,0.0753327533602715,0.0117979487404227,0.920989394187927,0.120271764695644,7.29893493652344,7.58532476425171,48.8610382080078,13.0942783355713,0.476023465394974,0,0,
16,15.8649683,0,0,0,8.674892426,0,2.083716393,0,1.452409029,0,4.458025932,0,0.0784119367599487,0.0122153097763658,0.913076758384705,0.117627419531345,7.15565633773804,7.62177562713623,48.8310852050781,12.3119354248047,0.441879540681839,0,0,
17,17.06749725,0,0,0,8.972153664,0,2.172681332,0,1.493831515,0,4.76930666,0,0.0812822058796883,0.0125910118222237,0.913621366024017,0.117985598742962,6.99960517883301,7.6545205116272,48.8038368225098,11.5901145935059,0.418008983135223,0,0,
18,18.22831726,0,0,0,9.265904427,0,2.258270741,0,1.531017184,0,5.074035645,0,0.0839510783553123,0.0129282446578145,0.920899987220764,0.120462700724602,6.83350801467896,7.68422794342041,48.7791633605957,10.9244728088379,0.402070283889771,0,0,
19,19.3384285,0,0,0,9.552226067,0,2.339837313,0,1.564150572,0,5.369018555,0,0.0864251330494881,0.0132299466058612,0.933424770832062,0.124407693743706,6.65976333618164,7.71141242980957,48.756908416748,10.3109350204468,0.392225384712219,0,0,
20,20.400177,0,0,0,9.830412865,0,2.417583942,0,1.593748689,0,5.654146194,0,0.0887124016880989,0.0134991183876991,0.949929416179657,0.129339650273323,6.48047399520874,7.73646450042725,48.7369117736816,9.7456750869751,0.387031435966492,0,0,
21,21.40884781,0,0,0,10.09818268,0,2.491202593,0,1.620083809,0,5.92752409,0,0.0908246785402298,0.0137391220778227,0.969358205795288,0.134904831647873,6.29747629165649,7.759681224823,48.7190132141113,9.22511863708496,0.385358512401581,0,0,
22,22.36629486,0,0,0,10.35517025,0,2.56086731,0,1.643567801,0,6.189109802,0,0.092772401869297,0.0139528969302773,0.990833461284637,0.140841439366341,6.11236667633057,7.78128814697266,48.7030487060547,8.74592208862305,0.386320352554321,0,0,
23,23.27410889,0,0,0,10.60113049,0,2.626732826,0,1.664551377,0,6.438887119,0,0.0945702716708183,0.014143698848784,1.01365220546722,0.146960616111755,5.92652654647827,7.80146074295044,48.6888732910156,8.30497932434082,0.389228284358978,0,0,
24,24.13148117,0,0,0,10.83528614,0,2.688776016,0,1.683286428,0,6.676244736,0,0.0962296053767204,0.0143141187727451,1.0372451543808,0.153124049305916,5.74114370346069,7.82033252716064,48.6763496398926,7.89939260482788,0.393544673919678,0,0,
25,24.93748474,0,0,0,11.0569315,0,2.746961594,0,1.699993014,0,6.900592804,0,0.0977580919861794,0.0144661907106638,1.06114280223846,0.159227758646011,5.5572338104248,7.83800220489502,48.665340423584,7.52645635604858,0.398846924304962,0,0,
26,25.697544099999998,0,0,0,11.267187119999999,0,2.801710367,0,1.714985371,0,7.113164425,0,0.0991671979427338,0.0146021964028478,1.0849837064743,0.165199145674706,5.37565803527832,7.85454654693604,48.6557197570801,7.18365907669067,0.404809653759003,0,0,
27,26.41042519,0,0,0,11.46541309,0,2.852959394,0,1.7284095289999999,0,7.313383102,0,0.1004673615098,0.0147241093218327,1.10849106311798,0.17098830640316,5.19714069366455,7.87002801895142,48.6473770141602,6.86867380142212,0.411182969808578,0,0,
28,27.08122444,0,0,0,11.65278149,0,2.901095867,0,1.740505695,0,7.502486706,0,0.101667627692223,0.0148335928097367,1.1314558982849101,0.176561623811722,5.02228450775146,7.88449764251709,48.6402130126953,6.57934141159058,0.417775720357895,0,0,
29,27.70637894,0,0,0,11.82809067,0,2.945885181,0,1.751333237,0,7.679305077,0,0.102774396538734,0.0149319330230355,1.15371382236481,0.181895136833191,4.85158348083496,7.89799499511719,48.6341285705566,6.31365394592285,0.424439817667007,0,0,
30,28.29288292,0,0,0,11.99313831,0,2.987843037,0,1.761118054,0,7.845680237,0,0.103794507682323,0.0150203555822372,1.17514431476593,0.186974003911018,4.6854362487793,7.91055393218994,48.6290321350098,6.06974792480469,0.431063145399094,0,0,
31,28.84124947,0,0,0,12.14792633,0,3.027020693,0,1.769954205,0,8.001642227,0,0.104737371206284,0.0151002276688814,1.19567894935608,0.191794291138649,4.52415752410889,7.92220878601074,48.6248512268066,5.84591150283813,0.437566637992859,0,0,
32,29.35193634,0,0,0,12.29246807,0,3.063462734,0,1.777922392,0,8.147223473,0,0.105607159435749,0.0151723073795438,1.21526300907135,0.196353361010551,4.36798763275146,7.93298768997192,48.6215057373047,5.64054870605469,0.443889141082764,0,0,
33,29.82953262,0,0,0,12.42797184,0,3.097506046,0,1.785155773,0,8.283655167,0,0.10641010850668,0.0152375064790249,1.23387038707733,0.200653895735741,4.21710300445557,7.94291925430298,48.6189270019531,5.45218944549561,0.449988573789597,0,0,
34,30.27228737,0,0,0,12.55385876,0,3.129034758,0,1.79167974,0,8.410370827,0,0.107150763273239,0.0152965132147074,1.25148844718933,0.204700201749802,4.07162284851074,7.95203018188477,48.6170539855957,5.27947092056274,0.455835103988647,0,0,
35,30.68675041,0,0,0,12.67193127,0,3.158523083,0,1.797633886,0,8.529185295,0,0.107834503054619,0.0153500270098448,1.26812374591827,0.208499893546104,3.93161725997925,7.9603476524353,48.6158256530762,5.12113666534424,0.461410820484161,0,0,
36,31.07107925,0,0,0,12.78160381,0,3.185845613,0,1.803027511,0,8.639526367,0,0.108466513454914,0.0153986914083362,1.28379714488983,0.212062910199165,3.79711437225342,7.96790266036987,48.6151924133301,4.97603034973145,0.466707140207291,0,0,
37,31.42964935,0,0,0,12.88407707,0,3.211317778,0,1.807952166,0,8.742609024,0,0.109050139784813,0.0154429404065013,1.29853236675262,0.215398728847504,3.6681056022644,7.97472238540649,48.6151008605957,4.84308242797852,0.471720069646835,0,0,
38,31.76057053,0,0,0,12.97878933,0,3.234811306,0,1.812407732,0,8.8378582,0,0.109588354825974,0.0154831679537892,1.31235504150391,0.218516513705254,3.54455161094666,7.98083591461182,48.6155052185059,4.72130250930786,0.476449251174927,0,0,
39,32.07020187,0,0,0,13.06751633,0,3.256779671,0,1.81650126,0,8.927077293,0,0.11008532345295,0.0155198266729712,1.3253014087677,0.221427261829376,3.42638611793518,7.98627233505249,48.6163673400879,4.60978126525879,0.480899661779404,0,0,
40,32.35660934,0,0,0,13.14968014,0,3.277090073,0,1.820224524,0,9.009685516,0,0.11054515093565,0.0155533431097865,1.33741509914398,0.224143326282501,3.31352066993713,7.99106407165527,48.6176490783691,4.50768566131592,0.48508021235466,0,0,
41,32.62197113,0,0,0,13.22588444,0,3.295897961,0,1.823621154,0,9.086292267,0,0.110968917608261,0.0155838737264276,1.34872877597809,0.226673662662506,3.20584917068481,7.99523878097534,48.6193046569824,4.41423797607422,0.488997995853424,0,0,
42,32.86844635,0,0,0,13.29672909,0,3.313359499,0,1.826731443,0,9.157503128,0,0.111360177397728,0.0156117752194405,1.35928380489349,0.229029163718224,3.1032497882843,7.99882698059082,48.6213150024414,4.32872819900513,0.492663592100143,0,0,
43,33.09816742,0,0,0,13.36281013,0,3.329628706,0,1.829592466,0,9.223921776,0,0.111722581088543,0.0156373754143715,1.36912786960602,0.231222003698349,3.00558829307556,8.00186347961426,48.6236419677734,4.25050735473633,0.496090471744537,0,0,
44,33.30915833,0,0,0,13.4235487,0,3.344564199,0,1.832188725,0,9.284965515,0,0.112056881189346,0.0156607758253813,1.37829661369324,0.233261004090309,2.91272115707397,8.00437641143799,48.6262588500977,4.1789698600769,0.499289095401764,0,0,
45,33.50556946,0,0,0,13.48013878,0,3.358463764,0,1.834578991,0,9.341827393,0,0.112364888191223,0.0156821552664042,1.38682556152344,0.235154762864113,2.82449769973755,8.00639533996582,48.6291389465332,4.11355924606323,0.50227016210556,0,0,
46,33.68746567,0,0,0,13.53256989,0,3.371332645,0,1.836770296,0,9.394514084,0,0.112649917602539,0.0157017987221479,1.39475798606873,0.236913770437241,2.74076128005981,8.00794982910156,48.6322555541992,4.0537691116333,0.505047023296356,0,0,
47,33.85692596,0,0,0,13.58144855,0,3.383317471,0,1.838792443,0,9.443622589,0,0.112913854420185,0.01571986079216,1.40213453769684,0.238547757267952,2.66135144233704,8.00907325744629,48.6355934143066,3.99913501739502,0.507632613182068,0,0,
48,34.01195145,0,0,0,13.62618446,0,3.394279242,0,1.840626597,0,9.488570213,0,0.113157093524933,0.0157363936305046,1.4089857339859,0.240063816308975,2.58610606193542,8.00979232788086,48.6391296386719,3.94922351837158,0.510037064552307,0,0,
49,34.15665817,0,0,0,13.66796207,0,3.404508591,0,1.842324972,0,9.530540466,0,0.113381259143353,0.0157515406608582,1.41534316539764,0.241469159722328,2.51486206054688,8.01013374328613,48.6428451538086,3.90363669395447,0.51227068901062,0,0,
50,34.29106522,0,0,0,13.70678425,0,3.414008617,0,1.843890786,0,9.569540977,0,0.113589368760586,0.0157655328512192,1.42124700546265,0.242773339152336,2.44745588302612,8.01012802124023,48.6467247009277,3.8620171546936,0.514346659183502,0,0,
51,34.41316223,0,0,0,13.74206066,0,3.422635317,0,1.845303893,0,9.604981422,0,0.113780483603477,0.0157783068716526,1.4267190694809,0.24398110806942,2.38372588157654,8.00979900360107,48.6507453918457,3.82402467727661,0.516272604465485,0,0,
52,34.5270462,0,0,0,13.77498245,0,3.430681467,0,1.846613765,0,9.638048172,0,0.113955974578857,0.015789981931448,1.43178391456604,0.245098039507866,2.32351183891296,8.00916957855225,48.6548957824707,3.78934955596924,0.518056988716125,0,0,
53,34.63272858,0,0,0,13.80554104,0,3.438147306,0,1.847822547,0,9.668743134,0,0.114118814468384,0.0158007759600878,1.43647730350494,0.24613244831562,2.26665592193604,8.00826740264893,48.6591682434082,3.75771546363831,0.519711494445801,0,0,
54,34.73226166,0,0,0,13.83432579,0,3.445176125,0,1.848954797,0,9.697656631,0,0.114270679652691,0.0158108100295067,1.44083392620087,0.24709241092205,2.21300363540649,8.00711727142334,48.6635437011719,3.7288715839386,0.521247744560242,0,0,
55,34.82159042,0,0,0,13.86016941,0,3.45148468,0,1.849966049,0,9.723613739,0,0.114410445094109,0.015820000320673,1.44487130641937,0.247981697320938,2.16240453720093,8.0057430267334,48.6680145263672,3.7025773525238,0.522672057151794,0,0,
56,34.90478134,0,0,0,13.88424683,0,3.457358599,0,1.850903869,0,9.747795105,0,0.114538088440895,0.0158283598721027,1.44860291481018,0.248803004622459,2.11471199989319,8.0041618347168,48.6725654602051,3.67860841751099,0.523989498615265,0,0,
57,34.98186111,0,0,0,13.9065609,0,3.4628014560000002,0,1.85176909,0,9.770202637,0,0.114656329154968,0.0158360879868269,1.45205533504486,0.249562546610832,2.06978297233582,8.00239562988281,48.6771926879883,3.65676951408386,0.525208950042725,0,0,
58,35.05484772,0,0,0,13.92768764,0,3.467953205,0,1.852585316,0,9.791423798,0,0.11476681381464,0.015843290835619,1.45525717735291,0.250266939401627,2.02747917175293,8.00046634674072,48.6818885803223,3.63688373565674,0.526339948177338,0,0,
59,35.11970139,0,0,0,13.94647026,0,3.472530365,0,1.853308082,0,9.810284615,0,0.114868380129337,0.0158498901873827,1.4582211971283,0.250918805599213,1.98766732215881,7.99839067459106,48.686637878418,3.61878061294556,0.527387261390686,0,0,
60,35.18047714,0,0,0,13.96406555,0,3.476820469,0,1.853983045,0,9.827960014,0,0.114960953593254,0.0158558841794729,1.4609569311142,0.251520067453384,1.95021915435791,7.9961838722229,48.6914367675781,3.60230040550232,0.528354525566101,0,0,
61,35.23718643,0,0,0,13.98049545,0,3.480821848,0,1.854611158,0,9.844456673,0,0.115047231316566,0.0158614702522755,1.4634884595871,0.252076357603073,1.91501033306122,7.9938645362854,48.6962738037109,3.5873079299926798,0.529249727725983,0,0,
62,35.28982925,0,0,0,13.99575043,0,3.484537601,0,1.855192661,0,9.859775543,0,0.115127503871918,0.0158666521310806,1.46583378314972,0.252591729164124,1.88192176818848,7.99144792556763,48.7011489868164,3.57367706298828,0.530079126358032,0,0,
63,35.33840942,0,0,0,14.0098238,0,3.487965822,0,1.855727792,0,9.873908043,0,0.115201786160469,0.0158714391291142,1.46800637245178,0.253069162368774,1.85083949565887,7.98895025253296,48.7060546875,3.56128978729248,0.530847370624542,0,0,
64,35.38293076,0,0,0,14.02272034,0,3.491106272,0,1.856217027,0,9.886863708,0,0.115270122885704,0.0158758331090212,1.47001588344574,0.253510713577271,1.82165420055389,7.98638200759888,48.7109870910645,3.55003619194031,0.531558156013489,0,0,
65,35.42339325,0,0,0,14.03444672,0,3.493961573,0,1.856660962,0,9.898638725,0,0.115332506597042,0.0158798322081566,1.4718701839447,0.253917902708054,1.7942613363266,7.98375749588013,48.7159385681152,3.53981375694275,0.532214343547821,0,0,
66,35.46182251,0,0,0,14.0455904,0,3.496672153,0,1.857081652,0,9.909825325,0,0.115390293300152,0.0158835388720036,1.47358310222626,0.254293978214264,1.76856088638306,7.98108625411987,48.7209053039551,3.5305335521698,0.532820761203766,0,0,
67,35.49620438,0,0,0,14.05555439,0,3.499098778,0,1.857457161,0,9.919833183,0,0.115443617105484,0.0158869531005621,1.47516548633575,0.254641264677048,1.74445748329163,7.9783787727356,48.725887298584,3.52211260795593,0.533381044864655,0,0,
68,35.52855301,0,0,0,14.06493473,0,3.501380682,0,1.85781014,0,9.929250717,0,0.115492515265942,0.0158900748938322,1.47662484645844,0.254961460828781,1.72186040878296,7.97564458847046,48.7308731079102,3.51447343826294,0.533898055553436,0,0,
69,35.55887985,0,0,0,14.07372761,0,3.503519058,0,1.858140469,0,9.938079834,0,0.115538291633129,0.0158930029720068,1.47797560691833,0.255257874727249,1.70068287849426,7.97289371490479,48.7358665466309,3.50755047798157,0.534376382827759,0,0,
70,35.58515549,0,0,0,14.08134651,0,3.505373478,0,1.858426213,0,9.945730209,0,0.115579776465893,0.0158956442028284,1.47921991348267,0.255530804395676,1.68084287643433,7.97013425827026,48.7408638000488,3.50127601623535,0.534817337989807,0,0,
71,35.61143112,0,0,0,14.08897018,0,3.507227182,0,1.85871172,0,9.953382492,0,0.115618199110031,0.0158980935811996,1.48036801815033,0.255782544612885,1.6622622013092,7.96737289428711,48.7458534240723,3.49559307098389,0.535224318504334,0,0,
72,35.63567734,0,0,0,14.09600258,0,3.508936405,0,1.858974814,0,9.960442543,0,0.115654997527599,0.015900444239378,1.48143601417542,0.256016939878464,1.64486658573151,7.9646201133728,48.7508430480957,3.49045538902283,0.535602390766144,0,0,
73,35.65588379,0,0,0,14.101861,0,3.51036191,0,1.859193683,0,9.96632576,0,0.115687616169453,0.0159025117754936,1.48241865634918,0.256232440471649,1.62858593463898,7.96187973022461,48.7558326721191,3.48580694198608,0.535950601100922,0,0,
74,35.67608643,0,0,0,14.10771847,0,3.511787176,0,1.859412432,0,9.97220993,0,0.115717202425003,0.015904389321804,1.48332059383392,0.256430059671402,1.61335349082947,7.95915508270264,48.7608070373535,3.48160171508789,0.536270558834076,0,0,
75,35.69628525,0,0,0,14.11357784,0,3.513211727,0,1.859630823,0,9.978092194,0,0.115746483206749,0.0159062575548887,1.48416244983673,0.256614834070206,1.59910607337952,7.95645713806152,48.7657737731934,3.4778094291687,0.536568641662598,0,0,
76,35.71244431,0,0,0,14.11826038,0,3.514350653,0,1.859805346,0,9.982797623,0,0.115773059427738,0.0159079432487488,1.48494267463684,0.256786078214645,1.58578419685364,7.95378875732422,48.7707328796387,3.47438955307007,0.536844789981842,0,0,
77,35.72859955,0,0,0,14.1229496,0,3.515490532,0,1.859979987,0,9.987504005,0,0.115796752274036,0.0159094426780939,1.48565983772278,0.256943374872208,1.57333135604858,7.95115184783936,48.7756767272949,3.47130417823792,0.537098944187164,0,0,
78,35.74274063,0,0,0,14.12705231,0,3.516487837,0,1.860132456,0,9.991621971,0,0.115818850696087,0.0159108433872461,1.48632168769836,0.257088482379913,1.56169426441193,7.94855213165283,48.7806053161621,3.46852397918701,0.537333488464355,0,0,
79,35.75687408,0,0,0,14.13115311,0,3.517484426,0,1.860284925,0,9.995738983,0,0.115839459002018,0.015912152826786,1.48693370819092,0.257222712039948,1.55082261562347,7.9459924697876,48.7855224609375,3.4660222530365,0.537550330162048,0,0,
80,35.76898956,0,0,0,14.13467216,0,3.518339396,0,1.860415459,0,9.999269485,0,0.115858599543571,0.015913363546133,1.48750019073486,0.257346957921982,1.54066872596741,7.94347620010376,48.7904205322266,3.46377348899841,0.537751019001007,0,0,
81,35.78110504,0,0,0,14.13818359,0,3.519193411,0,1.860545993,0,10.00279713,0,0.115876264870167,0.0159144848585129,1.48802411556244,0.257461905479431,1.53118789196014,7.94100570678711,48.7953071594238,3.461754322052,0.537936627864838,0,0,
82,35.79119873,0,0,0,14.14110756,0,3.519904613,0,1.860654473,0,10.0057354,0,0.115892469882965,0.0159155074506998,1.48850774765015,0.257568001747131,1.52233791351318,7.93858289718628,48.8001747131348,3.45994257926941,0.538107991218567,0,0,
83,35.80129242,0,0,0,14.14404106,0,3.52061677,0,1.860762954,0,10.00867748,0,0.115907214581966,0.0159164387732744,1.48895299434662,0.257665634155273,1.51407885551453,7.93620872497559,48.8050270080566,3.45831775665283,0.538265883922577,0,0,
84,35.80936432,0,0,0,14.14638329,0,3.521185637,0,1.860849857,0,10.0110302,0,0.11592049151659,0.0159172769635916,1.48936128616333,0.257755041122437,1.50637340545654,7.93388414382935,48.8098602294922,3.45686078071594,0.538410782814026,0,0,
85,35.81744385,0,0,0,14.14872742,0,3.521755457,0,1.860936642,0,10.01338387,0,0.115932323038578,0.0159180220216513,1.48973333835602,0.257836401462555,1.49918603897095,7.93160963058472,48.8146705627441,3.45555400848389,0.538543105125427,0,0,
86,35.82551575,0,0,0,14.15106869,0,3.522324562,0,1.861023426,0,10.01573563,0,0.115944005548954,0.0159187633544207,1.49007868766785,0.257911950349808,1.49248361587524,7.92938756942749,48.8194618225098,3.45438718795776,0.538665771484375,0,0,
87,35.83359146,0,0,0,14.15341473,0,3.522893906,0,1.861110091,0,10.01808834,0,0.115955680608749,0.0159195084124804,1.49040400981903,0.257983356714249,1.48623490333557,7.92722034454346,48.8242340087891,3.45335102081299,0.538780868053436,0,0,
88,35.83964539,0,0,0,14.15516949,0,3.523321867,0,1.861175179,0,10.01985168,0,0.115966022014618,0.0159201566129923,1.49070572853088,0.258049637079239,1.48041069507599,7.92510843276978,48.8289833068848,3.4524302482605,0.538887560367584,0,0,
89,35.84569931,0,0,0,14.15692329,0,3.523748159,0,1.861240149,0,10.02161312,0,0.115974925458431,0.0159207154065371,1.49098145961761,0.258110076189041,1.47498345375061,7.92305088043213,48.8337135314941,3.45161056518555,0.538985311985016,0,0,
90,35.85175705,0,0,0,14.15867901,0,3.524175406,0,1.861305118,0,10.02337837,0,0.115983679890633,0.0159212704747915,1.49123775959015,0.258166313171387,1.4699273109436,7.92104816436768,48.8384246826172,3.45088505744934,0.539076030254364,0,0,
91,35.85578918,0,0,0,14.15985394,0,3.524460077,0,1.861348391,0,10.02455521,0,0.115991123020649,0.015921737998724,1.49147117137909,0.258217424154282,1.46521806716919,7.91909885406494,48.8431167602539,3.45024108886719,0.539158940315247,0,0,
92,35.86184692,0,0,0,14.16160965,0,3.524887085,0,1.86141336,0,10.0263195,0,0.115998417139053,0.0159221980720758,1.49168765544891,0.258264869451523,1.46083271503448,7.9172043800354,48.8477897644043,3.44967293739319,0.539235711097717,0,0,
93,35.86587906,0,0,0,14.16277695,0,3.52517128,0,1.861456513,0,10.02749348,0,0.116005703806877,0.015922661870718,1.49189114570618,0.258309602737427,1.45675003528595,7.91536569595337,48.8524398803711,3.4491753578186,0.539307713508606,0,0,
94,35.86991882,0,0,0,14.16395187,0,3.52545619,0,1.861499906,0,10.02867031,0,0.116011664271355,0.015923036262393,1.4920768737793,0.258350312709808,1.45295000076294,7.91358089447021,48.857063293457,3.44873762130737,0.539373576641083,0,0,
95,35.87395096,0,0,0,14.1651268,0,3.525740623,0,1.861543059,0,10.02984715,0,0.116017520427704,0.0159234050661325,1.49224925041199,0.258388131856918,1.44941389560699,7.91184949874878,48.8616676330566,3.44835519790649,0.539434671401978,0,0,
96,35.87597275,0,0,0,14.16570854,0,3.525882483,0,1.861564755,0,10.03043556,0,0.116022028028965,0.0159236844629049,1.49240326881409,0.258421748876572,1.44612407684326,7.91016912460327,48.8662528991699,3.44801807403564,0.539489507675171,0,0,
97,35.8800087,0,0,0,14.16687584,0,3.526167154,0,1.861608148,0,10.03161049,0,0.116026401519775,0.0159239638596773,1.49254333972931,0.258452326059341,1.4430638551712,7.90853929519653,48.8708190917969,3.4477231502533,0.539539456367493,0,0,
98,35.88202286,0,0,0,14.16746235,0,3.526309013,0,1.861629605,0,10.032197,0,0.116030782461166,0.0159242413938046,1.49267327785492,0.258480697870255,1.44021785259247,7.90696048736572,48.8753662109375,3.44746732711792,0.539585709571838,0,0,
99,35.88606262,0,0,0,14.16863632,0,3.526593685,0,1.861672878,0,10.03337479,0,0.116035148501396,0.0159245170652866,1.492795586586,0.258507460355759,1.43757164478302,7.90543222427368,48.8798904418945,3.4472484588623,0.539629101753235,0,0,
100,35.88807678,0,0,0,14.16922188,0,3.526735783,0,1.861694455,0,10.03396225,0,0.116039507091045,0.0159247945994139,1.49291217327118,0.258533120155334,1.43511176109314,7.90395498275757,48.8843955993652,3.44706392288208,0.53967022895813,0,0,
101,35.89009857,0,0,0,14.16980648,0,3.526878119,0,1.861716151,0,10.03454971,0,0.116042569279671,0.0159249827265739,1.49301588535309,0.258555859327316,1.43282556533813,7.90252542495728,48.8888778686523,3.44690489768982,0.539707064628601,0,0,
102,35.89211273,0,0,0,14.17039204,0,3.527020454,0,1.861737609,0,10.03513718,0,0.116045497357845,0.0159251671284437,1.49311017990112,0.258576452732086,1.43070125579834,7.90114307403564,48.8933372497559,3.44676947593689,0.539740681648254,0,0,
103,35.89413452,0,0,0,14.17097378,0,3.527162552,0,1.861759186,0,10.03572464,0,0.116048403084278,0.0159253515303135,1.49319732189178,0.258595526218414,1.42872762680054,7.8998064994812,48.897777557373,3.44665622711182,0.539771735668182,0,0,
104,35.8961525,0,0,0,14.17156696,0,3.527305603,0,1.861781001,0,10.03631401,0,0.116051331162453,0.0159255377948284,1.49327945709229,0.258613497018814,1.42689454555511,7.8985161781311,48.9021949768066,3.44656372070313,0.539800822734833,0,0,
105,35.89816666,0,0,0,14.17214584,0,3.527446747,0,1.861802459,0,10.03690052,0,0.116054229438305,0.0159257221966982,1.49335753917694,0.258630692958832,1.42519223690033,7.89727163314819,48.9065933227539,3.44649028778076,0.539828360080719,0,0,
106,35.90018463,0,0,0,14.17273426,0,3.52758956,0,1.861824036,0,10.03748798,0,0.116057150065899,0.015925906598568,1.49343264102936,0.258647322654724,1.42361176013947,7.89607191085815,48.9109725952148,3.44643497467041,0.53985470533371,0,0,
107,35.90018463,0,0,0,14.17273426,0,3.52758956,0,1.861824036,0,10.03748798,0,0.116058744490147,0.0159259997308254,1.49349725246429,0.258661389350891,1.42214477062225,7.89491271972656,48.9153366088867,3.44638967514038,0.539877593517303,0,0,
108,35.90220261,0,0,0,14.17332268,0,3.527732849,0,1.861845732,0,10.03807735,0,0.116060227155685,0.015926094725728,1.49355387687683,0.258673667907715,1.42078328132629,7.89379358291626,48.919677734375,3.44635391235352,0.539897859096527,0,0,
109,35.90422058,0,0,0,14.17390537,0,3.527874708,0,1.861867189,0,10.03866482,0,0.116063006222248,0.0159262772649527,1.49361300468445,0.258686751127243,1.41952002048492,7.89271688461304,48.923999786377,3.44633364677429,0.539918601512909,0,0,
110,35.90422058,0,0,0,14.17390537,0,3.527874708,0,1.861867189,0,10.03866482,0,0.116064570844173,0.0159263703972101,1.49366557598114,0.258698284626007,1.41834807395935,7.89167928695679,48.9283027648926,3.44632124900818,0.539937198162079,0,0,
111,35.90623856,0,0,0,14.17449379,0,3.528017521,0,1.861888885,0,10.03925323,0,0.116066053509712,0.0159264635294676,1.49371314048767,0.258708715438843,1.41726124286652,7.89067935943604,48.9325866699219,3.4463164806366,0.53995406627655,0,0,
112,35.90623856,0,0,0,14.17449379,0,3.528017521,0,1.861888885,0,10.03925323,0,0.116067513823509,0.015926556661725,1.49375712871552,0.258718341588974,1.41625344753265,7.88971567153931,48.9368515014648,3.44631838798523,0.539969682693481,0,0,
113,35.90825653,0,0,0,14.17507553,0,3.528159618,0,1.861910462,0,10.0398407,0,0.116068966686726,0.0159266479313374,1.4937983751297,0.25872740149498,1.41531908512115,7.88878870010376,48.9410972595215,3.4463267326355,0.539984285831451,0,0,
114,35.90825653,0,0,0,14.17507553,0,3.528159618,0,1.861910462,0,10.0398407,0,0.116070427000523,0.0159267410635948,1.49383747577667,0.258736044168472,1.41445302963257,7.88789701461792,48.9453239440918,3.44634103775024,0.539998054504395,0,0,
115,35.90825653,0,0,0,14.17507553,0,3.528159618,0,1.861910462,0,10.0398407,0,0.116070561110973,0.0159267410635948,1.49386668205261,0.258742272853851,1.41365051269531,7.88703632354736,48.9495315551758,3.44635438919067,0.540008723735809,0,0,
116,35.91027069,0,0,0,14.17565823,0,3.528301239,0,1.861931801,0,10.04042721,0,0.116071879863739,0.015926830470562,1.49389696121216,0.258748888969421,1.41290688514709,7.88620901107788,48.9537239074707,3.44637322425842,0.540019512176514,0,0,
117,35.91027069,0,0,0,14.17565823,0,3.528301239,0,1.861931801,0,10.04042721,0,0.116073317825794,0.0159269236028194,1.49392783641815,0.258755743503571,1.41221797466278,7.88541507720947,48.9579010009766,3.44639754295349,0.540030360221863,0,0,
118,35.91027069,0,0,0,14.17565823,0,3.528301239,0,1.861931801,0,10.04042721,0,0.116073459386826,0.0159269254654646,1.49395084381104,0.258760690689087,1.4115799665451,7.88464879989624,48.9620552062988,3.44641995429993,0.540038764476776,0,0,
119,35.91229248,0,0,0,14.17625046,0,3.528444052,0,1.861953616,0,10.04101753,0,0.116074793040752,0.0159270167350769,1.49397659301758,0.258766382932663,1.4109890460968,7.88391351699829,48.966194152832,3.44644737243652,0.540047824382782,0,0,
120,35.91229248,0,0,0,14.17625046,0,3.528444052,0,1.861953616,0,10.04101753,0,0.116076253354549,0.0159271098673344,1.49400424957275,0.258772611618042,1.41044211387634,7.88320875167847,48.9703178405762,3.4464795589447,0.540057361125946,0,0,
121,35.91229248,0,0,0,14.17625046,0,3.528444052,0,1.861953616,0,10.04101753,0,0.116076387465,0.0159271117299795,1.49402487277985,0.2587770819664,1.40993583202362,7.88253021240234,48.974422454834,3.44650936126709,0.540064752101898,0,0,
122,35.91229248,0,0,0,14.17625046,0,3.528444052,0,1.861953616,0,10.04101753,0,0.116076402366161,0.0159271117299795,1.49404036998749,0.258780300617218,1.40946733951569,7.88187646865845,48.9785118103027,3.44653725624084,0.540070474147797,0,0,
123,35.91431046,0,0,0,14.17683601,0,3.528586388,0,1.861975193,0,10.0416069,0,0.116077713668346,0.0159272029995918,1.49406051635742,0.258784741163254,1.40903389453888,7.88125038146973,48.9825820922852,3.44657015800476,0.540077447891235,0,0,
124,35.91431046,0,0,0,14.17683601,0,3.528586388,0,1.861975193,0,10.0416069,0,0.116079151630402,0.0159272942692041,1.49408376216888,0.258790075778961,1.40863299369812,7.88065147399902,48.9866371154785,3.44660711288452,0.54008537530899,0,0,
125,35.91431046,0,0,0,14.17683601,0,3.528586388,0,1.861975193,0,10.0416069,0,0.116079285740852,0.0159272961318493,1.49410116672516,0.258793920278549,1.4082624912262,7.88007497787476,48.9906730651855,3.44664144515991,0.540091454982758,0,0,
126,35.91431046,0,0,0,14.17683601,0,3.528586388,0,1.861975193,0,10.0416069,0,0.116079308092594,0.0159272961318493,1.49411427974701,0.258796691894531,1.40791988372803,7.87952089309692,48.9946937561035,3.44667363166809,0.54009622335434,0,0,
127,35.91431046,0,0,0,14.17683601,0,3.528586388,0,1.861975193,0,10.0416069,0,0.116079308092594,0.0159272961318493,1.49412381649017,0.258798688650131,1.40760314464569,7.87898874282837,48.9986953735352,3.44670343399048,0.540099918842316,0,0,
128,35.91431046,0,0,0,14.17683601,0,3.528586388,0,1.861975193,0,10.0416069,0,0.116079308092594,0.0159272961318493,1.49413108825684,0.258800119161606,1.40731036663055,7.8784761428833,49.002685546875,3.44673132896423,0.540102779865265,0,0,
129,35.91632462,0,0,0,14.17741871,0,3.528728008,0,1.86199677,0,10.04219246,0,0.116080619394779,0.0159273874014616,1.49414491653442,0.258803248405457,1.40703976154327,7.87798690795898,49.0066604614258,3.44676399230957,0.540107488632202,0,0,
130,35.91632462,0,0,0,14.17741871,0,3.528728008,0,1.86199677,0,10.04219246,0,0.116082057356834,0.0159274786710739,1.49416375160217,0.258807629346848,1.40678989887238,7.8775200843811,49.0106201171875,3.44680094718933,0.540113627910614,0,0,
131,35.91632462,0,0,0,14.17741871,0,3.528728008,0,1.86199677,0,10.04219246,0,0.116082191467285,0.0159274805337191,1.49417757987976,0.258810788393021,1.40655934810638,7.87707233428955,49.0145645141602,3.4468355178833,0.540118336677551,0,0,
132,35.91632462,0,0,0,14.17741871,0,3.528728008,0,1.86199677,0,10.04219246,0,0.116082206368446,0.0159274805337191,1.49418795108795,0.258813083171844,1.40634655952454,7.87664222717285,49.0184936523438,3.44686770439148,0.540122032165527,0,0,
133,35.91632462,0,0,0,14.17741871,0,3.528728008,0,1.86199677,0,10.04219246,0,0.116082206368446,0.0159274805337191,1.49419569969177,0.258814692497253,1.40615034103394,7.87622928619385,49.0224075317383,3.44689774513245,0.540124893188477,0,0,
134,35.91632462,0,0,0,14.17741871,0,3.528728008,0,1.86199677,0,10.04219246,0,0.116082206368446,0.0159274805337191,1.49420154094696,0.258815854787827,1.40596926212311,7.87583255767822,49.0263023376465,3.4469256401062,0.540127098560333,0,0,
135,35.91632462,0,0,0,14.17741871,0,3.528728008,0,1.86199677,0,10.04219246,0,0.116082206368446,0.0159274805337191,1.49420583248138,0.258816719055176,1.40580213069916,7.87545251846313,49.0301856994629,3.44695162773132,0.540128827095032,0,0,
136,35.91632462,0,0,0,14.17741871,0,3.528728008,0,1.86199677,0,10.04219246,0,0.116082206368446,0.0159274805337191,1.4942090511322,0.258817315101624,1.40564799308777,7.87508678436279,49.0340538024902,3.44697594642639,0.540130138397217,0,0,
137,35.91632462,0,0,0,14.17741871,0,3.528728008,0,1.86199677,0,10.04219246,0,0.116082206368446,0.0159274805337191,1.49421143531799,0.258817762136459,1.40550589561462,7.87473583221436,49.0379066467285,3.44699883460999,0.540131151676178,0,0,
138,35.91632462,0,0,0,14.17741871,0,3.528728008,0,1.86199677,0,10.04219246,0,0.116082206368446,0.0159274805337191,1.49421322345734,0.258818089962006,1.40537476539612,7.87439918518066,49.0417442321777,3.44702005386353,0.540131986141205,0,0,
139,35.91632462,0,0,0,14.17741871,0,3.528728008,0,1.86199677,0,10.04219246,0,0.116082206368446,0.0159274805337191,1.49421453475952,0.258818328380585,1.40525376796722,7.87407541275024,49.0455703735352,3.44703984260559,0.540132582187653,0,0,
140,35.91632462,0,0,0,14.17741871,0,3.528728008,0,1.86199677,0,10.04219246,0,0.116082206368446,0.0159274805337191,1.49421560764313,0.258818477392197,1.4051421880722,7.87376499176025,49.0493774414063,3.44705820083618,0.540133059024811,0,0,
141,35.91632462,0,0,0,14.17741871,0,3.528728008,0,1.86199677,0,10.04219246,0,0.116082206368446,0.0159274805337191,1.49421644210815,0.258818626403809,1.40503931045532,7.87346792221069,49.0531730651855,3.44707536697388,0.540133416652679,0,0,
142,35.91632462,0,0,0,14.17741871,0,3.528728008,0,1.86199677,0,10.04219246,0,0.116082206368446,0.0159274805337191,1.49421691894531,0.258818686008453,1.40494441986084,7.87318229675293,49.0569534301758,3.44709134101868,0.540133714675903,0,0,
143,35.91834259,0,0,0,14.17801094,0,3.528870821,0,1.862018228,0,10.04278088,0,0.116083540022373,0.0159275718033314,1.49422585964203,0.258820861577988,1.40485692024231,7.87291145324707,49.0607223510742,3.4471127986908,0.540136516094208,0,0,
144,35.91834259,0,0,0,14.17801094,0,3.528870821,0,1.862018228,0,10.04278088,0,0.116084977984428,0.0159276630729437,1.4942409992218,0.258824557065964,1.40477633476257,7.87265539169312,49.0644721984863,3.4471390247345,0.540141224861145,0,0,
145,35.91834259,0,0,0,14.17801094,0,3.528870821,0,1.862018228,0,10.04278088,0,0.116085112094879,0.0159276649355888,1.49425232410431,0.258827239274979,1.40470242500305,7.87240982055664,49.0682106018066,3.44716358184814,0.540144860744476,0,0,
146,35.91834259,0,0,0,14.17801094,0,3.528870821,0,1.862018228,0,10.04278088,0,0.11608511954546,0.0159276649355888,1.49426078796387,0.258829146623611,1.40463471412659,7.87217569351196,49.0719375610352,3.44718670845032,0.540147662162781,0,0,
147,35.91834259,0,0,0,14.17801094,0,3.528870821,0,1.862018228,0,10.04278088,0,0.116085134446621,0.0159276649355888,1.49426710605621,0.258830517530441,1.40457260608673,7.87195158004761,49.0756530761719,3.44720792770386,0.540149807929993,0,0,
148,35.91834259,0,0,0,14.17801094,0,3.528870821,0,1.862018228,0,10.04278088,0,0.116085134446621,0.0159276649355888,1.49427175521851,0.258831530809402,1.40451562404633,7.87173748016357,49.0793533325195,3.4472279548645,0.540151476860046,0,0,
149,35.91834259,0,0,0,14.17801094,0,3.528870821,0,1.862018228,0,10.04278088,0,0.116085134446621,0.0159276649355888,1.4942752122879,0.25883224606514,1.4044634103775,7.87153196334839,49.0830421447754,3.44724655151367,0.540152788162231,0,0,
150,35.91834259,0,0,0,14.17801094,0,3.528870821,0,1.862018228,0,10.04278088,0,0.116085134446621,0.0159276649355888,1.49427771568298,0.25883275270462,1.4044154882431,7.87133550643921,49.0867156982422,3.44726395606995,0.540153801441193,0,0,
151,35.91834259,0,0,0,14.17801094,0,3.528870821,0,1.862018228,0,10.04278088,0,0.116085134446621,0.0159276649355888,1.49427962303162,0.258833140134811,1.40437161922455,7.87114763259888,49.0903778076172,3.44728016853333,0.540154576301575,0,0,
152,35.91834259,0,0,0,14.17801094,0,3.528870821,0,1.862018228,0,10.04278088,0,0.116085134446621,0.0159276649355888,1.49428117275238,0.258833408355713,1.40433144569397,7.87096691131592,49.0940284729004,3.44729542732239,0.540155172348022,0,0,
153,35.91834259,0,0,0,14.17801094,0,3.528870821,0,1.862018228,0,10.04278088,0,0.116085134446621,0.0159276649355888,1.49428224563599,0.258833587169647,1.4042946100235,7.87079477310181,49.0976600646973,3.44730949401855,0.540155649185181,0,0,
154,35.91834259,0,0,0,14.17801094,0,3.528870821,0,1.862018228,0,10.04278088,0,0.116085134446621,0.0159276649355888,1.49428308010101,0.258833736181259,1.40426087379456,7.87062978744507,49.1012802124023,3.44732260704041,0.540156006813049,0,0,
155,35.91834259,0,0,0,14.17801094,0,3.528870821,0,1.862018228,0,10.04278088,0,0.116085134446621,0.0159276649355888,1.49428379535675,0.258833825588226,1.40423011779785,7.87047100067139,49.1048889160156,3.44733476638794,0.540156304836273,0,0,
156,35.91834259,0,0,0,14.17801094,0,3.528870821,0,1.862018228,0,10.04278088,0,0.116085134446621,0.0159276649355888,1.49428427219391,0.258833914995193,1.40420186519623,7.87031984329224,49.1084861755371,3.44734644889832,0.540156483650208,0,0,
157,35.91834259,0,0,0,14.17801094,0,3.528870821,0,1.862018228,0,10.04278088,0,0.116085134446621,0.0159276649355888,1.49428462982178,0.258833974599838,1.4041759967804,7.87017488479614,49.1120681762695,3.44735717773438,0.540156722068787,0,0,
158,35.91834259,0,0,0,14.17801094,0,3.528870821,0,1.862018228,0,10.04278088,0,0.116085134446621,0.0159276649355888,1.49428498744965,0.258834004402161,1.40415239334106,7.87003612518311,49.1156387329102,3.4473671913147,0.540156841278076,0,0,
159,35.91834259,0,0,0,14.17801094,0,3.528870821,0,1.862018228,0,10.04278088,0,0.116085134446621,0.0159276649355888,1.49428510665894,0.258834034204483,1.40413081645966,7.86990308761597,49.119197845459,3.44737648963928,0.540156900882721,0,0,
160,35.91834259,0,0,0,14.17801094,0,3.528870821,0,1.862018228,0,10.04278088,0,0.116085134446621,0.0159276649355888,1.49428534507751,0.258834064006805,1.40411102771759,7.86977577209473,49.122745513916,3.44738507270813,0.540157020092011,0,0,
161,35.91834259,0,0,0,14.17801094,0,3.528870821,0,1.862018228,0,10.04278088,0,0.116085134446621,0.0159276649355888,1.4942854642868,0.258834064006805,1.40409290790558,7.86965417861938,49.1262817382813,3.44739317893982,0.5401571393013,0,0,
162,35.91834259,0,0,0,14.17801094,0,3.528870821,0,1.862018228,0,10.04278088,0,0.116085134446621,0.0159276649355888,1.4942854642868,0.258834064006805,1.40407645702362,7.86953783035278,49.1298027038574,3.44740080833435,0.5401571393013,0,0,
163,35.91834259,0,0,0,14.17801094,0,3.528870821,0,1.862018228,0,10.04278088,0,0.116085134446621,0.0159276649355888,1.4942854642868,0.258834064006805,1.40406143665314,7.86942625045776,49.1333084106445,3.44740796089172,0.5401571393013,0,0,
164,35.91834259,0,0,0,14.17801094,0,3.528870821,0,1.862018228,0,10.04278088,0,0.116085134446621,0.0159276649355888,1.4942854642868,0.258834064006805,1.40404772758484,7.86931943893433,49.1368026733398,3.44741463661194,0.5401571393013,0,0,
165,35.91834259,0,0,0,14.17801094,0,3.528870821,0,1.862018228,0,10.04278088,0,0.116085134446621,0.0159276649355888,1.4942854642868,0.258834064006805,1.40403509140015,7.86921691894531,49.1402854919434,3.447420835495,0.5401571393013,0,0,
166,35.91834259,0,0,0,14.17801094,0,3.528870821,0,1.862018228,0,10.04278088,0,0.116085134446621,0.0159276649355888,1.4942854642868,0.258834064006805,1.40402364730835,7.86911916732788,49.1437568664551,3.44742655754089,0.5401571393013,0,0,
167,35.91834259,0,0,0,14.17801094,0,3.528870821,0,1.862018228,0,10.04278088,0,0.116085134446621,0.0159276649355888,1.4942854642868,0.258834064006805,1.40401327610016,7.86902523040771,49.147216796875,3.44743180274963,0.5401571393013,0,0,
168,35.91834259,0,0,0,14.17801094,0,3.528870821,0,1.862018228,0,10.04278088,0,0.116085134446621,0.0159276649355888,1.4942854642868,0.258834064006805,1.40400373935699,7.86893558502197,49.1506614685059,3.44743657112122,0.5401571393013,0,0,
169,35.91834259,0,0,0,14.17801094,0,3.528870821,0,1.862018228,0,10.04278088,0,0.116085134446621,0.0159276649355888,1.4942854642868,0.258834064006805,1.40399503707886,7.86885023117065,49.1540946960449,3.44744110107422,0.5401571393013,0,0,
170,35.91834259,0,0,0,14.17801094,0,3.528870821,0,1.862018228,0,10.04278088,0,0.116085134446621,0.0159276649355888,1.4942854642868,0.258834064006805,1.40398705005646,7.86876821517944,49.1575164794922,3.44744539260864,0.5401571393013,0,0,
171,35.91834259,0,0,0,14.17801094,0,3.528870821,0,1.862018228,0,10.04278088,0,0.116085134446621,0.0159276649355888,1.4942854642868,0.258834064006805,1.40397989749908,7.86868953704834,49.1609306335449,3.44744944572449,0.5401571393013,0,0,
172,35.91834259,0,0,0,14.17801094,0,3.528870821,0,1.862018228,0,10.04278088,0,0.116085134446621,0.0159276649355888,1.4942854642868,0.258834064006805,1.40397334098816,7.86861371994019,49.1643333435059,3.44745326042175,0.5401571393013,0,0,
173,35.91834259,0,0,0,14.17801094,0,3.528870821,0,1.862018228,0,10.04278088,0,0.116085134446621,0.0159276649355888,1.4942854642868,0.258834064006805,1.40396738052368,7.86854219436646,49.167724609375,3.44745683670044,0.5401571393013,0,0,
174,35.91834259,0,0,0,14.17801094,0,3.528870821,0,1.862018228,0,10.04278088,0,0.116085134446621,0.0159276649355888,1.4942854642868,0.258834064006805,1.40396189689636,7.86847352981567,49.1711044311523,3.44746017456055,0.5401571393013,0,0,
175,35.91834259,0,0,0,14.17801094,0,3.528870821,0,1.862018228,0,10.04278088,0,0.116085134446621,0.0159276649355888,1.4942854642868,0.258834064006805,1.40395700931549,7.868408203125,49.1744728088379,3.44746327400208,0.5401571393013,0,0,
176,35.91834259,0,0,0,14.17801094,0,3.528870821,0,1.862018228,0,10.04278088,0,0.116085134446621,0.0159276649355888,1.4942854642868,0.258834064006805,1.40395247936249,7.86834526062012,49.1778297424316,3.44746613502502,0.5401571393013,0,0,
177,35.91834259,0,0,0,14.17801094,0,3.528870821,0,1.862018228,0,10.04278088,0,0.116085134446621,0.0159276649355888,1.4942854642868,0.258834064006805,1.40394830703735,7.86828470230103,49.1811714172363,3.44746875762939,0.5401571393013,0,0,
178,35.91834259,0,0,0,14.17801094,0,3.528870821,0,1.862018228,0,10.04278088,0,0.116085134446621,0.0159276649355888,1.4942854642868,0.258834064006805,1.40394461154938,7.86822652816772,49.1845016479492,3.44747138023376,0.5401571393013,0,0,
179,35.91834259,0,0,0,14.17801094,0,3.528870821,0,1.862018228,0,10.04278088,0,0.116085134446621,0.0159276649355888,1.4942854642868,0.258834064006805,1.40394127368927,7.86817121505737,49.1878204345703,3.44747352600098,0.5401571393013,0,0,
180,35.91834259,0,0,0,14.17801094,0,3.528870821,0,1.862018228,0,10.04278088,0,0.116085134446621,0.0159276649355888,1.4942854642868,0.258834064006805,1.40393817424774,7.86811828613281,49.1911277770996,3.44747567176819,0.5401571393013,0,0,
181,35.91834259,0,0,0,14.17801094,0,3.528870821,0,1.862018228,0,10.04278088,0,0.116085134446621,0.0159276649355888,1.4942854642868,0.258834064006805,1.40393543243408,7.86806774139404,49.1944236755371,3.4474778175354,0.5401571393013,0,0,
182,35.91834259,0,0,0,14.17801094,0,3.528870821,0,1.862018228,0,10.04278088,0,0.116085134446621,0.0159276649355888,1.4942854642868,0.258834064006805,1.40393280982971,7.86801958084106,49.1977119445801,3.44747948646545,0.5401571393013,0,0,
183,35.91834259,0,0,0,14.17801094,0,3.528870821,0,1.862018228,0,10.04278088,0,0.116085134446621,0.0159276649355888,1.4942854642868,0.258834064006805,1.40393054485321,7.86797285079956,49.2009887695313,3.44748115539551,0.5401571393013,0,0,
184,35.91834259,0,0,0,14.17801094,0,3.528870821,0,1.862018228,0,10.04278088,0,0.116085134446621,0.0159276649355888,1.4942854642868,0.258834064006805,1.403928399086,7.86792850494385,49.2042541503906,3.44748282432556,0.5401571393013,0,0,
185,35.91834259,0,0,0,14.17801094,0,3.528870821,0,1.862018228,0,10.04278088,0,0.116085134446621,0.0159276649355888,1.4942854642868,0.258834064006805,1.40392661094666,7.86788654327393,49.2075080871582,3.44748449325562,0.5401571393013,0,0,
186,35.91834259,0,0,0,14.17801094,0,3.528870821,0,1.862018228,0,10.04278088,0,0.116085134446621,0.0159276649355888,1.4942854642868,0.258834064006805,1.4039249420166,7.86784648895264,49.210750579834,3.44748568534851,0.5401571393013,0,0,
187,35.91834259,0,0,0,14.17801094,0,3.528870821,0,1.862018228,0,10.04278088,0,0.116085134446621,0.0159276649355888,1.4942854642868,0.258834064006805,1.40392339229584,7.86780786514282,49.213981628418,3.44748687744141,0.5401571393013,0,0,
188,35.91834259,0,0,0,14.17801094,0,3.528870821,0,1.862018228,0,10.04278088,0,0.116085134446621,0.0159276649355888,1.4942854642868,0.258834064006805,1.40392208099365,7.86777067184448,49.2172050476074,3.4474880695343,0.5401571393013,0,0,
189,35.91834259,0,0,0,14.17801094,0,3.528870821,0,1.862018228,0,10.04278088,0,0.116085134446621,0.0159276649355888,1.4942854642868,0.258834064006805,1.40392076969147,7.86773490905762,49.2204170227051,3.4474892616272,0.5401571393013,0,0,
190,35.91834259,0,0,0,14.17801094,0,3.528870821,0,1.862018228,0,10.04278088,0,0.116085134446621,0.0159276649355888,1.4942854642868,0.258834064006805,1.40391957759857,7.86770153045654,49.2236175537109,3.44749045372009,0.5401571393013,0,0,
191,35.91834259,0,0,0,14.17801094,0,3.528870821,0,1.862018228,0,10.04278088,0,0.116085134446621,0.0159276649355888,1.4942854642868,0.258834064006805,1.40391862392426,7.86766958236694,49.2268028259277,3.44749164581299,0.5401571393013,0,0,
192,35.91834259,0,0,0,14.17801094,0,3.528870821,0,1.862018228,0,10.04278088,0,0.116085134446621,0.0159276649355888,1.4942854642868,0.258834064006805,1.40391778945923,7.86763858795166,49.22998046875,3.44749236106873,0.5401571393013,0,0,
193,35.91834259,0,0,0,14.17801094,0,3.528870821,0,1.862018228,0,10.04278088,0,0.116085134446621,0.0159276649355888,1.4942854642868,0.258834064006805,1.4039169549942,7.86760950088501,49.2331466674805,3.44749307632446,0.5401571393013,0,0,
194,35.91834259,0,0,0,14.17801094,0,3.528870821,0,1.862018228,0,10.04278088,0,0.116085134446621,0.0159276649355888,1.4942854642868,0.258834064006805,1.40391612052917,7.86758089065552,49.2363014221191,3.4474937915802,0.5401571393013,0,0,
195,35.91834259,0,0,0,14.17801094,0,3.528870821,0,1.862018228,0,10.04278088,0,0.116085134446621,0.0159276649355888,1.4942854642868,0.258834064006805,1.40391552448273,7.86755418777466,49.239444732666,3.44749450683594,0.5401571393013,0,0,
196,35.91834259,0,0,0,14.17801094,0,3.528870821,0,1.862018228,0,10.04278088,0,0.116085134446621,0.0159276649355888,1.4942854642868,0.258834064006805,1.40391492843628,7.86752843856812,49.2425804138184,3.44749522209167,0.5401571393013,0,0,
197,35.91834259,0,0,0,14.17801094,0,3.528870821,0,1.862018228,0,10.04278088,0,0.116085134446621,0.0159276649355888,1.4942854642868,0.258834064006805,1.40391445159912,7.86750364303589,49.2457046508789,3.44749593734741,0.5401571393013,0,0,
198,35.91834259,0,0,0,14.17801094,0,3.528870821,0,1.862018228,0,10.04278088,0,0.116085134446621,0.0159276649355888,1.4942854642868,0.258834064006805,1.40391397476196,7.86748027801514,49.2488174438477,3.44749665260315,0.5401571393013,0,0,
199,35.91834259,0,0,0,14.17801094,0,3.528870821,0,1.862018228,0,10.04278088,0,0.116085134446621,0.0159276649355888,1.4942854642868,0.258834064006805,1.4039134979248,7.86745834350586,49.2519226074219,3.44749736785889,0.5401571393013,0,0,
200,35.91834259,0,0,0,14.17801094,0,3.528870821,0,1.862018228,0,10.04278088,0,0.116085134446621,0.0159276649355888,1.4942854642868,0.258834064006805,1.40391314029694,7.86743688583374,49.2550163269043,3.44749784469604,0.5401571393013,0,0,
201,35.91834259,0,0,0,14.17801094,0,3.528870821,0,1.862018228,0,10.04278088,0,0.116085134446621,0.0159276649355888,1.4942854642868,0.258834064006805,1.40391290187836,7.86741590499878,49.2580986022949,3.4474983215332,0.5401571393013,0,0,
202,35.91834259,0,0,0,14.17801094,0,3.528870821,0,1.862018228,0,10.04278088,0,0.116085134446621,0.0159276649355888,1.4942854642868,0.258834064006805,1.40391266345978,7.86739635467529,49.261173248291,3.44749879837036,0.5401571393013,0,0,
203,35.91834259,0,0,0,14.17801094,0,3.528870821,0,1.862018228,0,10.04278088,0,0.116085134446621,0.0159276649355888,1.4942854642868,0.258834064006805,1.4039124250412,7.86737775802612,49.2642364501953,3.44749927520752,0.5401571393013,0,0,
204,35.91834259,0,0,0,14.17801094,0,3.528870821,0,1.862018228,0,10.04278088,0,0.116085134446621,0.0159276649355888,1.4942854642868,0.258834064006805,1.40391218662262,7.86735963821411,49.2672882080078,3.4474995136261,0.5401571393013,0,0,
205,35.91834259,0,0,0,14.17801094,0,3.528870821,0,1.862018228,0,10.04278088,0,0.116085134446621,0.0159276649355888,1.4942854642868,0.258834064006805,1.40391194820404,7.86734199523926,49.2703323364258,3.44749975204468,0.5401571393013,0,0,
206,35.91834259,0,0,0,14.17801094,0,3.528870821,0,1.862018228,0,10.04278088,0,0.116085134446621,0.0159276649355888,1.4942854642868,0.258834064006805,1.40391170978546,7.86732625961304,49.273365020752,3.44749999046326,0.5401571393013,0,0,
207,35.91834259,0,0,0,14.17801094,0,3.528870821,0,1.862018228,0,10.04278088,0,0.116085134446621,0.0159276649355888,1.4942854642868,0.258834064006805,1.40391159057617,7.86731052398682,49.2763862609863,3.44750022888184,0.5401571393013,0,0,
208,35.91834259,0,0,0,14.17801094,0,3.528870821,0,1.862018228,0,10.04278088,0,0.116085134446621,0.0159276649355888,1.4942854642868,0.258834064006805,1.40391147136688,7.86729574203491,49.2793998718262,3.44750046730042,0.5401571393013,0,0,
209,35.91834259,0,0,0,14.17801094,0,3.528870821,0,1.862018228,0,10.04278088,0,0.116085134446621,0.0159276649355888,1.4942854642868,0.258834064006805,1.40391135215759,7.86728096008301,49.2824020385742,3.44750070571899,0.5401571393013,0,0,
210,35.91834259,0,0,0,14.17801094,0,3.528870821,0,1.862018228,0,10.04278088,0,0.116085134446621,0.0159276649355888,1.4942854642868,0.258834064006805,1.4039112329483,7.86726760864258,49.2853927612305,3.44750094413757,0.5401571393013,0,0,
211,35.91834259,0,0,0,14.17801094,0,3.528870821,0,1.862018228,0,10.04278088,0,0.116085134446621,0.0159276649355888,1.4942854642868,0.258834064006805,1.4039112329483,7.86725473403931,49.2883758544922,3.44750118255615,0.5401571393013,0,0,
212,35.91834259,0,0,0,14.17801094,0,3.528870821,0,1.862018228,0,10.04278088,0,0.116085134446621,0.0159276649355888,1.4942854642868,0.258834064006805,1.4039112329483,7.86724233627319,49.2913475036621,3.44750142097473,0.5401571393013,0,0,
213,35.91834259,0,0,0,14.17801094,0,3.528870821,0,1.862018228,0,10.04278088,0,0.116085134446621,0.0159276649355888,1.4942854642868,0.258834064006805,1.4039112329483,7.86723041534424,49.2943115234375,3.44750165939331,0.5401571393013,0,0,
214,35.91834259,0,0,0,14.17801094,0,3.528870821,0,1.862018228,0,10.04278088,0,0.116085134446621,0.0159276649355888,1.4942854642868,0.258834064006805,1.4039112329483,7.8672194480896,49.2972640991211,3.44750189781189,0.5401571393013,0,0,
215,35.91834259,0,0,0,14.17801094,0,3.528870821,0,1.862018228,0,10.04278088,0,0.116085134446621,0.0159276649355888,1.4942854642868,0.258834064006805,1.4039112329483,7.86720848083496,49.3002090454102,3.44750213623047,0.5401571393013,0,0,
216,35.91834259,0,0,0,14.17801094,0,3.528870821,0,1.862018228,0,10.04278088,0,0.116085134446621,0.0159276649355888,1.4942854642868,0.258834064006805,1.4039112329483,7.86719799041748,49.3031425476074,3.44750237464905,0.5401571393013,0,0,
217,35.91834259,0,0,0,14.17801094,0,3.528870821,0,1.862018228,0,10.04278088,0,0.116085134446621,0.0159276649355888,1.4942854642868,0.258834064006805,1.4039112329483,7.86718797683716,49.3060684204102,3.44750261306763,0.5401571393013,0,0,
218,35.91834259,0,0,0,14.17801094,0,3.528870821,0,1.862018228,0,10.04278088,0,0.116085134446621,0.0159276649355888,1.4942854642868,0.258834064006805,1.4039112329483,7.86717796325684,49.3089828491211,3.44750285148621,0.5401571393013,0,0,
219,35.91834259,0,0,0,14.17801094,0,3.528870821,0,1.862018228,0,10.04278088,0,0.116085134446621,0.0159276649355888,1.4942854642868,0.258834064006805,1.4039112329483,7.86716938018799,49.3118858337402,3.44750308990479,0.5401571393013,0,0,
220,35.91834259,0,0,0,14.17801094,0,3.528870821,0,1.862018228,0,10.04278088,0,0.116085134446621,0.0159276649355888,1.4942854642868,0.258834064006805,1.4039112329483,7.8671612739563,49.3147811889648,3.44750332832336,0.5401571393013,0,0,
221,35.91834259,0,0,0,14.17801094,0,3.528870821,0,1.862018228,0,10.04278088,0,0.116085134446621,0.0159276649355888,1.4942854642868,0.258834064006805,1.4039112329483,7.86715269088745,49.3176651000977,3.44750356674194,0.5401571393013,0,0,
222,35.91834259,0,0,0,14.17801094,0,3.528870821,0,1.862018228,0,10.04278088,0,0.116085134446621,0.0159276649355888,1.4942854642868,0.258834064006805,1.4039112329483,7.86714458465576,49.3205413818359,3.44750380516052,0.5401571393013,0,0,
223,35.91834259,0,0,0,14.17801094,0,3.528870821,0,1.862018228,0,10.04278088,0,0.116085134446621,0.0159276649355888,1.4942854642868,0.258834064006805,1.4039112329483,7.86713743209839,49.3234062194824,3.4475040435791,0.5401571393013,0,0,
224,35.91834259,0,0,0,14.17801094,0,3.528870821,0,1.862018228,0,10.04278088,0,0.116085134446621,0.0159276649355888,1.4942854642868,0.258834064006805,1.4039112329483,7.86712980270386,49.3262634277344,3.44750428199768,0.5401571393013,0,0,
225,35.91834259,0,0,0,14.17801094,0,3.528870821,0,1.862018228,0,10.04278088,0,0.116085134446621,0.0159276649355888,1.4942854642868,0.258834064006805,1.4039112329483,7.86712265014648,49.3291130065918,3.44750428199768,0.5401571393013,0,0,
226,35.91834259,0,0,0,14.17801094,0,3.528870821,0,1.862018228,0,10.04278088,0,0.116085134446621,0.0159276649355888,1.4942854642868,0.258834064006805,1.4039112329483,7.86711597442627,49.3319511413574,3.44750428199768,0.5401571393013,0,0,
227,35.91834259,0,0,0,14.17801094,0,3.528870821,0,1.862018228,0,10.04278088,0,0.116085134446621,0.0159276649355888,1.4942854642868,0.258834064006805,1.4039112329483,7.86710977554321,49.3347816467285,3.44750428199768,0.5401571393013,0,0,
228,35.91834259,0,0,0,14.17801094,0,3.528870821,0,1.862018228,0,10.04278088,0,0.116085134446621,0.0159276649355888,1.4942854642868,0.258834064006805,1.4039112329483,7.867103099823,49.3376007080078,3.44750428199768,0.5401571393013,0,0,
229,35.91834259,0,0,0,14.17801094,0,3.528870821,0,1.862018228,0,10.04278088,0,0.116085134446621,0.0159276649355888,1.4942854642868,0.258834064006805,1.4039112329483,7.86709690093994,49.3404121398926,3.44750428199768,0.5401571393013,0,0,
230,35.91834259,0,0,0,14.17801094,0,3.528870821,0,1.862018228,0,10.04278088,0,0.116085134446621,0.0159276649355888,1.4942854642868,0.258834064006805,1.4039112329483,7.8670916557312,49.3432121276855,3.44750428199768,0.5401571393013,0,0,
231,35.91834259,0,0,0,14.17801094,0,3.528870821,0,1.862018228,0,10.04278088,0,0.116085134446621,0.0159276649355888,1.4942854642868,0.258834064006805,1.4039112329483,7.86708641052246,49.346004486084,3.44750428199768,0.5401571393013,0,0,
232,35.91834259,0,0,0,14.17801094,0,3.528870821,0,1.862018228,0,10.04278088,0,0.116085134446621,0.0159276649355888,1.4942854642868,0.258834064006805,1.4039112329483,7.86708164215088,49.3487854003906,3.44750428199768,0.5401571393013,0,0,
233,35.91834259,0,0,0,14.17801094,0,3.528870821,0,1.862018228,0,10.04278088,0,0.116085134446621,0.0159276649355888,1.4942854642868,0.258834064006805,1.4039112329483,7.86707735061646,49.3515586853027,3.44750428199768,0.5401571393013,0,0,
234,35.91834259,0,0,0,14.17801094,0,3.528870821,0,1.862018228,0,10.04278088,0,0.116085134446621,0.0159276649355888,1.4942854642868,0.258834064006805,1.4039112329483,7.86707258224487,49.3543243408203,3.44750428199768,0.5401571393013,0,0,
235,35.91834259,0,0,0,14.17801094,0,3.528870821,0,1.862018228,0,10.04278088,0,0.116085134446621,0.0159276649355888,1.4942854642868,0.258834064006805,1.4039112329483,7.86706781387329,49.3570785522461,3.44750428199768,0.5401571393013,0,0,
236,35.91834259,0,0,0,14.17801094,0,3.528870821,0,1.862018228,0,10.04278088,0,0.116085134446621,0.0159276649355888,1.4942854642868,0.258834064006805,1.4039112329483,7.86706352233887,49.3598251342773,3.44750428199768,0.5401571393013,0,0,
237,35.91834259,0,0,0,14.17801094,0,3.528870821,0,1.862018228,0,10.04278088,0,0.116085134446621,0.0159276649355888,1.4942854642868,0.258834064006805,1.4039112329483,7.8670597076416,49.3625640869141,3.44750428199768,0.5401571393013,0,0,
238,35.91834259,0,0,0,14.17801094,0,3.528870821,0,1.862018228,0,10.04278088,0,0.116085134446621,0.0159276649355888,1.4942854642868,0.258834064006805,1.4039112329483,7.86705589294434,49.365291595459,3.44750428199768,0.5401571393013,0,0,
239,35.91834259,0,0,0,14.17801094,0,3.528870821,0,1.862018228,0,10.04278088,0,0.116085134446621,0.0159276649355888,1.4942854642868,0.258834064006805,1.4039112329483,7.86705255508423,49.3680076599121,3.44750428199768,0.5401571393013,0,0,
240,35.91834259,0,0,0,14.17801094,0,3.528870821,0,1.862018228,0,10.04278088,0,0.116085134446621,0.0159276649355888,1.4942854642868,0.258834064006805,1.4039112329483,7.86704874038696,49.3707122802734,3.44750428199768,0.5401571393013,0,0,
241,35.91834259,0,0,0,14.17801094,0,3.528870821,0,1.862018228,0,10.04278088,0,0.116085134446621,0.0159276649355888,1.4942854642868,0.258834064006805,1.4039112329483,7.8670449256897,49.3734092712402,3.44750428199768,0.5401571393013,0,0,
242,35.91834259,0,0,0,14.17801094,0,3.528870821,0,1.862018228,0,10.04278088,0,0.116085134446621,0.0159276649355888,1.4942854642868,0.258834064006805,1.4039112329483,7.86704158782959,49.3760986328125,3.44750428199768,0.5401571393013,0,0,
243,35.91834259,0,0,0,14.17801094,0,3.528870821,0,1.862018228,0,10.04278088,0,0.116085134446621,0.0159276649355888,1.4942854642868,0.258834064006805,1.4039112329483,7.86703872680664,49.378776550293,3.44750428199768,0.5401571393013,0,0,
244,35.91834259,0,0,0,14.17801094,0,3.528870821,0,1.862018228,0,10.04278088,0,0.116085134446621,0.0159276649355888,1.4942854642868,0.258834064006805,1.4039112329483,7.86703586578369,49.3814468383789,3.44750428199768,0.5401571393013,0,0,
245,35.91834259,0,0,0,14.17801094,0,3.528870821,0,1.862018228,0,10.04278088,0,0.116085134446621,0.0159276649355888,1.4942854642868,0.258834064006805,1.4039112329483,7.86703300476074,49.3841094970703,3.44750428199768,0.5401571393013,0,0,
246,35.91834259,0,0,0,14.17801094,0,3.528870821,0,1.862018228,0,10.04278088,0,0.116085134446621,0.0159276649355888,1.4942854642868,0.258834064006805,1.4039112329483,7.86703062057495,49.3867607116699,3.44750428199768,0.5401571393013,0,0,
247,35.91834259,0,0,0,14.17801094,0,3.528870821,0,1.862018228,0,10.04278088,0,0.116085134446621,0.0159276649355888,1.4942854642868,0.258834064006805,1.4039112329483,7.867027759552,49.389404296875,3.44750428199768,0.5401571393013,0,0,
248,35.91834259,0,0,0,14.17801094,0,3.528870821,0,1.862018228,0,10.04278088,0,0.116085134446621,0.0159276649355888,1.4942854642868,0.258834064006805,1.4039112329483,7.86702489852905,49.3920402526855,3.44750428199768,0.5401571393013,0,0,
249,35.91834259,0,0,0,14.17801094,0,3.528870821,0,1.862018228,0,10.04278088,0,0.116085134446621,0.0159276649355888,1.4942854642868,0.258834064006805,1.4039112329483,7.8670220375061,49.3946685791016,3.44750428199768,0.5401571393013,0,0,
250,35.91834259,0,0,0,14.17801094,0,3.528870821,0,1.862018228,0,10.04278088,0,0.116085134446621,0.0159276649355888,1.4942854642868,0.258834064006805,1.4039112329483,7.86701917648315,49.3972854614258,3.44750428199768,0.5401571393013,0,0,
251,35.91834259,0,0,0,14.17801094,0,3.528870821,0,1.862018228,0,10.04278088,0,0.116085134446621,0.0159276649355888,1.4942854642868,0.258834064006805,1.4039112329483,7.86701679229736,49.3998947143555,3.44750428199768,0.5401571393013,0,0,
252,35.91834259,0,0,0,14.17801094,0,3.528870821,0,1.862018228,0,10.04278088,0,0.116085134446621,0.0159276649355888,1.4942854642868,0.258834064006805,1.4039112329483,7.86701536178589,49.4024963378906,3.44750428199768,0.5401571393013,0,0,
253,35.91834259,0,0,0,14.17801094,0,3.528870821,0,1.862018228,0,10.04278088,0,0.116085134446621,0.0159276649355888,1.4942854642868,0.258834064006805,1.4039112329483,7.86701345443726,49.4050903320313,3.44750428199768,0.5401571393013,0,0,
254,35.91834259,0,0,0,14.17801094,0,3.528870821,0,1.862018228,0,10.04278088,0,0.116085134446621,0.0159276649355888,1.4942854642868,0.258834064006805,1.4039112329483,7.86701154708862,49.4076728820801,3.44750428199768,0.5401571393013,0,0,
255,35.91834259,0,0,0,14.17801094,0,3.528870821,0,1.862018228,0,10.04278088,0,0.116085134446621,0.0159276649355888,1.4942854642868,0.258834064006805,1.4039112329483,7.86700963973999,49.4102478027344,3.44750428199768,0.5401571393013,0,0,
256,35.91834259,0,0,0,14.17801094,0,3.528870821,0,1.862018228,0,10.04278088,0,0.116085134446621,0.0159276649355888,1.4942854642868,0.258834064006805,1.4039112329483,7.86700773239136,49.4128150939941,3.44750428199768,0.5401571393013,0,0,
257,35.91834259,0,0,0,14.17801094,0,3.528870821,0,1.862018228,0,10.04278088,0,0.116085134446621,0.0159276649355888,1.4942854642868,0.258834064006805,1.4039112329483,7.86700630187988,49.4153747558594,3.44750428199768,0.5401571393013,0,0,
258,35.91834259,0,0,0,14.17801094,0,3.528870821,0,1.862018228,0,10.04278088,0,0.116085134446621,0.0159276649355888,1.4942854642868,0.258834064006805,1.4039112329483,7.86700534820557,49.4179229736328,3.44750428199768,0.5401571393013,0,0,
259,35.91834259,0,0,0,14.17801094,0,3.528870821,0,1.862018228,0,10.04278088,0,0.116085134446621,0.0159276649355888,1.4942854642868,0.258834064006805,1.4039112329483,7.86700439453125,49.4204635620117,3.44750428199768,0.5401571393013,0,0,
260,35.91834259,0,0,0,14.17801094,0,3.528870821,0,1.862018228,0,10.04278088,0,0.116085134446621,0.0159276649355888,1.4942854642868,0.258834064006805,1.4039112329483,7.86700344085693,49.4229965209961,3.44750428199768,0.5401571393013,0,0,
261,35.91834259,0,0,0,14.17801094,0,3.528870821,0,1.862018228,0,10.04278088,0,0.116085134446621,0.0159276649355888,1.4942854642868,0.258834064006805,1.4039112329483,7.86700248718262,49.4255218505859,3.44750428199768,0.5401571393013,0,0,
262,35.91834259,0,0,0,14.17801094,0,3.528870821,0,1.862018228,0,10.04278088,0,0.116085134446621,0.0159276649355888,1.4942854642868,0.258834064006805,1.4039112329483,7.8670015335083,49.4280395507813,3.44750428199768,0.5401571393013,0,0,
263,35.91834259,0,0,0,14.17801094,0,3.528870821,0,1.862018228,0,10.04278088,0,0.116085134446621,0.0159276649355888,1.4942854642868,0.258834064006805,1.4039112329483,7.86700057983398,49.4305458068848,3.44750428199768,0.5401571393013,0,0,
264,35.91834259,0,0,0,14.17801094,0,3.528870821,0,1.862018228,0,10.04278088,0,0.116085134446621,0.0159276649355888,1.4942854642868,0.258834064006805,1.4039112329483,7.86699962615967,49.4330444335938,3.44750428199768,0.5401571393013,0,0,
265,35.91834259,0,0,0,14.17801094,0,3.528870821,0,1.862018228,0,10.04278088,0,0.116085134446621,0.0159276649355888,1.4942854642868,0.258834064006805,1.4039112329483,7.86699867248535,49.4355354309082,3.44750428199768,0.5401571393013,0,0,
266,35.91834259,0,0,0,14.17801094,0,3.528870821,0,1.862018228,0,10.04278088,0,0.116085134446621,0.0159276649355888,1.4942854642868,0.258834064006805,1.4039112329483,7.86699771881104,49.4380187988281,3.44750428199768,0.5401571393013,0,0,
267,35.91834259,0,0,0,14.17801094,0,3.528870821,0,1.862018228,0,10.04278088,0,0.116085134446621,0.0159276649355888,1.4942854642868,0.258834064006805,1.4039112329483,7.86699676513672,49.4404945373535,3.44750428199768,0.5401571393013,0,0,
268,35.91834259,0,0,0,14.17801094,0,3.528870821,0,1.862018228,0,10.04278088,0,0.116085134446621,0.0159276649355888,1.4942854642868,0.258834064006805,1.4039112329483,7.8669958114624,49.4429626464844,3.44750428199768,0.5401571393013,0,0,
269,35.91834259,0,0,0,14.17801094,0,3.528870821,0,1.862018228,0,10.04278088,0,0.116085134446621,0.0159276649355888,1.4942854642868,0.258834064006805,1.4039112329483,7.86699533462524,49.4454231262207,3.44750428199768,0.5401571393013,0,0,
270,35.91834259,0,0,0,14.17801094,0,3.528870821,0,1.862018228,0,10.04278088,0,0.116085134446621,0.0159276649355888,1.4942854642868,0.258834064006805,1.4039112329483,7.86699438095093,49.4478721618652,3.44750428199768,0.5401571393013,0,0,
271,35.91834259,0,0,0,14.17801094,0,3.528870821,0,1.862018228,0,10.04278088,0,0.116085134446621,0.0159276649355888,1.4942854642868,0.258834064006805,1.4039112329483,7.86699342727661,49.4503135681152,3.44750428199768,0.5401571393013,0,0,
272,35.91834259,0,0,0,14.17801094,0,3.528870821,0,1.862018228,0,10.04278088,0,0.116085134446621,0.0159276649355888,1.4942854642868,0.258834064006805,1.4039112329483,7.86699247360229,49.4527473449707,3.44750428199768,0.5401571393013,0,0,
273,35.91834259,0,0,0,14.17801094,0,3.528870821,0,1.862018228,0,10.04278088,0,0.116085134446621,0.0159276649355888,1.4942854642868,0.258834064006805,1.4039112329483,7.86699151992798,49.4551734924316,3.44750428199768,0.5401571393013,0,0,
274,35.91834259,0,0,0,14.17801094,0,3.528870821,0,1.862018228,0,10.04278088,0,0.116085134446621,0.0159276649355888,1.4942854642868,0.258834064006805,1.4039112329483,7.86699056625366,49.457592010498,3.44750428199768,0.5401571393013,0,0,
275,35.91834259,0,0,0,14.17801094,0,3.528870821,0,1.862018228,0,10.04278088,0,0.116085134446621,0.0159276649355888,1.4942854642868,0.258834064006805,1.4039112329483,7.86698961257935,49.4600028991699,3.44750428199768,0.5401571393013,0,0,
276,35.91834259,0,0,0,14.17801094,0,3.528870821,0,1.862018228,0,10.04278088,0,0.116085134446621,0.0159276649355888,1.4942854642868,0.258834064006805,1.4039112329483,7.86698865890503,49.4624061584473,3.44750428199768,0.5401571393013,0,0,
277,35.91834259,0,0,0,14.17801094,0,3.528870821,0,1.862018228,0,10.04278088,0,0.116085134446621,0.0159276649355888,1.4942854642868,0.258834064006805,1.4039112329483,7.86698770523071,49.4648017883301,3.44750428199768,0.5401571393013,0,0,
278,35.91834259,0,0,0,14.17801094,0,3.528870821,0,1.862018228,0,10.04278088,0,0.116085134446621,0.0159276649355888,1.4942854642868,0.258834064006805,1.4039112329483,7.8669867515564,49.4671897888184,3.44750428199768,0.5401571393013,0,0,
279,35.91834259,0,0,0,14.17801094,0,3.528870821,0,1.862018228,0,10.04278088,0,0.116085134446621,0.0159276649355888,1.4942854642868,0.258834064006805,1.4039112329483,7.86698579788208,49.4695701599121,3.44750428199768,0.5401571393013,0,0,
280,35.91834259,0,0,0,14.17801094,0,3.528870821,0,1.862018228,0,10.04278088,0,0.116085134446621,0.0159276649355888,1.4942854642868,0.258834064006805,1.4039112329483,7.86698484420776,49.4719429016113,3.44750428199768,0.5401571393013,0,0,
281,35.91834259,0,0,0,14.17801094,0,3.528870821,0,1.862018228,0,10.04278088,0,0.116085134446621,0.0159276649355888,1.4942854642868,0.258834064006805,1.4039112329483,7.86698389053345,49.474308013916,3.44750428199768,0.5401571393013,0,0,
282,35.91834259,0,0,0,14.17801094,0,3.528870821,0,1.862018228,0,10.04278088,0,0.116085134446621,0.0159276649355888,1.4942854642868,0.258834064006805,1.4039112329483,7.86698341369629,49.4766616821289,3.44750428199768,0.5401571393013,0,0,
283,35.91834259,0,0,0,14.17801094,0,3.528870821,0,1.862018228,0,10.04278088,0,0.116085134446621,0.0159276649355888,1.4942854642868,0.258834064006805,1.4039112329483,7.86698341369629,49.4790077209473,3.44750428199768,0.5401571393013,0,0,
284,35.91834259,0,0,0,14.17801094,0,3.528870821,0,1.862018228,0,10.04278088,0,0.116085134446621,0.0159276649355888,1.4942854642868,0.258834064006805,1.4039112329483,7.86698341369629,49.4813461303711,3.44750428199768,0.5401571393013,0,0,
285,35.91834259,0,0,0,14.17801094,0,3.528870821,0,1.862018228,0,10.04278088,0,0.116085134446621,0.0159276649355888,1.4942854642868,0.258834064006805,1.4039112329483,7.86698341369629,49.4836769104004,3.44750428199768,0.5401571393013,0,0,
286,35.91834259,0,0,0,14.17801094,0,3.528870821,0,1.862018228,0,10.04278088,0,0.116085134446621,0.0159276649355888,1.4942854642868,0.258834064006805,1.4039112329483,7.86698341369629,49.4860000610352,3.44750428199768,0.5401571393013,0,0,
287,35.91834259,0,0,0,14.17801094,0,3.528870821,0,1.862018228,0,10.04278088,0,0.116085134446621,0.0159276649355888,1.4942854642868,0.258834064006805,1.4039112329483,7.86698341369629,49.4883155822754,3.44750428199768,0.5401571393013,0,0,
288,35.91834259,0,0,0,14.17801094,0,3.528870821,0,1.862018228,0,10.04278088,0,0.116085134446621,0.0159276649355888,1.4942854642868,0.258834064006805,1.4039112329483,7.86698341369629,49.4906234741211,3.44750428199768,0.5401571393013,0,0,
289,35.91834259,0,0,0,14.17801094,0,3.528870821,0,1.862018228,0,10.04278088,0,0.116085134446621,0.0159276649355888,1.4942854642868,0.258834064006805,1.4039112329483,7.86698341369629,49.4929237365723,3.44750428199768,0.5401571393013,0,0,
290,35.91834259,0,0,0,14.17801094,0,3.528870821,0,1.862018228,0,10.04278088,0,0.116085134446621,0.0159276649355888,1.4942854642868,0.258834064006805,1.4039112329483,7.86698341369629,49.4952163696289,3.44750428199768,0.5401571393013,0,0,
291,35.91834259,0,0,0,14.17801094,0,3.528870821,0,1.862018228,0,10.04278088,0,0.116085134446621,0.0159276649355888,1.4942854642868,0.258834064006805,1.4039112329483,7.86698341369629,49.497501373291,3.44750428199768,0.5401571393013,0,0,
292,35.91834259,0,0,0,14.17801094,0,3.528870821,0,1.862018228,0,10.04278088,0,0.116085134446621,0.0159276649355888,1.4942854642868,0.258834064006805,1.4039112329483,7.86698341369629,49.4997787475586,3.44750428199768,0.5401571393013,0,0,
293,35.91834259,0,0,0,14.17801094,0,3.528870821,0,1.862018228,0,10.04278088,0,0.116085134446621,0.0159276649355888,1.4942854642868,0.258834064006805,1.4039112329483,7.86698341369629,49.5020484924316,3.44750428199768,0.5401571393013,0,0,
294,35.91834259,0,0,0,14.17801094,0,3.528870821,0,1.862018228,0,10.04278088,0,0.116085134446621,0.0159276649355888,1.4942854642868,0.258834064006805,1.4039112329483,7.86698341369629,49.5043106079102,3.44750428199768,0.5401571393013,0,0,
295,35.91834259,0,0,0,14.17801094,0,3.528870821,0,1.862018228,0,10.04278088,0,0.116085134446621,0.0159276649355888,1.4942854642868,0.258834064006805,1.4039112329483,7.86698341369629,49.5065689086914,3.44750428199768,0.5401571393013,0,0,
296,35.91834259,0,0,0,14.17801094,0,3.528870821,0,1.862018228,0,10.04278088,0,0.116085134446621,0.0159276649355888,1.4942854642868,0.258834064006805,1.4039112329483,7.86698341369629,49.5088195800781,3.44750428199768,0.5401571393013,0,0,
297,35.91834259,0,0,0,14.17801094,0,3.528870821,0,1.862018228,0,10.04278088,0,0.116085134446621,0.0159276649355888,1.4942854642868,0.258834064006805,1.4039112329483,7.86698341369629,49.5110626220703,3.44750428199768,0.5401571393013,0,0,
298,35.91834259,0,0,0,14.17801094,0,3.528870821,0,1.862018228,0,10.04278088,0,0.116085134446621,0.0159276649355888,1.4942854642868,0.258834064006805,1.4039112329483,7.86698341369629,49.513298034668,3.44750428199768,0.5401571393013,0,0,
299,35.91834259,0,0,0,14.17801094,0,3.528870821,0,1.862018228,0,10.04278088,0,0.116085134446621,0.0159276649355888,1.4942854642868,0.258834064006805,1.4039112329483,7.86698341369629,49.5155258178711,3.44750428199768,0.5401571393013,0,0,
300,35.91834259,0,0,0,14.17801094,0,3.528870821,0,1.862018228,0,10.04278088,0,0.116085134446621,0.0159276649355888,1.4942854642868,0.258834064006805,1.4039112329483,7.86698341369629,49.5177459716797,3.44750428199768,0.5401571393013,0,0,
