"Time Step","Softwood Merchantable","Hardwood Merchantable","Softwood Submerchantable","Hardwood Submerchantable","Softwood Other","Hardwood Other","Softwood Foliage","Hardwood Foliage","Softwood Fine Roots","Hardwood Fine Roots","Softwood Coarse Roots","Hardwood Coarse Roots","Aboveground Very Fast DOM","Belowground Very Fast DOM","Aboveground Fast DOM","Belowground Fast DOM","Medium DOM","Aboveground Slow DOM","Belowground Slow DOM","Softwood Stem Snag","Softwood Branch Snag","Hardwood Stem Snag","Hardwood Branch Snag",
0,0.2086479068,0,0,0,0.3924345374,0,0.1290165931,0,0.06793786585,0,0.09414412081,0,0.429553806781769,0.0248992741107941,15.3027315139771,3.8045334815979,5.49700784683228,9.29228687286377,49.8186225891113,6.7350850440561e-4,0.00168792041949928,0,0,
1,0.6543064713,0,0,0,0.9976773262,0,0.2828250527,0,0.1753137112,0,0.2542138696,0,0.0466719754040241,0.00166061229538172,11.0414171218872,2.742271900177,5.0965404510498,9.72428607940674,49.9037475585938,0.00341379502788186,0.0072858827188611,0,0,
2,1.270132542,0,0,0,1.682670712,0,0.4424443245,0,0.297942549,0,0.4558024108,0,0.0165322292596102,0.00201466260477901,7.98695659637451,1.97825694084167,4.7253303527832,9.888503074646,49.9416007995605,0.00939620193094015,0.0171693675220013,0,0,
3,2.023639202,0,0,0,2.401524305,0,0.6025761366,0,0.4257890582,0,0.6903691888,0,0.0197077468037605,0.00306729809381068,5.80379199981689,1.42938530445099,4.38134288787842,9.90930557250977,49.9500503540039,0.0193963795900345,0.0308593921363354,0,0,
4,2.891221285,0,0,0,3.128065825,0,0.7604989409,0,0.5528516769,0,0.9522608519,0,0.0260511394590139,0.0041565638966858396,4.24930286407471,1.03573322296143,4.06271362304688,9.83852291107178,49.939079284668,0.0339567475020885,0.0476751737296581,0,0,
5,3.853453636,0,0,0,3.845323086,0,0.9145928025,0,0.6753562093,0,1.236811638,0,0.0325682610273361,0.00522452825680375,3.14813709259033,0.754090785980225,3.76772999763489,9.70946979522705,49.9156341552734,0.05344432964921,0.0669040754437447,0,0,
6,4.893410206,0,0,0,4.541768551,0,1.063837647,0,0.7909858823,0,1.539795637,0,0.0388695821166039,0.00624431204050779,2.37356996536255,0.553295016288757,3.49481558799744,9.54529571533203,49.8845443725586,0.0780841410160065,0.0878717824816704,0,0,
7,5.995921135,0,0,0,5.209525108,0,1.207584023,0,0.8984338045,0,1.857258916,0,0.04485272616148,0.00720012048259377,1.83401346206665,0.410864591598511,3.24251556396484,9.36214637756348,49.8491592407227,0.107982434332371,0.109972774982452,0,0,
8,7.147203922,0,0,0,5.84334898,0,1.3454296589999999,0,0.9971020222,0,2.185486317,0,0.050472229719162,0.00808360707014799,1.46326839923859,0.310575008392334,3.00948405265808,9.17117309570313,49.8117523193359,0.143144890666008,0.13268181681633,0,0,
9,8.3346652980000009,0,0,0,6.439971924,0,1.477146029,0,1.086884379,0,2.521011353,0,0.0557088740170002,0.00889162160456181,1.21348559856415,0.240711331367493,2.79447340965271,8.97995758056641,49.773853302002,0.1834916472435,0.155555665493011,0,0,
10,9.546791077,0,0,0,6.997641087,0,1.6026299,0,1.168006182,0,2.860641718,0,0.0605603419244289,0.00962457992136478,1.05008125305176,0.192809417843819,2.59632444381714,8.79353713989258,49.736457824707,0.228870376944542,0.178229540586472,0,0,
11,10.70323372,0,0,0,7.517191887,0,1.700174928,0,1.237528443,0,3.184844971,0,0.064832903444767,0.0102711888030171,0.948021173477173,0.160689294338226,2.41395807266235,8.61479091644287,49.7000999450684,0.278842508792877,0.200417131185532,0,0,
12,12.02942085,0,0,0,7.791045666,0,1.798632145,0,1.298763633,0,3.500676155,0,0.0685641095042229,0.0108327083289623,0.886969327926636,0.139853596687317,2.24636077880859,8.44521331787109,49.6650314331055,0.333467215299606,0.221007451415062,0,0,
13,13.33965492,0,0,0,8.07981205,0,1.896124005,0,1.355097294,0,3.82096386,0,0.0720468536019325,0.0113370744511485,0.85283899307251,0.127133801579475,2.09259438514709,8.2858190536499,49.6314811706543,0.392928063869476,0.239368572831154,0,0,
14,14.62024307,0,0,0,8.376052856,0,1.991353989,0,1.406248927,0,4.141009331,0,0.0753327533602715,0.0117979487404227,0.83820104598999,0.120276361703873,1.95179498195648,8.13720035552979,49.5996208190918,0.45675253868103,0.256100088357925,0,0,
15,15.8649683,0,0,0,8.674892426,0,2.083716393,0,1.452409029,0,4.458025932,0,0.0784119367599487,0.0122153097763658,0.837586283683777,0.117630742490292,1.82314717769623,7.99955892562866,49.5695114135742,0.524435698986053,0.271613270044327,0,0,
16,17.06749725,0,0,0,8.972153664,0,2.172681332,0,1.493831515,0,4.76930666,0,0.0812822058796883,0.0125910118222237,0.84696638584137,0.117987990379333,1.7058801651001,7.8728232383728,49.5411491394043,0.595465958118439,0.286187618970871,0,0,
17,18.22831726,0,0,0,9.265904427,0,2.258270741,0,1.531017184,0,5.074035645,0,0.0839510783553123,0.0129282446578145,0.863380491733551,0.120464414358139,1.59926402568817,7.75674343109131,49.5144805908203,0.669347405433655,0.300013214349747,0,0,
18,19.3384285,0,0,0,9.552226067,0,2.339837313,0,1.564150572,0,5.369018555,0,0.0864251330494881,0.0132299466058612,0.884631454944611,0.124408937990665,1.50260746479034,7.65094709396362,49.4894371032715,0.745589911937714,0.313212066888809,0,0,
19,20.400177,0,0,0,9.830412865,0,2.417583942,0,1.593748689,0,5.654146194,0,0.0887124016880989,0.0134991183876991,0.909083247184753,0.129340544342995,1.41525483131409,7.5549783706665,49.4659271240234,0.823714852333069,0.325858741998672,0,0,
20,21.40884781,0,0,0,10.09818268,0,2.491202593,0,1.620083809,0,5.92752409,0,0.0908246785402298,0.0137391220778227,0.935522854328156,0.134905487298965,1.33658409118652,7.46833419799805,49.4438629150391,0.903268218040466,0.337998151779175,0,0,
21,22.36629486,0,0,0,10.35517025,0,2.56086731,0,1.643567801,0,6.189109802,0,0.092772401869297,0.0139528969302773,0.963044285774231,0.140841901302338,1.26600527763367,7.39048719406128,49.4231452941895,0.983817279338837,0.349653601646423,0,0,
22,23.27410889,0,0,0,10.60113049,0,2.626732826,0,1.664551377,0,6.438887119,0,0.0945702716708183,0.014143698848784,0.990989506244659,0.14696092903614,1.20295822620392,7.32090663909912,49.4036903381348,1.06496942043304,0.360840618610382,0,0,
23,24.13148117,0,0,0,10.83528614,0,2.688776016,0,1.683286428,0,6.676244736,0,0.0962296053767204,0.0143141187727451,1.01887226104736,0.153124257922173,1.14691233634949,7.25906467437744,49.3854141235352,1.14636099338531,0.371566742658615,0,0,
24,24.93748474,0,0,0,11.0569315,0,2.746961594,0,1.699993014,0,6.900592804,0,0.0977580919861794,0.0144661907106638,1.04632258415222,0.159227907657623,1.09736442565918,7.20443916320801,49.368236541748,1.2276473045349101,0.381831437349319,0,0,
25,25.697544099999998,0,0,0,11.267187119999999,0,2.801710367,0,1.714985371,0,7.113164425,0,0.0991671979427338,0.0146021964028478,1.07308030128479,0.165199264883995,1.05383801460266,7.1565260887146,49.3520812988281,1.30852138996124,0.39163613319397,0,0,
26,26.41042519,0,0,0,11.46541309,0,2.852959394,0,1.7284095289999999,0,7.313383102,0,0.1004673615098,0.0147241093218327,1.09896600246429,0.170988395810127,1.01588213443756,7.1148419380188,49.3368835449219,1.38871026039124,0.400983929634094,0,0,
27,27.08122444,0,0,0,11.65278149,0,2.901095867,0,1.740505695,0,7.502486706,0,0.101667627692223,0.0148335928097367,1.12385869026184,0.176561683416367,0.983070611953735,7.07892656326294,49.3225784301758,1.4679719209671,0.40987953543663,0,0,
28,27.70637894,0,0,0,11.82809067,0,2.945885181,0,1.751333237,0,7.679305077,0,0.102774396538734,0.0149319330230355,1.14767146110535,0.181895181536675,0.95500123500824,7.04833889007568,49.3091163635254,1.54608559608459,0.418326556682587,0,0,
29,28.29288292,0,0,0,11.99313831,0,2.987843037,0,1.761118054,0,7.845680237,0,0.103794507682323,0.0150203555822372,1.17035067081451,0.186974048614502,0.931294322013855,7.02265930175781,49.2964324951172,1.62285649776459,0.426330208778381,0,0,
30,28.84124947,0,0,0,12.14792633,0,3.027020693,0,1.769954205,0,8.001642227,0,0.104737371206284,0.0151002276688814,1.1918842792511,0.191794335842133,0.911592304706573,7.00149822235107,49.2844924926758,1.698126912117,0.433902353048325,0,0,
31,29.35193634,0,0,0,12.29246807,0,3.063462734,0,1.777922392,0,8.147223473,0,0.105607159435749,0.0151723073795438,1.21226513385773,0.196353405714035,0.895558834075928,6.98448276519775,49.2732429504395,1.77175307273865,0.441052228212357,0,0,
32,29.82953262,0,0,0,12.42797184,0,3.097506046,0,1.785155773,0,8.283655167,0,0.10641010850668,0.0152375064790249,1.23150610923767,0.200653940439224,0.882877945899963,6.97126579284668,49.2626495361328,1.84361720085144,0.447792202234268,0,0,
33,30.27228737,0,0,0,12.55385876,0,3.129034758,0,1.79167974,0,8.410370827,0,0.107150763273239,0.0152965132147074,1.24962687492371,0.204700246453285,0.873252987861633,6.96151924133301,49.2526741027832,1.91361844539642,0.454134672880173,0,0,
34,30.68675041,0,0,0,12.67193127,0,3.158523083,0,1.797633886,0,8.529185295,0,0.107834503054619,0.0153500270098448,1.26665997505188,0.208499908447266,0.866406083106995,6.95493698120117,49.243278503418,1.98167812824249,0.460094332695007,0,0,
35,31.07107925,0,0,0,12.78160381,0,3.185845613,0,1.803027511,0,8.639526367,0,0.108466513454914,0.0153986914083362,1.28264772891998,0.212062910199165,0.862077236175537,6.95123529434204,49.2344360351563,2.04773855209351,0.465687930583954,0,0,
36,31.42964935,0,0,0,12.88407707,0,3.211317778,0,1.807952166,0,8.742609024,0,0.109050139784813,0.0154429404065013,1.29763078689575,0.215398728847504,0.860023736953735,6.9501485824585,49.2261161804199,2.1117537021637,0.470931023359299,0,0,
37,31.76057053,0,0,0,12.97878933,0,3.234811306,0,1.812407732,0,8.8378582,0,0.109588354825974,0.0154831679537892,1.31164872646332,0.218516513705254,0.860019087791443,6.95142698287964,49.2182922363281,2.17368865013123,0.475838363170624,0,0,
38,32.07020187,0,0,0,13.06751633,0,3.256779671,0,1.81650126,0,8.927077293,0,0.11008532345295,0.0155198266729712,1.32474851608276,0.221427261829376,0.861852288246155,6.9548397064209,49.2109375,2.23352527618408,0.480426669120789,0,0,
39,32.35660934,0,0,0,13.14968014,0,3.277090073,0,1.820224524,0,9.009685516,0,0.11054515093565,0.0155533431097865,1.33698272705078,0.224143326282501,0.86532723903656,6.96017456054688,49.204029083252,2.29126119613647,0.48471400141716,0,0,
40,32.62197113,0,0,0,13.22588444,0,3.295897961,0,1.823621154,0,9.086292267,0,0.110968917608261,0.0155838737264276,1.3483909368515,0.226673662662506,0.870261967182159,6.96723079681396,49.1975479125977,2.34689497947693,0.488714426755905,0,0,
41,32.86844635,0,0,0,13.29672909,0,3.313359499,0,1.826731443,0,9.157503128,0,0.111360177397728,0.0156117752194405,1.35901987552643,0.229029163718224,0.876487731933594,6.9758243560791,49.1914710998535,2.40043878555298,0.492444097995758,0,0,
42,33.09816742,0,0,0,13.36281013,0,3.329628706,0,1.829592466,0,9.223921776,0,0.111722581088543,0.0156373754143715,1.36892187595367,0.231222003698349,0.883848488330841,6.9857873916626,49.1857795715332,2.45191836357117,0.495920538902283,0,0,
43,33.30915833,0,0,0,13.4235487,0,3.344564199,0,1.832188725,0,9.284965515,0,0.112056881189346,0.0156607758253813,1.37813603878021,0.233261004090309,0.892200291156769,6.99696159362793,49.1804618835449,2.50135779380798,0.499157518148422,0,0,
44,33.50556946,0,0,0,13.48013878,0,3.358463764,0,1.834578991,0,9.341827393,0,0.112364888191223,0.0156821552664042,1.38670039176941,0.235154762864113,0.901410400867462,7.00920009613037,49.1754913330078,2.54878687858582,0.502168238162994,0,0,
45,33.68746567,0,0,0,13.53256989,0,3.371332645,0,1.836770296,0,9.394514084,0,0.112649917602539,0.0157017987221479,1.39466035366058,0.236913770437241,0.911356687545776,7.02237033843994,49.1708564758301,2.59424710273743,0.504968106746674,0,0,
46,33.85692596,0,0,0,13.58144855,0,3.383317471,0,1.838792443,0,9.443622589,0,0.112913854420185,0.01571986079216,1.40205836296082,0.238547757267952,0.921927094459534,7.0363507270813,49.1665458679199,2.63778376579285,0.507571518421173,0,0,
47,34.01195145,0,0,0,13.62618446,0,3.394279242,0,1.840626597,0,9.488570213,0,0.113157093524933,0.0157363936305046,1.40892648696899,0.240063816308975,0.933019042015076,7.05102634429932,49.1625442504883,2.67943954467773,0.509989738464355,0,0,
48,34.15665817,0,0,0,13.66796207,0,3.404508591,0,1.842324972,0,9.530540466,0,0.113381259143353,0.0157515406608582,1.4152970314025899,0.241469159722328,0.944538772106171,7.06629276275635,49.1588325500488,2.71926116943359,0.512234032154083,0,0,
49,34.29106522,0,0,0,13.70678425,0,3.414008617,0,1.843890786,0,9.569540977,0,0.113589368760586,0.0157655328512192,1.42121112346649,0.242773339152336,0.956400692462921,7.08205652236938,49.155403137207,2.75730490684509,0.514318287372589,0,0,
50,34.41316223,0,0,0,13.74206066,0,3.422635317,0,1.845303893,0,9.604981422,0,0.113780483603477,0.0157783068716526,1.42669105529785,0.24398110806942,0.96852707862854,7.09822750091553,49.1522445678711,2.79361772537231,0.516250610351563,0,0,
51,34.5270462,0,0,0,13.77498245,0,3.430681467,0,1.846613765,0,9.638048172,0,0.113955974578857,0.015789981931448,1.43176221847534,0.245098039507866,0.980847299098969,7.11472463607788,49.1493453979492,2.82824993133545,0.518040001392365,0,0,
52,34.63272858,0,0,0,13.80554104,0,3.438147306,0,1.847822547,0,9.668743134,0,0.114118814468384,0.0158007759600878,1.43646037578583,0.24613244831562,0.993297457695007,7.1314754486084,49.1466941833496,2.86126136779785,0.51969838142395,0,0,
53,34.73226166,0,0,0,13.83432579,0,3.445176125,0,1.848954797,0,9.697656631,0,0.114270679652691,0.0158108100295067,1.44082081317902,0.24709241092205,1.00581991672516,7.1484169960022,49.1442756652832,2.8927149772644,0.521237552165985,0,0,
54,34.82159042,0,0,0,13.86016941,0,3.45148468,0,1.849966049,0,9.723613739,0,0.114410445094109,0.015820000320673,1.44486117362976,0.247981697320938,1.01836323738098,7.16548824310303,49.1420860290527,2.92266225814819,0.522664129734039,0,0,
55,34.90478134,0,0,0,13.88424683,0,3.457358599,0,1.850903869,0,9.747795105,0,0.114538088440895,0.0158283598721027,1.44859504699707,0.248803004622459,1.03088116645813,7.18263101577759,49.1401138305664,2.95115232467651,0.523983299732208,0,0,
56,34.98186111,0,0,0,13.9065609,0,3.4628014560000002,0,1.85176909,0,9.770202637,0,0.114656329154968,0.0158360879868269,1.45204937458038,0.249562546610832,1.04333245754242,7.19979667663574,49.138355255127,2.97824335098267,0.525204181671143,0,0,
57,35.05484772,0,0,0,13.92768764,0,3.467953205,0,1.852585316,0,9.791423798,0,0.11476681381464,0.015843290835619,1.4552526473999,0.250266939401627,1.05568027496338,7.21694326400757,49.1367988586426,3.00399661064148,0.526336252689362,0,0,
58,35.11970139,0,0,0,13.94647026,0,3.472530365,0,1.853308082,0,9.810284615,0,0.114868380129337,0.0158498901873827,1.45821762084961,0.250918805599213,1.06789255142212,7.23402881622314,49.1354331970215,3.02846264839172,0.527384340763092,0,0,
59,35.18047714,0,0,0,13.96406555,0,3.476820469,0,1.853983045,0,9.827960014,0,0.114960953593254,0.0158558841794729,1.46095418930054,0.251520067453384,1.07994103431702,7.25101470947266,49.1342506408691,3.05168867111206,0.5283522605896,0,0,
60,35.23718643,0,0,0,13.98049545,0,3.480821848,0,1.854611158,0,9.844456673,0,0.115047231316566,0.0158614702522755,1.4634861946106,0.252076357603073,1.09180080890656,7.26787042617798,49.133243560791,3.0737316608429,0.529247999191284,0,0,
61,35.28982925,0,0,0,13.99575043,0,3.484537601,0,1.855192661,0,9.859775543,0,0.115127503871918,0.0158666521310806,1.46583211421967,0.252591729164124,1.10345053672791,7.28456830978394,49.1324119567871,3.09464502334595,0.530077695846558,0,0,
62,35.33840942,0,0,0,14.0098238,0,3.487965822,0,1.855727792,0,9.873908043,0,0.115201786160469,0.0158714391291142,1.46800494194031,0.253069162368774,1.11487185955048,7.30108261108398,49.1317443847656,3.11447858810425,0.530846238136292,0,0,
63,35.38293076,0,0,0,14.02272034,0,3.491106272,0,1.856217027,0,9.886863708,0,0.115270122885704,0.0158758331090212,1.47001469135284,0.253510713577271,1.12604963779449,7.31738996505737,49.131233215332,3.13327860832214,0.531557261943817,0,0,
64,35.42339325,0,0,0,14.03444672,0,3.493961573,0,1.856660962,0,9.898638725,0,0.115332506597042,0.0158798322081566,1.4718691110611,0.253917902708054,1.13697075843811,7.33346843719482,49.1308746337891,3.15108823776245,0.532213687896729,0,0,
65,35.46182251,0,0,0,14.0455904,0,3.496672153,0,1.857081652,0,9.909825325,0,0.115390293300152,0.0158835388720036,1.47358238697052,0.254293978214264,1.14762461185455,7.3493013381958,49.1306571960449,3.16795444488525,0.532820224761963,0,0,
66,35.49620438,0,0,0,14.05555439,0,3.499098778,0,1.857457161,0,9.919833183,0,0.115443617105484,0.0158869531005621,1.47516477108002,0.254641264677048,1.15800261497498,7.36487293243408,49.1305809020996,3.18392133712769,0.533380627632141,0,0,
67,35.52855301,0,0,0,14.06493473,0,3.501380682,0,1.85781014,0,9.929250717,0,0.115492515265942,0.0158900748938322,1.47662425041199,0.254961460828781,1.16809821128845,7.38016939163208,49.1306381225586,3.19902968406677,0.533897697925568,0,0,
68,35.55887985,0,0,0,14.07372761,0,3.503519058,0,1.858140469,0,9.938079834,0,0.115538291633129,0.0158930029720068,1.47797524929047,0.255257874727249,1.1779066324234,7.39518117904663,49.1308250427246,3.21332406997681,0.534376204013824,0,0,
69,35.58515549,0,0,0,14.08134651,0,3.505373478,0,1.858426213,0,9.945730209,0,0.115579776465893,0.0158956442028284,1.47921979427338,0.255530804395676,1.18742454051971,7.4098973274231,49.1311340332031,3.2268397808075,0.534817218780518,0,0,
70,35.61143112,0,0,0,14.08897018,0,3.507227182,0,1.85871172,0,9.953382492,0,0.115618199110031,0.0158980935811996,1.48036801815033,0.255782544612885,1.19665002822876,7.4243106842041,49.1315612792969,3.23961591720581,0.535224199295044,0,0,
71,35.63567734,0,0,0,14.09600258,0,3.508936405,0,1.858974814,0,9.960442543,0,0.115654997527599,0.015900444239378,1.48143601417542,0.256016939878464,1.2055823802948,7.43841695785522,49.1320991516113,3.25169587135315,0.535602390766144,0,0,
72,35.65588379,0,0,0,14.101861,0,3.51036191,0,1.859193683,0,9.96632576,0,0.115687616169453,0.0159025117754936,1.48241865634918,0.256232440471649,1.21422231197357,7.45220899581909,49.1327514648438,3.26310706138611,0.535950601100922,0,0,
73,35.67608643,0,0,0,14.10771847,0,3.511787176,0,1.859412432,0,9.97220993,0,0.115717202425003,0.015904389321804,1.48332059383392,0.256430059671402,1.22257149219513,7.46568250656128,49.1335029602051,3.27388095855713,0.536270558834076,0,0,
74,35.69628525,0,0,0,14.11357784,0,3.513211727,0,1.859630823,0,9.978092194,0,0.115746483206749,0.0159062575548887,1.48416244983673,0.256614834070206,1.2306319475174,7.47883796691895,49.1343574523926,3.28406047821045,0.536568641662598,0,0,
75,35.71244431,0,0,0,14.11826038,0,3.514350653,0,1.859805346,0,9.982797623,0,0.115773059427738,0.0159079432487488,1.48494267463684,0.256786078214645,1.23840713500977,7.49167490005493,49.135311126709,3.29367280006409,0.536844789981842,0,0,
76,35.72859955,0,0,0,14.1229496,0,3.515490532,0,1.859979987,0,9.987504005,0,0.115796752274036,0.0159094426780939,1.48565983772278,0.256943374872208,1.24590110778809,7.50418949127197,49.1363525390625,3.30274295806885,0.537098944187164,0,0,
77,35.74274063,0,0,0,14.12705231,0,3.516487837,0,1.860132456,0,9.991621971,0,0.115818850696087,0.0159108433872461,1.48632168769836,0.257088482379913,1.25311815738678,7.51638317108154,49.1374855041504,3.31130075454712,0.537333488464355,0,0,
78,35.75687408,0,0,0,14.13115311,0,3.517484426,0,1.860284925,0,9.995738983,0,0.115839459002018,0.015912152826786,1.48693370819092,0.257222712039948,1.2600634098053,7.52825736999512,49.1387023925781,3.31937408447266,0.537550330162048,0,0,
79,35.76898956,0,0,0,14.13467216,0,3.518339396,0,1.860415459,0,9.999269485,0,0.115858599543571,0.015913363546133,1.48750019073486,0.257346957921982,1.26674211025238,7.53981447219849,49.1400032043457,3.32698917388916,0.537751019001007,0,0,
80,35.78110504,0,0,0,14.13818359,0,3.519193411,0,1.860545993,0,10.00279713,0,0.115876264870167,0.0159144848585129,1.48802411556244,0.257461905479431,1.27316009998322,7.55105590820313,49.1413803100586,3.3341703414917,0.537936627864838,0,0,
81,35.79119873,0,0,0,14.14110756,0,3.519904613,0,1.860654473,0,10.0057354,0,0.115892469882965,0.0159155074506998,1.48850774765015,0.257568001747131,1.27932369709015,7.5619854927063,49.1428337097168,3.34094023704529,0.538107991218567,0,0,
82,35.80129242,0,0,0,14.14404106,0,3.52061677,0,1.860762954,0,10.00867748,0,0.115907214581966,0.0159164387732744,1.48895299434662,0.257665634155273,1.28523898124695,7.5726056098938,49.144359588623,3.34731984138489,0.538265883922577,0,0,
83,35.80936432,0,0,0,14.14638329,0,3.521185637,0,1.860849857,0,10.0110302,0,0.11592049151659,0.0159172769635916,1.48936128616333,0.257755041122437,1.29091250896454,7.58291959762573,49.1459541320801,3.35332870483398,0.538410782814026,0,0,
84,35.81744385,0,0,0,14.14872742,0,3.521755457,0,1.860936642,0,10.01338387,0,0.115932323038578,0.0159180220216513,1.48973333835602,0.257836401462555,1.29635095596313,7.59293031692505,49.1476135253906,3.35898566246033,0.538543105125427,0,0,
85,35.82551575,0,0,0,14.15106869,0,3.522324562,0,1.861023426,0,10.01573563,0,0.115944005548954,0.0159187633544207,1.49007868766785,0.257911950349808,1.30156111717224,7.60264348983765,49.1493339538574,3.36431455612183,0.538665771484375,0,0,
86,35.83359146,0,0,0,14.15341473,0,3.522893906,0,1.861110091,0,10.01808834,0,0.115955680608749,0.0159195084124804,1.49040400981903,0.257983356714249,1.30654978752136,7.61206722259521,49.1511154174805,3.3693368434906,0.538780868053436,0,0,
87,35.83964539,0,0,0,14.15516949,0,3.523321867,0,1.861175179,0,10.01985168,0,0.115966022014618,0.0159201566129923,1.49070572853088,0.258049637079239,1.31132411956787,7.62120485305786,49.1529502868652,3.37406706809998,0.538887560367584,0,0,
88,35.84569931,0,0,0,14.15692329,0,3.523748159,0,1.861240149,0,10.02161312,0,0.115974925458431,0.0159207154065371,1.49098145961761,0.258110076189041,1.31589078903198,7.63006067276001,49.154842376709,3.37851810455322,0.538985311985016,0,0,
89,35.85175705,0,0,0,14.15867901,0,3.524175406,0,1.861305118,0,10.02337837,0,0.115983679890633,0.0159212704747915,1.49123775959015,0.258166313171387,1.32025682926178,7.63864088058472,49.1567878723145,3.38270902633667,0.539076030254364,0,0,
90,35.85578918,0,0,0,14.15985394,0,3.524460077,0,1.861348391,0,10.02455521,0,0.115991123020649,0.015921737998724,1.49147117137909,0.258217424154282,1.32442915439606,7.64695072174072,49.1587829589844,3.38665056228638,0.539158940315247,0,0,
91,35.86184692,0,0,0,14.16160965,0,3.524887085,0,1.86141336,0,10.0263195,0,0.115998417139053,0.0159221980720758,1.49168765544891,0.258264869451523,1.32841444015503,7.65499639511108,49.1608276367188,3.39035964012146,0.539235711097717,0,0,
92,35.86587906,0,0,0,14.16277695,0,3.52517128,0,1.861456513,0,10.02749348,0,0.116005703806877,0.015922661870718,1.49189114570618,0.258309602737427,1.3322194814682,7.66278457641602,49.1629180908203,3.39385175704956,0.539307713508606,0,0,
93,35.86991882,0,0,0,14.16395187,0,3.52545619,0,1.861499906,0,10.02867031,0,0.116011664271355,0.015923036262393,1.4920768737793,0.258350312709808,1.3358508348465,7.67031908035278,49.1650505065918,3.39713501930237,0.539373576641083,0,0,
94,35.87395096,0,0,0,14.1651268,0,3.525740623,0,1.861543059,0,10.02984715,0,0.116017520427704,0.0159234050661325,1.49224925041199,0.258388131856918,1.33931505680084,7.67760801315308,49.1672286987305,3.40022349357605,0.539434671401978,0,0,
95,35.87597275,0,0,0,14.16570854,0,3.525882483,0,1.861564755,0,10.03043556,0,0.116022028028965,0.0159236844629049,1.49240326881409,0.258421748876572,1.34261858463287,7.68465423583984,49.1694450378418,3.40312385559082,0.539489507675171,0,0,
96,35.8800087,0,0,0,14.16687584,0,3.526167154,0,1.861608148,0,10.03161049,0,0.116026401519775,0.0159239638596773,1.49254333972931,0.258452326059341,1.34576737880707,7.69146490097046,49.1716995239258,3.40584850311279,0.539539456367493,0,0,
97,35.88202286,0,0,0,14.16746235,0,3.526309013,0,1.861629605,0,10.032197,0,0.116030782461166,0.0159242413938046,1.49267327785492,0.258480697870255,1.34876763820648,7.69804573059082,49.1739883422852,3.4084095954895,0.539585709571838,0,0,
98,35.88606262,0,0,0,14.16863632,0,3.526593685,0,1.861672878,0,10.03337479,0,0.116035148501396,0.0159245170652866,1.492795586586,0.258507460355759,1.35162532329559,7.70440483093262,49.1763114929199,3.41081786155701,0.539629101753235,0,0,
99,35.88807678,0,0,0,14.16922188,0,3.526735783,0,1.861694455,0,10.03396225,0,0.116039507091045,0.0159247945994139,1.49291217327118,0.258533120155334,1.35434627532959,7.71054744720459,49.1786689758301,3.41308379173279,0.53967022895813,0,0,
100,35.89009857,0,0,0,14.16980648,0,3.526878119,0,1.861716151,0,10.03454971,0,0.116042569279671,0.0159249827265739,1.49301588535309,0.258555859327316,1.35693621635437,7.71647834777832,49.1810531616211,3.41521024703979,0.539707064628601,0,0,
101,35.89211273,0,0,0,14.17039204,0,3.527020454,0,1.861737609,0,10.03513718,0,0.116045497357845,0.0159251671284437,1.49311017990112,0.258576452732086,1.35940051078796,7.72220373153687,49.1834678649902,3.41720676422119,0.539740681648254,0,0,
102,35.89413452,0,0,0,14.17097378,0,3.527162552,0,1.861759186,0,10.03572464,0,0.116048403084278,0.0159253515303135,1.49319732189178,0.258595526218414,1.3617445230484,7.72772932052612,49.1859130859375,3.41908192634583,0.539771735668182,0,0,
103,35.8961525,0,0,0,14.17156696,0,3.527305603,0,1.861781001,0,10.03631401,0,0.116051331162453,0.0159255377948284,1.49327945709229,0.258613497018814,1.36397337913513,7.73306226730347,49.1883811950684,3.42084407806396,0.539800822734833,0,0,
104,35.89816666,0,0,0,14.17214584,0,3.527446747,0,1.861802459,0,10.03690052,0,0.116054229438305,0.0159257221966982,1.49335753917694,0.258630692958832,1.36609208583832,7.73820734024048,49.1908798217773,3.42250061035156,0.539828360080719,0,0,
105,35.90018463,0,0,0,14.17273426,0,3.52758956,0,1.861824036,0,10.03748798,0,0.116057150065899,0.015925906598568,1.49343264102936,0.258647322654724,1.36810564994812,7.74317121505737,49.1933975219727,3.42405891418457,0.53985470533371,0,0,
106,35.90018463,0,0,0,14.17273426,0,3.52758956,0,1.861824036,0,10.03748798,0,0.116058744490147,0.0159259997308254,1.49349725246429,0.258661389350891,1.37001872062683,7.74795770645142,49.1959381103516,3.42551898956299,0.539877593517303,0,0,
107,35.90220261,0,0,0,14.17332268,0,3.527732849,0,1.861845732,0,10.03807735,0,0.116060227155685,0.015926094725728,1.49355387687683,0.258673667907715,1.37183570861816,7.75257110595703,49.1984977722168,3.42688727378845,0.539897859096527,0,0,
108,35.90422058,0,0,0,14.17390537,0,3.527874708,0,1.861867189,0,10.03866482,0,0.116063006222248,0.0159262772649527,1.49361300468445,0.258686751127243,1.37356090545654,7.75701999664307,49.2010803222656,3.42817640304565,0.539918601512909,0,0,
109,35.90422058,0,0,0,14.17390537,0,3.527874708,0,1.861867189,0,10.03866482,0,0.116064570844173,0.0159263703972101,1.49366557598114,0.258698284626007,1.37519872188568,7.76130771636963,49.2036819458008,3.42938542366028,0.539937198162079,0,0,
110,35.90623856,0,0,0,14.17449379,0,3.528017521,0,1.861888885,0,10.03925323,0,0.116066053509712,0.0159264635294676,1.49371314048767,0.258708715438843,1.37675309181213,7.7654390335083,49.2063026428223,3.43051981925964,0.53995406627655,0,0,
111,35.90623856,0,0,0,14.17449379,0,3.528017521,0,1.861888885,0,10.03925323,0,0.116067513823509,0.015926556661725,1.49375712871552,0.258718341588974,1.37822782993317,7.76942014694214,49.2089385986328,3.43158411979675,0.539969682693481,0,0,
112,35.90825653,0,0,0,14.17507553,0,3.528159618,0,1.861910462,0,10.0398407,0,0.116068966686726,0.0159266479313374,1.4937983751297,0.25872740149498,1.37962675094604,7.77325439453125,49.2115898132324,3.43258357048035,0.539984285831451,0,0,
113,35.90825653,0,0,0,14.17507553,0,3.528159618,0,1.861910462,0,10.0398407,0,0.116070427000523,0.0159267410635948,1.49383747577667,0.258736044168472,1.38095331192017,7.77694892883301,49.2142562866211,3.43352222442627,0.539998054504395,0,0,
114,35.90825653,0,0,0,14.17507553,0,3.528159618,0,1.861910462,0,10.0398407,0,0.116070561110973,0.0159267410635948,1.49386668205261,0.258742272853851,1.38221108913422,7.78050422668457,49.2169342041016,3.43439769744873,0.540008723735809,0,0,
115,35.91027069,0,0,0,14.17565823,0,3.528301239,0,1.861931801,0,10.04042721,0,0.116071879863739,0.015926830470562,1.49389696121216,0.258748888969421,1.38340318202972,7.78392696380615,49.2196273803711,3.43522071838379,0.540019512176514,0,0,
116,35.91027069,0,0,0,14.17565823,0,3.528301239,0,1.861931801,0,10.04042721,0,0.116073317825794,0.0159269236028194,1.49392783641815,0.258755743503571,1.3845329284668,7.78722286224365,49.2223320007324,3.43599486351013,0.540030360221863,0,0,
117,35.91027069,0,0,0,14.17565823,0,3.528301239,0,1.861931801,0,10.04042721,0,0.116073459386826,0.0159269254654646,1.49395084381104,0.258760690689087,1.38560330867767,7.79039335250854,49.2250442504883,3.43671727180481,0.540038764476776,0,0,
118,35.91229248,0,0,0,14.17625046,0,3.528444052,0,1.861953616,0,10.04101753,0,0.116074793040752,0.0159270167350769,1.49397659301758,0.258766382932663,1.3866171836853,7.7934455871582,49.2277679443359,3.43739748001099,0.540047824382782,0,0,
119,35.91229248,0,0,0,14.17625046,0,3.528444052,0,1.861953616,0,10.04101753,0,0.116076253354549,0.0159271098673344,1.49400424957275,0.258772611618042,1.38757729530334,7.79638385772705,49.2305068969727,3.43803811073303,0.540057361125946,0,0,
120,35.91229248,0,0,0,14.17625046,0,3.528444052,0,1.861953616,0,10.04101753,0,0.116076387465,0.0159271117299795,1.49402487277985,0.2587770819664,1.38848638534546,7.79921007156372,49.2332496643066,3.43863582611084,0.540064752101898,0,0,
121,35.91229248,0,0,0,14.17625046,0,3.528444052,0,1.861953616,0,10.04101753,0,0.116076402366161,0.0159271117299795,1.49404036998749,0.258780300617218,1.38934707641602,7.801926612854,49.2360000610352,3.43919324874878,0.540070474147797,0,0,
122,35.91431046,0,0,0,14.17683601,0,3.528586388,0,1.861975193,0,10.0416069,0,0.116077713668346,0.0159272029995918,1.49406051635742,0.258784741163254,1.39016151428223,7.80454111099243,49.2387619018555,3.43971991539001,0.540077447891235,0,0,
123,35.91431046,0,0,0,14.17683601,0,3.528586388,0,1.861975193,0,10.0416069,0,0.116079151630402,0.0159272942692041,1.49408376216888,0.258790075778961,1.39093232154846,7.80705738067627,49.241527557373,3.44021773338318,0.54008537530899,0,0,
124,35.91431046,0,0,0,14.17683601,0,3.528586388,0,1.861975193,0,10.0416069,0,0.116079285740852,0.0159272961318493,1.49410116672516,0.258793920278549,1.39166164398193,7.80947685241699,49.2442970275879,3.44068193435669,0.540091454982758,0,0,
125,35.91431046,0,0,0,14.17683601,0,3.528586388,0,1.861975193,0,10.0416069,0,0.116079308092594,0.0159272961318493,1.49411427974701,0.258796691894531,1.39235174655914,7.81180143356323,49.2470703125,3.44111490249634,0.54009622335434,0,0,
126,35.91431046,0,0,0,14.17683601,0,3.528586388,0,1.861975193,0,10.0416069,0,0.116079308092594,0.0159272961318493,1.49412381649017,0.258798688650131,1.39300429821014,7.81403493881226,49.2498512268066,3.44151878356934,0.540099918842316,0,0,
127,35.91431046,0,0,0,14.17683601,0,3.528586388,0,1.861975193,0,10.0416069,0,0.116079308092594,0.0159272961318493,1.49413108825684,0.258800119161606,1.39362144470215,7.81618118286133,49.2526359558105,3.44189548492432,0.540102779865265,0,0,
128,35.91632462,0,0,0,14.17741871,0,3.528728008,0,1.86199677,0,10.04219246,0,0.116080619394779,0.0159273874014616,1.49414491653442,0.258803248405457,1.39420473575592,7.81824588775635,49.2554244995117,3.44225335121155,0.540107488632202,0,0,
129,35.91632462,0,0,0,14.17741871,0,3.528728008,0,1.86199677,0,10.04219246,0,0.116082057356834,0.0159274786710739,1.49416375160217,0.258807629346848,1.39475619792938,7.82023239135742,49.2582168579102,3.4425938129425,0.540113627910614,0,0,
130,35.91632462,0,0,0,14.17741871,0,3.528728008,0,1.86199677,0,10.04219246,0,0.116082191467285,0.0159274805337191,1.49417757987976,0.258810788393021,1.3952775001525899,7.82214164733887,49.2610092163086,3.44291138648987,0.540118336677551,0,0,
131,35.91632462,0,0,0,14.17741871,0,3.528728008,0,1.86199677,0,10.04219246,0,0.116082206368446,0.0159274805337191,1.49418795108795,0.258813083171844,1.39577031135559,7.82397556304932,49.2638053894043,3.44320750236511,0.540122032165527,0,0,
132,35.91632462,0,0,0,14.17741871,0,3.528728008,0,1.86199677,0,10.04219246,0,0.116082206368446,0.0159274805337191,1.49419569969177,0.258814692497253,1.39623594284058,7.8257360458374,49.2666053771973,3.44348382949829,0.540124893188477,0,0,
133,35.91632462,0,0,0,14.17741871,0,3.528728008,0,1.86199677,0,10.04219246,0,0.116082206368446,0.0159274805337191,1.49420154094696,0.258815854787827,1.39667582511902,7.82742738723755,49.2694053649902,3.44374132156372,0.540127098560333,0,0,
134,35.91632462,0,0,0,14.17741871,0,3.528728008,0,1.86199677,0,10.04219246,0,0.116082206368446,0.0159274805337191,1.49420583248138,0.258816719055176,1.3970912694931,7.82905054092407,49.2722053527832,3.44398164749146,0.540128827095032,0,0,
135,35.91632462,0,0,0,14.17741871,0,3.528728008,0,1.86199677,0,10.04219246,0,0.116082206368446,0.0159274805337191,1.4942090511322,0.258817315101624,1.3974837064743,7.83060836791992,49.2750053405762,3.44420599937439,0.540130138397217,0,0,
136,35.91632462,0,0,0,14.17741871,0,3.528728008,0,1.86199677,0,10.04219246,0,0.116082206368446,0.0159274805337191,1.49421143531799,0.258817762136459,1.39785408973694,7.83210468292236,49.2778053283691,3.44441485404968,0.540131151676178,0,0,
137,35.91632462,0,0,0,14.17741871,0,3.528728008,0,1.86199677,0,10.04219246,0,0.116082206368446,0.0159274805337191,1.49421322345734,0.258818089962006,1.39820373058319,7.83354043960571,49.2806015014648,3.44460964202881,0.540131986141205,0,0,
138,35.91632462,0,0,0,14.17741871,0,3.528728008,0,1.86199677,0,10.04219246,0,0.116082206368446,0.0159274805337191,1.49421453475952,0.258818328380585,1.39853370189667,7.83491802215576,49.2834014892578,3.44479155540466,0.540132582187653,0,0,
139,35.91632462,0,0,0,14.17741871,0,3.528728008,0,1.86199677,0,10.04219246,0,0.116082206368446,0.0159274805337191,1.49421560764313,0.258818477392197,1.39884495735168,7.83624076843262,49.2862014770508,3.44496130943298,0.540133059024811,0,0,
140,35.91632462,0,0,0,14.17741871,0,3.528728008,0,1.86199677,0,10.04219246,0,0.116082206368446,0.0159274805337191,1.49421644210815,0.258818626403809,1.39913868904114,7.8375096321106,49.2889976501465,3.44511961936951,0.540133416652679,0,0,
141,35.91632462,0,0,0,14.17741871,0,3.528728008,0,1.86199677,0,10.04219246,0,0.116082206368446,0.0159274805337191,1.49421691894531,0.258818686008453,1.39941561222076,7.83872699737549,49.2917938232422,3.44526720046997,0.540133714675903,0,0,
142,35.91834259,0,0,0,14.17801094,0,3.528870821,0,1.862018228,0,10.04278088,0,0.116083540022373,0.0159275718033314,1.49422585964203,0.258820861577988,1.39967679977417,7.83989858627319,49.2945861816406,3.44541120529175,0.540136516094208,0,0,
143,35.91834259,0,0,0,14.17801094,0,3.528870821,0,1.862018228,0,10.04278088,0,0.116084977984428,0.0159276630729437,1.4942409992218,0.258824557065964,1.39992332458496,7.84102535247803,49.2973747253418,3.445552110672,0.540141224861145,0,0,
144,35.91834259,0,0,0,14.17801094,0,3.528870821,0,1.862018228,0,10.04278088,0,0.116085112094879,0.0159276649355888,1.49425232410431,0.258827239274979,1.40015590190887,7.84210729598999,49.300163269043,3.44568347930908,0.540144860744476,0,0,
145,35.91834259,0,0,0,14.17801094,0,3.528870821,0,1.862018228,0,10.04278088,0,0.11608511954546,0.0159276649355888,1.49426078796387,0.258829146623611,1.40037548542023,7.84314584732056,49.3029479980469,3.44580602645874,0.540147662162781,0,0,
146,35.91834259,0,0,0,14.17801094,0,3.528870821,0,1.862018228,0,10.04278088,0,0.116085134446621,0.0159276649355888,1.49426710605621,0.258830517530441,1.40058279037476,7.84414196014404,49.3057327270508,3.44592046737671,0.540149807929993,0,0,
147,35.91834259,0,0,0,14.17801094,0,3.528870821,0,1.862018228,0,10.04278088,0,0.116085134446621,0.0159276649355888,1.49427175521851,0.258831530809402,1.40077829360962,7.8450984954834,49.3085136413574,3.44602704048157,0.540151476860046,0,0,
148,35.91834259,0,0,0,14.17801094,0,3.528870821,0,1.862018228,0,10.04278088,0,0.116085134446621,0.0159276649355888,1.4942752122879,0.25883224606514,1.40096271038055,7.84601545333862,49.3112907409668,3.44612646102905,0.540152788162231,0,0,
149,35.91834259,0,0,0,14.17801094,0,3.528870821,0,1.862018228,0,10.04278088,0,0.116085134446621,0.0159276649355888,1.49427771568298,0.25883275270462,1.4011367559433,7.84689521789551,49.3140640258789,3.44621920585632,0.540153801441193,0,0,
150,35.91834259,0,0,0,14.17801094,0,3.528870821,0,1.862018228,0,10.04278088,0,0.116085134446621,0.0159276649355888,1.49427962303162,0.258833140134811,1.40130078792572,7.84773969650269,49.3168334960938,3.44630575180054,0.540154576301575,0,0,
151,35.91834259,0,0,0,14.17801094,0,3.528870821,0,1.862018228,0,10.04278088,0,0.116085134446621,0.0159276649355888,1.49428117275238,0.258833408355713,1.40145552158356,7.84854888916016,49.3195991516113,3.44638657569885,0.540155172348022,0,0,
152,35.91834259,0,0,0,14.17801094,0,3.528870821,0,1.862018228,0,10.04278088,0,0.116085134446621,0.0159276649355888,1.49428224563599,0.258833587169647,1.40160119533539,7.84932422637939,49.3223571777344,3.44646191596985,0.540155649185181,0,0,
153,35.91834259,0,0,0,14.17801094,0,3.528870821,0,1.862018228,0,10.04278088,0,0.116085134446621,0.0159276649355888,1.49428308010101,0.258833736181259,1.40173864364624,7.85006856918335,49.3251152038574,3.44653224945068,0.540156006813049,0,0,
154,35.91834259,0,0,0,14.17801094,0,3.528870821,0,1.862018228,0,10.04278088,0,0.116085134446621,0.0159276649355888,1.49428379535675,0.258833825588226,1.40186810493469,7.85078144073486,49.3278694152832,3.44659757614136,0.540156304836273,0,0,
155,35.91834259,0,0,0,14.17801094,0,3.528870821,0,1.862018228,0,10.04278088,0,0.116085134446621,0.0159276649355888,1.49428427219391,0.258833914995193,1.4019900560379,7.85146522521973,49.3306159973145,3.44665861129761,0.540156483650208,0,0,
156,35.91834259,0,0,0,14.17801094,0,3.528870821,0,1.862018228,0,10.04278088,0,0.116085134446621,0.0159276649355888,1.49428462982178,0.258833974599838,1.40210485458374,7.8521203994751,49.3333587646484,3.44671559333801,0.540156722068787,0,0,
157,35.91834259,0,0,0,14.17801094,0,3.528870821,0,1.862018228,0,10.04278088,0,0.116085134446621,0.0159276649355888,1.49428498744965,0.258834004402161,1.40221309661865,7.85274887084961,49.3360939025879,3.44676876068115,0.540156841278076,0,0,
158,35.91834259,0,0,0,14.17801094,0,3.528870821,0,1.862018228,0,10.04278088,0,0.116085134446621,0.0159276649355888,1.49428510665894,0.258834034204483,1.40231502056122,7.85335111618042,49.3388252258301,3.44681811332703,0.540156900882721,0,0,
159,35.91834259,0,0,0,14.17801094,0,3.528870821,0,1.862018228,0,10.04278088,0,0.116085134446621,0.0159276649355888,1.49428534507751,0.258834064006805,1.40241098403931,7.853928565979,49.341552734375,3.44686436653137,0.540157020092011,0,0,
160,35.91834259,0,0,0,14.17801094,0,3.528870821,0,1.862018228,0,10.04278088,0,0.116085134446621,0.0159276649355888,1.4942854642868,0.258834064006805,1.40250134468079,7.85448169708252,49.3442726135254,3.44690752029419,0.5401571393013,0,0,
161,35.91834259,0,0,0,14.17801094,0,3.528870821,0,1.862018228,0,10.04278088,0,0.116085134446621,0.0159276649355888,1.4942854642868,0.258834064006805,1.40258634090424,7.85501146316528,49.3469848632813,3.44694781303406,0.5401571393013,0,0,
162,35.91834259,0,0,0,14.17801094,0,3.528870821,0,1.862018228,0,10.04278088,0,0.116085134446621,0.0159276649355888,1.4942854642868,0.258834064006805,1.40266633033752,7.85551929473877,49.3496932983398,3.44698524475098,0.5401571393013,0,0,
163,35.91834259,0,0,0,14.17801094,0,3.528870821,0,1.862018228,0,10.04278088,0,0.116085134446621,0.0159276649355888,1.4942854642868,0.258834064006805,1.40274167060852,7.85600614547729,49.3523941040039,3.44702005386353,0.5401571393013,0,0,
164,35.91834259,0,0,0,14.17801094,0,3.528870821,0,1.862018228,0,10.04278088,0,0.116085134446621,0.0159276649355888,1.4942854642868,0.258834064006805,1.40281248092651,7.85647296905518,49.3550910949707,3.44705271720886,0.5401571393013,0,0,
165,35.91834259,0,0,0,14.17801094,0,3.528870821,0,1.862018228,0,10.04278088,0,0.116085134446621,0.0159276649355888,1.4942854642868,0.258834064006805,1.40287911891937,7.85691928863525,49.357780456543,3.44708299636841,0.5401571393013,0,0,
166,35.91834259,0,0,0,14.17801094,0,3.528870821,0,1.862018228,0,10.04278088,0,0.116085134446621,0.0159276649355888,1.4942854642868,0.258834064006805,1.40294182300568,7.85734701156616,49.3604621887207,3.44711136817932,0.5401571393013,0,0,
167,35.91834259,0,0,0,14.17801094,0,3.528870821,0,1.862018228,0,10.04278088,0,0.116085134446621,0.0159276649355888,1.4942854642868,0.258834064006805,1.403000831604,7.85775756835938,49.3631401062012,3.44713807106018,0.5401571393013,0,0,
168,35.91834259,0,0,0,14.17801094,0,3.528870821,0,1.862018228,0,10.04278088,0,0.116085134446621,0.0159276649355888,1.4942854642868,0.258834064006805,1.40305626392365,7.85815048217773,49.3658103942871,3.44716286659241,0.5401571393013,0,0,
169,35.91834259,0,0,0,14.17801094,0,3.528870821,0,1.862018228,0,10.04278088,0,0.116085134446621,0.0159276649355888,1.4942854642868,0.258834064006805,1.40310847759247,7.85852670669556,49.3684730529785,3.44718599319458,0.5401571393013,0,0,
170,35.91834259,0,0,0,14.17801094,0,3.528870821,0,1.862018228,0,10.04278088,0,0.116085134446621,0.0159276649355888,1.4942854642868,0.258834064006805,1.40315759181976,7.85888767242432,49.3711318969727,3.4472074508667,0.5401571393013,0,0,
171,35.91834259,0,0,0,14.17801094,0,3.528870821,0,1.862018228,0,10.04278088,0,0.116085134446621,0.0159276649355888,1.4942854642868,0.258834064006805,1.40320372581482,7.85923337936401,49.3737831115723,3.44722747802734,0.5401571393013,0,0,
172,35.91834259,0,0,0,14.17801094,0,3.528870821,0,1.862018228,0,10.04278088,0,0.116085134446621,0.0159276649355888,1.4942854642868,0.258834064006805,1.40324711799622,7.85956430435181,49.3764266967773,3.44724607467651,0.5401571393013,0,0,
173,35.91834259,0,0,0,14.17801094,0,3.528870821,0,1.862018228,0,10.04278088,0,0.116085134446621,0.0159276649355888,1.4942854642868,0.258834064006805,1.40328788757324,7.85988140106201,49.3790626525879,3.44726347923279,0.5401571393013,0,0,
174,35.91834259,0,0,0,14.17801094,0,3.528870821,0,1.862018228,0,10.04278088,0,0.116085134446621,0.0159276649355888,1.4942854642868,0.258834064006805,1.40332615375519,7.86018514633179,49.3816947937012,3.44727969169617,0.5401571393013,0,0,
175,35.91834259,0,0,0,14.17801094,0,3.528870821,0,1.862018228,0,10.04278088,0,0.116085134446621,0.0159276649355888,1.4942854642868,0.258834064006805,1.40336215496063,7.86047554016113,49.3843193054199,3.44729495048523,0.5401571393013,0,0,
176,35.91834259,0,0,0,14.17801094,0,3.528870821,0,1.862018228,0,10.04278088,0,0.116085134446621,0.0159276649355888,1.4942854642868,0.258834064006805,1.40339589118958,7.86075401306152,49.3869361877441,3.4473090171814,0.5401571393013,0,0,
177,35.91834259,0,0,0,14.17801094,0,3.528870821,0,1.862018228,0,10.04278088,0,0.116085134446621,0.0159276649355888,1.4942854642868,0.258834064006805,1.4034276008606,7.86102104187012,49.3895454406738,3.44732213020325,0.5401571393013,0,0,
178,35.91834259,0,0,0,14.17801094,0,3.528870821,0,1.862018228,0,10.04278088,0,0.116085134446621,0.0159276649355888,1.4942854642868,0.258834064006805,1.40345752239227,7.86127614974976,49.392147064209,3.44733428955078,0.5401571393013,0,0,
179,35.91834259,0,0,0,14.17801094,0,3.528870821,0,1.862018228,0,10.04278088,0,0.116085134446621,0.0159276649355888,1.4942854642868,0.258834064006805,1.40348553657532,7.86152076721191,49.3947448730469,3.44734597206116,0.5401571393013,0,0,
180,35.91834259,0,0,0,14.17801094,0,3.528870821,0,1.862018228,0,10.04278088,0,0.116085134446621,0.0159276649355888,1.4942854642868,0.258834064006805,1.40351188182831,7.86175489425659,49.397331237793,3.44735670089722,0.5401571393013,0,0,
181,35.91834259,0,0,0,14.17801094,0,3.528870821,0,1.862018228,0,10.04278088,0,0.116085134446621,0.0159276649355888,1.4942854642868,0.258834064006805,1.40353667736053,7.86197900772095,49.3999099731445,3.44736671447754,0.5401571393013,0,0,
182,35.91834259,0,0,0,14.17801094,0,3.528870821,0,1.862018228,0,10.04278088,0,0.116085134446621,0.0159276649355888,1.4942854642868,0.258834064006805,1.40355980396271,7.86219358444214,49.4024848937988,3.44737601280212,0.5401571393013,0,0,
183,35.91834259,0,0,0,14.17801094,0,3.528870821,0,1.862018228,0,10.04278088,0,0.116085134446621,0.0159276649355888,1.4942854642868,0.258834064006805,1.4035816192627,7.86239957809448,49.4050521850586,3.44738459587097,0.5401571393013,0,0,
184,35.91834259,0,0,0,14.17801094,0,3.528870821,0,1.862018228,0,10.04278088,0,0.116085134446621,0.0159276649355888,1.4942854642868,0.258834064006805,1.4036021232605,7.86259603500366,49.4076080322266,3.44739270210266,0.5401571393013,0,0,
185,35.91834259,0,0,0,14.17801094,0,3.528870821,0,1.862018228,0,10.04278088,0,0.116085134446621,0.0159276649355888,1.4942854642868,0.258834064006805,1.40362131595612,7.86278390884399,49.4101600646973,3.44740033149719,0.5401571393013,0,0,
186,35.91834259,0,0,0,14.17801094,0,3.528870821,0,1.862018228,0,10.04278088,0,0.116085134446621,0.0159276649355888,1.4942854642868,0.258834064006805,1.40363943576813,7.86296463012695,49.4127044677734,3.44740748405457,0.5401571393013,0,0,
187,35.91834259,0,0,0,14.17801094,0,3.528870821,0,1.862018228,0,10.04278088,0,0.116085134446621,0.0159276649355888,1.4942854642868,0.258834064006805,1.40365636348724,7.86313819885254,49.4152412414551,3.44741415977478,0.5401571393013,0,0,
188,35.91834259,0,0,0,14.17801094,0,3.528870821,0,1.862018228,0,10.04278088,0,0.116085134446621,0.0159276649355888,1.4942854642868,0.258834064006805,1.40367221832275,7.86330366134644,49.4177742004395,3.44742035865784,0.5401571393013,0,0,
189,35.91834259,0,0,0,14.17801094,0,3.528870821,0,1.862018228,0,10.04278088,0,0.116085134446621,0.0159276649355888,1.4942854642868,0.258834064006805,1.40368711948395,7.86346197128296,49.420295715332,3.44742608070374,0.5401571393013,0,0,
190,35.91834259,0,0,0,14.17801094,0,3.528870821,0,1.862018228,0,10.04278088,0,0.116085134446621,0.0159276649355888,1.4942854642868,0.258834064006805,1.40370106697083,7.86361408233643,49.4228096008301,3.44743132591248,0.5401571393013,0,0,
191,35.91834259,0,0,0,14.17801094,0,3.528870821,0,1.862018228,0,10.04278088,0,0.116085134446621,0.0159276649355888,1.4942854642868,0.258834064006805,1.40371429920197,7.86375951766968,49.4253158569336,3.44743633270264,0.5401571393013,0,0,
192,35.91834259,0,0,0,14.17801094,0,3.528870821,0,1.862018228,0,10.04278088,0,0.116085134446621,0.0159276649355888,1.4942854642868,0.258834064006805,1.40372657775879,7.86389827728271,49.4278182983398,3.44744110107422,0.5401571393013,0,0,
193,35.91834259,0,0,0,14.17801094,0,3.528870821,0,1.862018228,0,10.04278088,0,0.116085134446621,0.0159276649355888,1.4942854642868,0.258834064006805,1.40373814105988,7.86403131484985,49.4303131103516,3.44744539260864,0.5401571393013,0,0,
194,35.91834259,0,0,0,14.17801094,0,3.528870821,0,1.862018228,0,10.04278088,0,0.116085134446621,0.0159276649355888,1.4942854642868,0.258834064006805,1.40374910831451,7.86415910720825,49.4328002929688,3.44744944572449,0.5401571393013,0,0,
195,35.91834259,0,0,0,14.17801094,0,3.528870821,0,1.862018228,0,10.04278088,0,0.116085134446621,0.0159276649355888,1.4942854642868,0.258834064006805,1.40375936031342,7.86428117752075,49.4352760314941,3.44745326042175,0.5401571393013,0,0,
196,35.91834259,0,0,0,14.17801094,0,3.528870821,0,1.862018228,0,10.04278088,0,0.116085134446621,0.0159276649355888,1.4942854642868,0.258834064006805,1.40376901626587,7.86439800262451,49.437744140625,3.44745683670044,0.5401571393013,0,0,
197,35.91834259,0,0,0,14.17801094,0,3.528870821,0,1.862018228,0,10.04278088,0,0.116085134446621,0.0159276649355888,1.4942854642868,0.258834064006805,1.40377807617188,7.86450958251953,49.4402046203613,3.44746017456055,0.5401571393013,0,0,
198,35.91834259,0,0,0,14.17801094,0,3.528870821,0,1.862018228,0,10.04278088,0,0.116085134446621,0.0159276649355888,1.4942854642868,0.258834064006805,1.40378654003143,7.86461639404297,49.4426612854004,3.44746327400208,0.5401571393013,0,0,
199,35.91834259,0,0,0,14.17801094,0,3.528870821,0,1.862018228,0,10.04278088,0,0.116085134446621,0.0159276649355888,1.4942854642868,0.258834064006805,1.40379440784454,7.86471891403198,49.4451103210449,3.44746613502502,0.5401571393013,0,0,
200,35.91834259,0,0,0,14.17801094,0,3.528870821,0,1.862018228,0,10.04278088,0,0.116085134446621,0.0159276649355888,1.4942854642868,0.258834064006805,1.4038017988205,7.86481618881226,49.4475517272949,3.44746875762939,0.5401571393013,0,0,
201,35.91834259,0,0,0,14.17801094,0,3.528870821,0,1.862018228,0,10.04278088,0,0.116085134446621,0.0159276649355888,1.4942854642868,0.258834064006805,1.40380871295929,7.86491012573242,49.4499855041504,3.44747138023376,0.5401571393013,0,0,
202,35.91834259,0,0,0,14.17801094,0,3.528870821,0,1.862018228,0,10.04278088,0,0.116085134446621,0.0159276649355888,1.4942854642868,0.258834064006805,1.40381526947021,7.86499929428101,49.4524116516113,3.44747352600098,0.5401571393013,0,0,
203,35.91834259,0,0,0,14.17801094,0,3.528870821,0,1.862018228,0,10.04278088,0,0.116085134446621,0.0159276649355888,1.4942854642868,0.258834064006805,1.40382134914398,7.86508512496948,49.4548263549805,3.44747567176819,0.5401571393013,0,0,
204,35.91834259,0,0,0,14.17801094,0,3.528870821,0,1.862018228,0,10.04278088,0,0.116085134446621,0.0159276649355888,1.4942854642868,0.258834064006805,1.40382707118988,7.86516714096069,49.4572372436523,3.4474778175354,0.5401571393013,0,0,
205,35.91834259,0,0,0,14.17801094,0,3.528870821,0,1.862018228,0,10.04278088,0,0.116085134446621,0.0159276649355888,1.4942854642868,0.258834064006805,1.40383243560791,7.8652458190918,49.4596405029297,3.44747948646545,0.5401571393013,0,0,
206,35.91834259,0,0,0,14.17801094,0,3.528870821,0,1.862018228,0,10.04278088,0,0.116085134446621,0.0159276649355888,1.4942854642868,0.258834064006805,1.40383744239807,7.86532115936279,49.4620361328125,3.44748115539551,0.5401571393013,0,0,
207,35.91834259,0,0,0,14.17801094,0,3.528870821,0,1.862018228,0,10.04278088,0,0.116085134446621,0.0159276649355888,1.4942854642868,0.258834064006805,1.40384209156036,7.86539316177368,49.4644241333008,3.44748282432556,0.5401571393013,0,0,
208,35.91834259,0,0,0,14.17801094,0,3.528870821,0,1.862018228,0,10.04278088,0,0.116085134446621,0.0159276649355888,1.4942854642868,0.258834064006805,1.40384650230408,7.8654613494873,49.4668045043945,3.44748449325562,0.5401571393013,0,0,
209,35.91834259,0,0,0,14.17801094,0,3.528870821,0,1.862018228,0,10.04278088,0,0.116085134446621,0.0159276649355888,1.4942854642868,0.258834064006805,1.40385067462921,7.86552715301514,49.4691772460938,3.44748568534851,0.5401571393013,0,0,
210,35.91834259,0,0,0,14.17801094,0,3.528870821,0,1.862018228,0,10.04278088,0,0.116085134446621,0.0159276649355888,1.4942854642868,0.258834064006805,1.40385448932648,7.86559057235718,49.4715423583984,3.44748687744141,0.5401571393013,0,0,
211,35.91834259,0,0,0,14.17801094,0,3.528870821,0,1.862018228,0,10.04278088,0,0.116085134446621,0.0159276649355888,1.4942854642868,0.258834064006805,1.40385818481445,7.86565065383911,49.4738998413086,3.4474880695343,0.5401571393013,0,0,
212,35.91834259,0,0,0,14.17801094,0,3.528870821,0,1.862018228,0,10.04278088,0,0.116085134446621,0.0159276649355888,1.4942854642868,0.258834064006805,1.40386152267456,7.8657078742981,49.4762496948242,3.4474892616272,0.5401571393013,0,0,
213,35.91834259,0,0,0,14.17801094,0,3.528870821,0,1.862018228,0,10.04278088,0,0.116085134446621,0.0159276649355888,1.4942854642868,0.258834064006805,1.40386462211609,7.86576223373413,49.4785919189453,3.44749045372009,0.5401571393013,0,0,
214,35.91834259,0,0,0,14.17801094,0,3.528870821,0,1.862018228,0,10.04278088,0,0.116085134446621,0.0159276649355888,1.4942854642868,0.258834064006805,1.40386772155762,7.86581468582153,49.4809303283691,3.44749164581299,0.5401571393013,0,0,
215,35.91834259,0,0,0,14.17801094,0,3.528870821,0,1.862018228,0,10.04278088,0,0.116085134446621,0.0159276649355888,1.4942854642868,0.258834064006805,1.40387058258057,7.8658652305603,49.4832611083984,3.44749236106873,0.5401571393013,0,0,
216,35.91834259,0,0,0,14.17801094,0,3.528870821,0,1.862018228,0,10.04278088,0,0.116085134446621,0.0159276649355888,1.4942854642868,0.258834064006805,1.40387320518494,7.86591339111328,49.4855842590332,3.44749307632446,0.5401571393013,0,0,
217,35.91834259,0,0,0,14.17801094,0,3.528870821,0,1.862018228,0,10.04278088,0,0.116085134446621,0.0159276649355888,1.4942854642868,0.258834064006805,1.40387558937073,7.86595964431763,49.4878997802734,3.4474937915802,0.5401571393013,0,0,
218,35.91834259,0,0,0,14.17801094,0,3.528870821,0,1.862018228,0,10.04278088,0,0.116085134446621,0.0159276649355888,1.4942854642868,0.258834064006805,1.40387797355652,7.86600399017334,49.4902076721191,3.44749450683594,0.5401571393013,0,0,
219,35.91834259,0,0,0,14.17801094,0,3.528870821,0,1.862018228,0,10.04278088,0,0.116085134446621,0.0159276649355888,1.4942854642868,0.258834064006805,1.40388011932373,7.86604595184326,49.4925079345703,3.44749522209167,0.5401571393013,0,0,
220,35.91834259,0,0,0,14.17801094,0,3.528870821,0,1.862018228,0,10.04278088,0,0.116085134446621,0.0159276649355888,1.4942854642868,0.258834064006805,1.40388214588165,7.86608600616455,49.494800567627,3.44749593734741,0.5401571393013,0,0,
221,35.91834259,0,0,0,14.17801094,0,3.528870821,0,1.862018228,0,10.04278088,0,0.116085134446621,0.0159276649355888,1.4942854642868,0.258834064006805,1.40388405323029,7.86612462997437,49.4970855712891,3.44749665260315,0.5401571393013,0,0,
222,35.91834259,0,0,0,14.17801094,0,3.528870821,0,1.862018228,0,10.04278088,0,0.116085134446621,0.0159276649355888,1.4942854642868,0.258834064006805,1.40388584136963,7.86616182327271,49.4993629455566,3.44749736785889,0.5401571393013,0,0,
223,35.91834259,0,0,0,14.17801094,0,3.528870821,0,1.862018228,0,10.04278088,0,0.116085134446621,0.0159276649355888,1.4942854642868,0.258834064006805,1.40388751029968,7.86619758605957,49.5016326904297,3.44749784469604,0.5401571393013,0,0,
224,35.91834259,0,0,0,14.17801094,0,3.528870821,0,1.862018228,0,10.04278088,0,0.116085134446621,0.0159276649355888,1.4942854642868,0.258834064006805,1.40388906002045,7.86623096466064,49.5038948059082,3.4474983215332,0.5401571393013,0,0,
225,35.91834259,0,0,0,14.17801094,0,3.528870821,0,1.862018228,0,10.04278088,0,0.116085134446621,0.0159276649355888,1.4942854642868,0.258834064006805,1.40389049053192,7.86626291275024,49.5061492919922,3.44749879837036,0.5401571393013,0,0,
226,35.91834259,0,0,0,14.17801094,0,3.528870821,0,1.862018228,0,10.04278088,0,0.116085134446621,0.0159276649355888,1.4942854642868,0.258834064006805,1.40389180183411,7.86629390716553,49.5083961486816,3.44749927520752,0.5401571393013,0,0,
227,35.91834259,0,0,0,14.17801094,0,3.528870821,0,1.862018228,0,10.04278088,0,0.116085134446621,0.0159276649355888,1.4942854642868,0.258834064006805,1.40389311313629,7.86632299423218,49.5106353759766,3.4474995136261,0.5401571393013,0,0,
228,35.91834259,0,0,0,14.17801094,0,3.528870821,0,1.862018228,0,10.04278088,0,0.116085134446621,0.0159276649355888,1.4942854642868,0.258834064006805,1.40389430522919,7.86635160446167,49.512866973877,3.44749975204468,0.5401571393013,0,0,
229,35.91834259,0,0,0,14.17801094,0,3.528870821,0,1.862018228,0,10.04278088,0,0.116085134446621,0.0159276649355888,1.4942854642868,0.258834064006805,1.40389537811279,7.86637878417969,49.5150909423828,3.44749999046326,0.5401571393013,0,0,
230,35.91834259,0,0,0,14.17801094,0,3.528870821,0,1.862018228,0,10.04278088,0,0.116085134446621,0.0159276649355888,1.4942854642868,0.258834064006805,1.4038964509964,7.86640405654907,49.5173072814941,3.44750022888184,0.5401571393013,0,0,
231,35.91834259,0,0,0,14.17801094,0,3.528870821,0,1.862018228,0,10.04278088,0,0.116085134446621,0.0159276649355888,1.4942854642868,0.258834064006805,1.40389740467072,7.8664288520813,49.5195198059082,3.44750046730042,0.5401571393013,0,0,
232,35.91834259,0,0,0,14.17801094,0,3.528870821,0,1.862018228,0,10.04278088,0,0.116085134446621,0.0159276649355888,1.4942854642868,0.258834064006805,1.40389823913574,7.86645269393921,49.5217247009277,3.44750070571899,0.5401571393013,0,0,
233,35.91834259,0,0,0,14.17801094,0,3.528870821,0,1.862018228,0,10.04278088,0,0.116085134446621,0.0159276649355888,1.4942854642868,0.258834064006805,1.40389907360077,7.86647510528564,49.5239219665527,3.44750094413757,0.5401571393013,0,0,
234,35.91834259,0,0,0,14.17801094,0,3.528870821,0,1.862018228,0,10.04278088,0,0.116085134446621,0.0159276649355888,1.4942854642868,0.258834064006805,1.4038999080658,7.86649703979492,49.5261154174805,3.44750118255615,0.5401571393013,0,0,
235,35.91834259,0,0,0,14.17801094,0,3.528870821,0,1.862018228,0,10.04278088,0,0.116085134446621,0.0159276649355888,1.4942854642868,0.258834064006805,1.40390074253082,7.86651849746704,49.5283012390137,3.44750142097473,0.5401571393013,0,0,
236,35.91834259,0,0,0,14.17801094,0,3.528870821,0,1.862018228,0,10.04278088,0,0.116085134446621,0.0159276649355888,1.4942854642868,0.258834064006805,1.40390145778656,7.86653852462769,49.5304794311523,3.44750165939331,0.5401571393013,0,0,
237,35.91834259,0,0,0,14.17801094,0,3.528870821,0,1.862018228,0,10.04278088,0,0.116085134446621,0.0159276649355888,1.4942854642868,0.258834064006805,1.4039021730423,7.86655712127686,49.5326499938965,3.44750189781189,0.5401571393013,0,0,
238,35.91834259,0,0,0,14.17801094,0,3.528870821,0,1.862018228,0,10.04278088,0,0.116085134446621,0.0159276649355888,1.4942854642868,0.258834064006805,1.40390276908875,7.86657571792603,49.5348129272461,3.44750213623047,0.5401571393013,0,0,
239,35.91834259,0,0,0,14.17801094,0,3.528870821,0,1.862018228,0,10.04278088,0,0.116085134446621,0.0159276649355888,1.4942854642868,0.258834064006805,1.40390336513519,7.86659288406372,49.5369682312012,3.44750237464905,0.5401571393013,0,0,
240,35.91834259,0,0,0,14.17801094,0,3.528870821,0,1.862018228,0,10.04278088,0,0.116085134446621,0.0159276649355888,1.4942854642868,0.258834064006805,1.40390396118164,7.86660957336426,49.5391159057617,3.44750261306763,0.5401571393013,0,0,
241,35.91834259,0,0,0,14.17801094,0,3.528870821,0,1.862018228,0,10.04278088,0,0.116085134446621,0.0159276649355888,1.4942854642868,0.258834064006805,1.4039044380188,7.86662578582764,49.5412559509277,3.44750285148621,0.5401571393013,0,0,
242,35.91834259,0,0,0,14.17801094,0,3.528870821,0,1.862018228,0,10.04278088,0,0.116085134446621,0.0159276649355888,1.4942854642868,0.258834064006805,1.40390491485596,7.8666410446167,49.5433921813965,3.44750308990479,0.5401571393013,0,0,
243,35.91834259,0,0,0,14.17801094,0,3.528870821,0,1.862018228,0,10.04278088,0,0.116085134446621,0.0159276649355888,1.4942854642868,0.258834064006805,1.40390539169312,7.8666558265686,49.5455207824707,3.44750332832336,0.5401571393013,0,0,
244,35.91834259,0,0,0,14.17801094,0,3.528870821,0,1.862018228,0,10.04278088,0,0.116085134446621,0.0159276649355888,1.4942854642868,0.258834064006805,1.40390574932098,7.86666965484619,49.5476417541504,3.44750356674194,0.5401571393013,0,0,
245,35.91834259,0,0,0,14.17801094,0,3.528870821,0,1.862018228,0,10.04278088,0,0.116085134446621,0.0159276649355888,1.4942854642868,0.258834064006805,1.40390610694885,7.86668348312378,49.5497550964355,3.44750380516052,0.5401571393013,0,0,
246,35.91834259,0,0,0,14.17801094,0,3.528870821,0,1.862018228,0,10.04278088,0,0.116085134446621,0.0159276649355888,1.4942854642868,0.258834064006805,1.40390646457672,7.86669635772705,49.5518608093262,3.4475040435791,0.5401571393013,0,0,
247,35.91834259,0,0,0,14.17801094,0,3.528870821,0,1.862018228,0,10.04278088,0,0.116085134446621,0.0159276649355888,1.4942854642868,0.258834064006805,1.40390682220459,7.86670875549316,49.5539588928223,3.44750428199768,0.5401571393013,0,0,
248,35.91834259,0,0,0,14.17801094,0,3.528870821,0,1.862018228,0,10.04278088,0,0.116085134446621,0.0159276649355888,1.4942854642868,0.258834064006805,1.40390706062317,7.86672067642212,49.5560531616211,3.44750428199768,0.5401571393013,0,0,
249,35.91834259,0,0,0,14.17801094,0,3.528870821,0,1.862018228,0,10.04278088,0,0.116085134446621,0.0159276649355888,1.4942854642868,0.258834064006805,1.40390729904175,7.86673164367676,49.5581398010254,3.44750428199768,0.5401571393013,0,0,
250,35.91834259,0,0,0,14.17801094,0,3.528870821,0,1.862018228,0,10.04278088,0,0.116085134446621,0.0159276649355888,1.4942854642868,0.258834064006805,1.40390753746033,7.8667426109314,49.5602188110352,3.44750428199768,0.5401571393013,0,0,
251,35.91834259,0,0,0,14.17801094,0,3.528870821,0,1.862018228,0,10.04278088,0,0.116085134446621,0.0159276649355888,1.4942854642868,0.258834064006805,1.40390777587891,7.86675262451172,49.5622901916504,3.44750428199768,0.5401571393013,0,0,
252,35.91834259,0,0,0,14.17801094,0,3.528870821,0,1.862018228,0,10.04278088,0,0.116085134446621,0.0159276649355888,1.4942854642868,0.258834064006805,1.40390801429749,7.86676263809204,49.5643539428711,3.44750428199768,0.5401571393013,0,0,
253,35.91834259,0,0,0,14.17801094,0,3.528870821,0,1.862018228,0,10.04278088,0,0.116085134446621,0.0159276649355888,1.4942854642868,0.258834064006805,1.40390825271606,7.86677169799805,49.5664138793945,3.44750428199768,0.5401571393013,0,0,
254,35.91834259,0,0,0,14.17801094,0,3.528870821,0,1.862018228,0,10.04278088,0,0.116085134446621,0.0159276649355888,1.4942854642868,0.258834064006805,1.40390849113464,7.86678075790405,49.5684661865234,3.44750428199768,0.5401571393013,0,0,
255,35.91834259,0,0,0,14.17801094,0,3.528870821,0,1.862018228,0,10.04278088,0,0.116085134446621,0.0159276649355888,1.4942854642868,0.258834064006805,1.40390861034393,7.86678886413574,49.5705108642578,3.44750428199768,0.5401571393013,0,0,
256,35.91834259,0,0,0,14.17801094,0,3.528870821,0,1.862018228,0,10.04278088,0,0.116085134446621,0.0159276649355888,1.4942854642868,0.258834064006805,1.40390872955322,7.86679697036743,49.5725479125977,3.44750428199768,0.5401571393013,0,0,
257,35.91834259,0,0,0,14.17801094,0,3.528870821,0,1.862018228,0,10.04278088,0,0.116085134446621,0.0159276649355888,1.4942854642868,0.258834064006805,1.40390884876251,7.86680459976196,49.574577331543,3.44750428199768,0.5401571393013,0,0,
258,35.91834259,0,0,0,14.17801094,0,3.528870821,0,1.862018228,0,10.04278088,0,0.116085134446621,0.0159276649355888,1.4942854642868,0.258834064006805,1.4039089679718,7.86681175231934,49.576602935791,3.44750428199768,0.5401571393013,0,0,
259,35.91834259,0,0,0,14.17801094,0,3.528870821,0,1.862018228,0,10.04278088,0,0.116085134446621,0.0159276649355888,1.4942854642868,0.258834064006805,1.40390908718109,7.86681890487671,49.5786209106445,3.44750428199768,0.5401571393013,0,0,
260,35.91834259,0,0,0,14.17801094,0,3.528870821,0,1.862018228,0,10.04278088,0,0.116085134446621,0.0159276649355888,1.4942854642868,0.258834064006805,1.40390920639038,7.86682558059692,49.5806312561035,3.44750428199768,0.5401571393013,0,0,
261,35.91834259,0,0,0,14.17801094,0,3.528870821,0,1.862018228,0,10.04278088,0,0.116085134446621,0.0159276649355888,1.4942854642868,0.258834064006805,1.40390932559967,7.86683177947998,49.582633972168,3.44750428199768,0.5401571393013,0,0,
262,35.91834259,0,0,0,14.17801094,0,3.528870821,0,1.862018228,0,10.04278088,0,0.116085134446621,0.0159276649355888,1.4942854642868,0.258834064006805,1.40390944480896,7.8668384552002,49.5846328735352,3.44750428199768,0.5401571393013,0,0,
263,35.91834259,0,0,0,14.17801094,0,3.528870821,0,1.862018228,0,10.04278088,0,0.116085134446621,0.0159276649355888,1.4942854642868,0.258834064006805,1.40390956401825,7.86684465408325,49.5866241455078,3.44750428199768,0.5401571393013,0,0,
264,35.91834259,0,0,0,14.17801094,0,3.528870821,0,1.862018228,0,10.04278088,0,0.116085134446621,0.0159276649355888,1.4942854642868,0.258834064006805,1.40390968322754,7.86685037612915,49.5886077880859,3.44750428199768,0.5401571393013,0,0,
265,35.91834259,0,0,0,14.17801094,0,3.528870821,0,1.862018228,0,10.04278088,0,0.116085134446621,0.0159276649355888,1.4942854642868,0.258834064006805,1.40390980243683,7.86685562133789,49.5905876159668,3.44750428199768,0.5401571393013,0,0,
266,35.91834259,0,0,0,14.17801094,0,3.528870821,0,1.862018228,0,10.04278088,0,0.116085134446621,0.0159276649355888,1.4942854642868,0.258834064006805,1.40390992164612,7.86686086654663,49.5925598144531,3.44750428199768,0.5401571393013,0,0,
267,35.91834259,0,0,0,14.17801094,0,3.528870821,0,1.862018228,0,10.04278088,0,0.116085134446621,0.0159276649355888,1.4942854642868,0.258834064006805,1.40391004085541,7.86686515808105,49.5945243835449,3.44750428199768,0.5401571393013,0,0,
268,35.91834259,0,0,0,14.17801094,0,3.528870821,0,1.862018228,0,10.04278088,0,0.116085134446621,0.0159276649355888,1.4942854642868,0.258834064006805,1.4039101600647,7.86686992645264,49.5964813232422,3.44750428199768,0.5401571393013,0,0,
269,35.91834259,0,0,0,14.17801094,0,3.528870821,0,1.862018228,0,10.04278088,0,0.116085134446621,0.0159276649355888,1.4942854642868,0.258834064006805,1.4039101600647,7.86687469482422,49.5984344482422,3.44750428199768,0.5401571393013,0,0,
270,35.91834259,0,0,0,14.17801094,0,3.528870821,0,1.862018228,0,10.04278088,0,0.116085134446621,0.0159276649355888,1.4942854642868,0.258834064006805,1.4039101600647,7.86687898635864,49.6003799438477,3.44750428199768,0.5401571393013,0,0,
271,35.91834259,0,0,0,14.17801094,0,3.528870821,0,1.862018228,0,10.04278088,0,0.116085134446621,0.0159276649355888,1.4942854642868,0.258834064006805,1.4039101600647,7.86688280105591,49.6023178100586,3.44750428199768,0.5401571393013,0,0,
272,35.91834259,0,0,0,14.17801094,0,3.528870821,0,1.862018228,0,10.04278088,0,0.116085134446621,0.0159276649355888,1.4942854642868,0.258834064006805,1.4039101600647,7.86688661575317,49.6042518615723,3.44750428199768,0.5401571393013,0,0,
273,35.91834259,0,0,0,14.17801094,0,3.528870821,0,1.862018228,0,10.04278088,0,0.116085134446621,0.0159276649355888,1.4942854642868,0.258834064006805,1.4039101600647,7.86688995361328,49.6061782836914,3.44750428199768,0.5401571393013,0,0,
274,35.91834259,0,0,0,14.17801094,0,3.528870821,0,1.862018228,0,10.04278088,0,0.116085134446621,0.0159276649355888,1.4942854642868,0.258834064006805,1.4039101600647,7.86689376831055,49.608097076416,3.44750428199768,0.5401571393013,0,0,
275,35.91834259,0,0,0,14.17801094,0,3.528870821,0,1.862018228,0,10.04278088,0,0.116085134446621,0.0159276649355888,1.4942854642868,0.258834064006805,1.4039101600647,7.86689758300781,49.6100120544434,3.44750428199768,0.5401571393013,0,0,
276,35.91834259,0,0,0,14.17801094,0,3.528870821,0,1.862018228,0,10.04278088,0,0.116085134446621,0.0159276649355888,1.4942854642868,0.258834064006805,1.4039101600647,7.86690092086792,49.6119194030762,3.44750428199768,0.5401571393013,0,0,
277,35.91834259,0,0,0,14.17801094,0,3.528870821,0,1.862018228,0,10.04278088,0,0.116085134446621,0.0159276649355888,1.4942854642868,0.258834064006805,1.4039101600647,7.86690378189087,49.6138191223145,3.44750428199768,0.5401571393013,0,0,
278,35.91834259,0,0,0,14.17801094,0,3.528870821,0,1.862018228,0,10.04278088,0,0.116085134446621,0.0159276649355888,1.4942854642868,0.258834064006805,1.4039101600647,7.86690664291382,49.6157150268555,3.44750428199768,0.5401571393013,0,0,
279,35.91834259,0,0,0,14.17801094,0,3.528870821,0,1.862018228,0,10.04278088,0,0.116085134446621,0.0159276649355888,1.4942854642868,0.258834064006805,1.4039101600647,7.86690950393677,49.617603302002,3.44750428199768,0.5401571393013,0,0,
280,35.91834259,0,0,0,14.17801094,0,3.528870821,0,1.862018228,0,10.04278088,0,0.116085134446621,0.0159276649355888,1.4942854642868,0.258834064006805,1.4039101600647,7.86691188812256,49.6194877624512,3.44750428199768,0.5401571393013,0,0,
281,35.91834259,0,0,0,14.17801094,0,3.528870821,0,1.862018228,0,10.04278088,0,0.116085134446621,0.0159276649355888,1.4942854642868,0.258834064006805,1.4039101600647,7.86691474914551,49.6213645935059,3.44750428199768,0.5401571393013,0,0,
282,35.91834259,0,0,0,14.17801094,0,3.528870821,0,1.862018228,0,10.04278088,0,0.116085134446621,0.0159276649355888,1.4942854642868,0.258834064006805,1.4039101600647,7.86691761016846,49.623233795166,3.44750428199768,0.5401571393013,0,0,
283,35.91834259,0,0,0,14.17801094,0,3.528870821,0,1.862018228,0,10.04278088,0,0.116085134446621,0.0159276649355888,1.4942854642868,0.258834064006805,1.4039101600647,7.86692047119141,49.6250991821289,3.44750428199768,0.5401571393013,0,0,
284,35.91834259,0,0,0,14.17801094,0,3.528870821,0,1.862018228,0,10.04278088,0,0.116085134446621,0.0159276649355888,1.4942854642868,0.258834064006805,1.4039101600647,7.86692333221436,49.6269569396973,3.44750428199768,0.5401571393013,0,0,
285,35.91834259,0,0,0,14.17801094,0,3.528870821,0,1.862018228,0,10.04278088,0,0.116085134446621,0.0159276649355888,1.4942854642868,0.258834064006805,1.4039101600647,7.86692571640015,49.6288070678711,3.44750428199768,0.5401571393013,0,0,
286,35.91834259,0,0,0,14.17801094,0,3.528870821,0,1.862018228,0,10.04278088,0,0.116085134446621,0.0159276649355888,1.4942854642868,0.258834064006805,1.4039101600647,7.86692762374878,49.6306533813477,3.44750428199768,0.5401571393013,0,0,
287,35.91834259,0,0,0,14.17801094,0,3.528870821,0,1.862018228,0,10.04278088,0,0.116085134446621,0.0159276649355888,1.4942854642868,0.258834064006805,1.4039101600647,7.86692953109741,49.6324920654297,3.44750428199768,0.5401571393013,0,0,
288,35.91834259,0,0,0,14.17801094,0,3.528870821,0,1.862018228,0,10.04278088,0,0.116085134446621,0.0159276649355888,1.4942854642868,0.258834064006805,1.4039101600647,7.86693143844604,49.6343269348145,3.44750428199768,0.5401571393013,0,0,
289,35.91834259,0,0,0,14.17801094,0,3.528870821,0,1.862018228,0,10.04278088,0,0.116085134446621,0.0159276649355888,1.4942854642868,0.258834064006805,1.4039101600647,7.86693334579468,49.6361541748047,3.44750428199768,0.5401571393013,0,0,
290,35.91834259,0,0,0,14.17801094,0,3.528870821,0,1.862018228,0,10.04278088,0,0.116085134446621,0.0159276649355888,1.4942854642868,0.258834064006805,1.4039101600647,7.86693525314331,49.6379737854004,3.44750428199768,0.5401571393013,0,0,
291,35.91834259,0,0,0,14.17801094,0,3.528870821,0,1.862018228,0,10.04278088,0,0.116085134446621,0.0159276649355888,1.4942854642868,0.258834064006805,1.4039101600647,7.86693668365479,49.6397895812988,3.44750428199768,0.5401571393013,0,0,
292,35.91834259,0,0,0,14.17801094,0,3.528870821,0,1.862018228,0,10.04278088,0,0.116085134446621,0.0159276649355888,1.4942854642868,0.258834064006805,1.4039101600647,7.86693811416626,49.6415977478027,3.44750428199768,0.5401571393013,0,0,
293,35.91834259,0,0,0,14.17801094,0,3.528870821,0,1.862018228,0,10.04278088,0,0.116085134446621,0.0159276649355888,1.4942854642868,0.258834064006805,1.4039101600647,7.86693906784058,49.6434020996094,3.44750428199768,0.5401571393013,0,0,
294,35.91834259,0,0,0,14.17801094,0,3.528870821,0,1.862018228,0,10.04278088,0,0.116085134446621,0.0159276649355888,1.4942854642868,0.258834064006805,1.4039101600647,7.86694002151489,49.6451988220215,3.44750428199768,0.5401571393013,0,0,
295,35.91834259,0,0,0,14.17801094,0,3.528870821,0,1.862018228,0,10.04278088,0,0.116085134446621,0.0159276649355888,1.4942854642868,0.258834064006805,1.4039101600647,7.86694097518921,49.6469917297363,3.44750428199768,0.5401571393013,0,0,
296,35.91834259,0,0,0,14.17801094,0,3.528870821,0,1.862018228,0,10.04278088,0,0.116085134446621,0.0159276649355888,1.4942854642868,0.258834064006805,1.4039101600647,7.86694192886353,49.6487770080566,3.44750428199768,0.5401571393013,0,0,
297,35.91834259,0,0,0,14.17801094,0,3.528870821,0,1.862018228,0,10.04278088,0,0.116085134446621,0.0159276649355888,1.4942854642868,0.258834064006805,1.4039101600647,7.86694288253784,49.6505584716797,3.44750428199768,0.5401571393013,0,0,
298,35.91834259,0,0,0,14.17801094,0,3.528870821,0,1.862018228,0,10.04278088,0,0.116085134446621,0.0159276649355888,1.4942854642868,0.258834064006805,1.4039101600647,7.86694383621216,49.6523323059082,3.44750428199768,0.5401571393013,0,0,
299,35.91834259,0,0,0,14.17801094,0,3.528870821,0,1.862018228,0,10.04278088,0,0.116085134446621,0.0159276649355888,1.4942854642868,0.258834064006805,1.4039101600647,7.86694478988647,49.6540985107422,3.44750428199768,0.5401571393013,0,0,
