"Time Step","Softwood Merchantable","Hardwood Merchantable","Softwood Submerchantable","Hardwood Submerchantable","Softwood Other","Hardwood Other","Softwood Foliage","Hardwood Foliage","Softwood Fine Roots","Hardwood Fine Roots","Softwood Coarse Roots","Hardwood Coarse Roots","Aboveground Very Fast DOM","Belowground Very Fast DOM","Aboveground Fast DOM","Belowground Fast DOM","Medium DOM","Aboveground Slow DOM","Belowground Slow DOM","Softwood Stem Snag","Softwood Branch Snag","Hardwood Stem Snag","Hardwood Branch Snag",
0,0,0.004289614502,0,0,0,0.02353660949,0,0.005135630257,0,0.06211899221,0,0.08587251604,9.91843223571777,1.25344169139862,45.0168914794922,9.66152095794678,22.1699600219727,54.3095512390137,118.619247436523,0,0,1.41562813951168e-5,1.1096107482444e-4,
1,0,0.02379303798,0,0,0,0.09803231806,0,0.01699648239,0,0.1472873688,0,0.2110327482,7.39595746994019,0.774716794490814,39.8771629333496,8.55911731719971,21.5098781585693,54.8328323364258,118.832633972168,0,0,1.0617564839776e-4,6.6728569800034e-4,
2,0,0.0647945255,0,0,0,0.2226828188,0,0.03415145725,0,0.2410719544,0,0.3596630692,5.55484485626221,0.503807842731476,35.328498840332,7.58386278152466,20.8694534301758,55.1297798156738,118.995445251465,0,0,3.9359839865937e-4,0.00207823421806097,
3,0,0.1318426281,0,0,0,0.3954738379,0,0.0559091717,0,0.3386495113,0,0.5276122093,4.22452831268311,0.359192043542862,31.3049449920654,6.72142219543457,20.2481060028076,55.2478713989258,119.123374938965,0,0,0.00102425925433636,0.00467781396582723,
4,0,0.2286359966,0,0,0,0.6140518785,0,0.08177711815,0,0.4372375607,0,0.7127212882,3.27705979347229,0.291062533855438,27.7480316162109,5.95906925201416,19.6452770233154,55.2244491577148,119.226448059082,0,0,0.00216634897515178,0.00872887019068003,
5,0,0.3583022058,0,0,0,0.8758632541,0,0.1113541201,0,0.534992218,0,0.913536191,2.61658835411072,0.268991440534592,24.6059055328369,5.28551578521729,19.0604305267334,55.0890617370605,119.311172485352,0,0,0.00400277925655246,0.0144313164055347,
6,0,0.5235255361,0,0,0,1.178201675,0,0.1442899406,0,0.6306221485,0,1.128899574,2.1713182926178,0.274360150098801,21.832576751709,4.69075107574463,18.4930553436279,54.8652420043945,119.381874084473,0,0,0.00672715343534946,0.0219299979507923,
7,0,0.7266142368,0,0,0,1.518233895,0,0.1802663952,0,0.7232061625,0,1.357783914,1.88745045661926,0.295747667551041,19.3872337341309,4.1658992767334,17.9426574707031,54.571834564209,119.441497802734,0,0,0.0105405664071441,0.0313217155635357,
8,0,0.9695384502,0,0,0,1.893019199,0,0.2189873308,0,0.812091589,0,1.599214315,1.72464215755463,0.326127141714096,17.2336559295654,3.7030885219574,17.4087657928467,54.2240524291992,119.492111206055,0,0,0.0156488958746195,0.0426613986492157,
9,0,1.253951788,0,0,0,2.299528599,0,0.2601730824,0,0.8968297839,0,1.852231979,1.6526095867157,0.361162602901459,15.339674949646,3.29533839225769,16.8909301757813,53.8342399597168,119.535224914551,0,0,0.0222604274749756,0.0559675134718418,
10,0,1.581204057,0,0,0,2.734664202,0,0.3035572171,0,0.9771318436,0,2.115877867,1.64859008789063,0.398172736167908,13.6767091751099,2.93645739555359,16.3887157440186,53.4124794006348,119.571952819824,0,0,0.0305836908519268,0.0712268352508545,
11,0,1.95234859,0,0,0,3.195280075,0,0.3488846421,0,1.052834749,0,2.389184952,1.69544780254364,0.435499995946884,12.2193489074707,2.62095260620117,15.9017124176025,52.9670600891113,119.603157043457,0,0,0.040825467556715,0.0883987173438072,
12,0,2.368145704,0,0,0,3.678202629,0,0.3959104717,0,1.123876929,0,2.671178818,1.78025817871094,0.472124874591827,10.944993019104,2.34395003318787,15.4295272827148,52.5048141479492,119.629516601563,0,0,0.0531889274716377,0.107418864965439,
13,0,2.829065561,0,0,0,4.180253506,0,0.4443994462,0,1.190276265,0,2.960879803,1.89325213432312,0.507429540157318,9.83352088928223,2.10112380981445,14.9717845916748,52.0314178466797,119.651580810547,0,0,0.0678718686103821,0.1282027810812,
14,0,3.335289717,0,0,0,4.698272228,0,0.4941256046,0,1.252114296,0,3.257308006,2.02702617645264,0.541051626205444,8.86701107025146,1.88863348960876,14.5281257629395,51.551586151123,119.669799804688,0,0,0.0850650742650032,0.150648877024651,
15,0,3.886713743,0,0,0,5.229137897,0,0.5448723435,0,1.309521914,0,3.559487581,2.17595314979553,0.572793483734131,8.02948951721191,1.70306885242462,14.0982103347778,51.0692596435547,119.684547424316,0,0,0.104950703680515,0.174641326069832,
16,0,4.482948303,0,0,0,5.769791603,0,0.596432209,0,1.362666726,0,3.866453171,2.33574199676514,0.602564990520477,7.30670499801636,1.54140067100525,13.681713104248,50.5877342224121,119.696144104004,0,0,0.127700865268707,0.200052738189697,
17,0,5.123324871,0,0,0,6.317257881,0,0.6486071348,0,1.411743999,0,4.177253723,2.50310707092285,0.630346775054932,6.68593454360962,1.40093719959259,13.2783231735229,50.1097526550293,119.704864501953,0,0,0.153476148843765,0.226746514439583,
18,0,5.806898117,0,0,0,6.868665695,0,0.7012087107,0,1.456967354,0,4.490961075,2.6755211353302,0.656166732311249,6.15581035614014,1.27928590774536,12.8877439498901,49.6376190185547,119.710929870605,0,0,0.182424396276474,0.254579156637192,
19,0,6.532455444,0,0,0,7.421267509,0,0.7540578842,0,1.498563051,0,4.806671143,2.85103154182434,0.680084049701691,5.70616769790649,1.17431938648224,12.5096921920776,49.1732444763184,119.714561462402,0,0,0.214679464697838,0.283402502536774,
20,0,7.298521996,0,0,0,7.972456932,0,0.8069856167,0,1.536762714,0,5.123506546,3.02811980247498,0.702178597450256,5.32791185379028,1.08414554595947,12.1438970565796,48.7182197570801,119.715950012207,0,0,0.250360071659088,0.313065499067307,
21,0,8.103374481,0,0,0,8.519784927,0,0.8598325849,0,1.571799517,0,5.440628052,3.20559883117676,0.722543239593506,5.01289796829224,1.00708079338074,11.7901020050049,48.2738494873047,119.715240478516,0,0,0.289568990468979,0.343416124582291,
22,0,8.94505024,0,0,0,9.060974121,0,0.9124493003,0,1.603904009,0,5.757228851,3.38253283500671,0.741278469562531,4.75382804870605,0.941626369953156,11.4480571746826,47.8412055969238,119.712593078613,0,0,0.332391977310181,0.374303191900253,
23,0,9.821362495,0,0,0,9.593930244,0,0.9646964073,0,1.6333009,0,6.072541237,3.5581796169281,0.758488893508911,4.54416036605835,0.88644802570343,11.1175260543823,47.4211463928223,119.708145141602,0,0,0.378897100687027,0.405577659606934,
24,0,10.72991371,0,0,0,10.11675167,0,1.016444325,0,1.660206914,0,6.385839462,3.73194622993469,0.774279952049255,4.37802648544312,0.840357184410095,10.7982807159424,47.014347076416,119.702011108398,0,0,0.42913419008255,0.437094300985336,
25,0,11.66811657,0,0,0,10.627738,0,1.067573547,0,1.684828997,0,6.696437836,3.90335440635681,0.78875607252121,4.25016164779663,0.802294790744781,10.4900989532471,46.6213264465332,119.694313049316,0,0,0.483134269714355,0.468712896108627,
26,0,12.63321209,0,0,0,11.12539482,0,1.117974043,0,1.70736289,0,7.003695488,4.07201719284058,0.802018880844116,4.15584230422974,0.771317005157471,10.1927700042725,46.2424697875977,119.685165405273,0,0,0.540909290313721,0.500299274921417,
27,0,14.06814289,0,0,0,11.10541248,0,1.143906236,0,1.726944089,0,7.291046143,4.22915649414063,0.814065098762512,4.08407545089722,0.746511459350586,9.90608787536621,45.8773422241211,119.674652099609,0,0,0.603923380374908,0.529355227947235,
28,0,14.99161911,0,0,0,11.42644691,0,1.18751955,0,1.743080139,0,7.543863297,4.37458610534668,0.824761807918549,4.02947330474854,0.726931929588318,9.62989711761475,45.5253753662109,119.662818908691,0,0,0.671795964241028,0.555431246757507,
29,0,15.92851067,0,0,0,11.75296974,0,1.231034875,0,1.758274198,0,7.796655655,4.51700162887573,0.834222912788391,3.9942615032196,0.711828410625458,9.36403751373291,45.1866302490234,119.649711608887,0,0,0.742658019065857,0.580611944198608,
30,0,16.86935043,0,0,0,12.08145237,0,1.273995399,0,1.772459507,0,8.046899796,4.65671682357788,0.842752158641815,3.9762327671051,0.700678169727325,9.10829257965088,44.8611373901367,119.635391235352,0,0,0.816428065299988,0.60506808757782,
31,0,17.82058525,0,0,0,12.41394901,0,1.316686749,0,1.785818458,0,8.296365738,4.7939190864563,0.850543439388275,3.97342538833618,0.693014860153198,8.86245346069336,44.5488891601563,119.619941711426,0,0,0.893018543720245,0.628937482833862,
32,0,18.77279663,0,0,0,12.74697781,0,1.358678699,0,1.798298717,0,8.542644501,4.9287109375,0.857725918292999,3.98409104347229,0.688422501087189,8.62631130218506,44.2498588562012,119.603446960449,0,0,0.972336053848267,0.652330458164215,
33,0,19.72925186,0,0,0,13.0815239,0,1.400119305,0,1.810024858,0,8.786679268,5.0610785484314,0.864384531974792,4.00665140151978,0.686526298522949,8.39966201782227,43.9639739990234,119.585975646973,0,0,1.05427122116089,0.67532879114151,
34,0,20.69003487,0,0,0,13.41746712,0,1.441010118,0,1.82106638,0,9.028562546,5.191086769104,0.870588958263397,4.03973197937012,0.686998724937439,8.18230438232422,43.6911468505859,119.56763458252,0,0,1.13873076438904,0.698005974292755,
35,0,21.64893723,0,0,0,13.75251484,0,1.481094003,0,1.831420779,0,9.266829491,5.31870174407959,0.876387655735016,4.0820837020874,0.689543724060059,7.97404098510742,43.4312515258789,119.548477172852,0,0,1.22560584545135,0.720412909984589,
36,0,22.60606003,0,0,0,14.08658791,0,1.520386338,0,1.841156483,0,9.501630783,5.44382095336914,0.881816208362579,4.13256740570068,0.693893015384674,7.77467632293701,43.1841430664063,119.528594970703,0,0,1.3147721290588399,0.742581844329834,
37,0,23.56463623,0,0,0,14.42071533,0,1.559032321,0,1.850363851,0,9.733857155,5.56644344329834,0.88691121339798,4.19019412994385,0.699813902378082,7.58401536941528,42.949649810791,119.508071899414,0,0,1.4061222076416,0.764544367790222,
38,0,24.51535034,0,0,0,14.75157261,0,1.5966717,0,1.859009504,0,9.96137619,5.68650054931641,0.891700387001038,4.25405406951904,0.707094490528107,7.40186738967896,42.7275772094727,119.486961364746,0,0,1.49953353404999,0.786316633224487,
39,0,25.46455193,0,0,0,15.08129406,0,1.633573413,0,1.867203593,0,10.18583488,5.80391693115234,0.896207690238953,4.32332563400269,0.715545117855072,7.22804260253906,42.5177154541016,119.465347290039,0,0,1.59487962722778,0.807906687259674,
40,0,26.40608406,0,0,0,15.40769291,0,1.669519544,0,1.874939084,0,10.40589905,5.91866827011108,0.900457561016083,4.39728260040283,0.724999010562897,7.06235408782959,42.3198280334473,119.443298339844,0,0,1.69204032421112,0.829321026802063,
41,0,27.34314728,0,0,0,15.73181438,0,1.70465219,0,1.882285476,0,10.62243748,6.03071594238281,0.904470562934875,4.47526407241821,0.735306560993195,6.90461492538452,42.1336784362793,119.420867919922,0,0,1.790891289711,0.850559890270233,
42,0,28.27270699,0,0,0,16.05258179,0,1.738878608,0,1.889257789,0,10.83487129,6.14005947113037,0.908267438411713,4.55668640136719,0.746336400508881,6.75464153289795,41.9590148925781,119.398124694824,0,0,1.89131474494934,0.871623277664185,
43,0,29.19484138,0,0,0,16.3699894,0,1.772224545,0,1.895891547,0,11.04333878,6.24668073654175,0.911865532398224,4.64101600646973,0.75797027349472,6.61225080490112,41.7955703735352,119.375129699707,0,0,1.99318826198578,0.892506122589111,
44,0,30.10962296,0,0,0,16.68404198,0,1.804715753,0,1.902219415,0,11.24797249,6.35059213638306,0.915281713008881,4.72778081893921,0.770104706287384,6.4772629737854,41.6430892944336,119.351936340332,0,0,2.09639596939087,0.91320413351059,
45,0,31.01402664,0,0,0,16.99368477,0,1.836267233,0,1.908249617,0,11.448213579999999,6.4517879486084,0.918530285358429,4.81654691696167,0.782646000385284,6.34949827194214,41.5012893676758,119.328605651855,0,0,2.20081686973572,0.933708727359772,
46,0,31.90812302,0,0,0,17.29893303,0,1.866910458,0,1.914009929,0,11.64420223,6.55024766921997,0.921623051166534,4.90691328048706,0.795509397983551,6.22877931594849,41.3698883056641,119.305183410645,0,0,2.30632710456848,0.954007625579834,
47,0,32.79197693,0,0,0,17.59982681,0,1.896674156,0,1.919525027,0,11.83607006,6.6459846496582,0.924572467803955,4.99852561950684,0.808621048927307,6.11493062973022,41.2486038208008,119.281723022461,0,0,2.41280817985535,0.974090576171875,
48,0,33.66256714,0,0,0,17.8953228,0,1.92547977,0,1.924798131,0,12.02327538,6.73899459838867,0.927388489246368,5.09105396270752,0.821913719177246,6.00777769088745,41.1371421813965,119.258270263672,0,0,2.5201370716095,0.993944525718689,
49,0,34.52613449,0,0,0,18.18756676,0,1.953562737,0,1.929886103,0,12.20726871,6.82933664321899,0.930083155632019,5.18422317504883,0.835331797599792,5.90714740753174,41.0352249145508,119.234878540039,0,0,2.62820792198181,1.01356327533722,
50,0,35.3765564,0,0,0,18.47447777,0,1.980744123,0,1.934769988,0,12.38683891,6.91707897186279,0.932667076587677,5.27779197692871,0.848827183246613,5.81286859512329,40.9425621032715,119.211585998535,0,0,2.73691940307617,1.03294193744659,
51,0,36.21389771,0,0,0,18.75612259,0,2.007053614,0,1.939466476,0,12.56211185,7.00221920013428,0.935146689414978,5.37151384353638,0.862352430820465,5.72477197647095,40.8588752746582,119.188446044922,0,0,2.84615564346313,1.05206692218781,
52,0,37.03820801,0,0,0,19.03252602,0,2.032519341,0,1.943990231,0,12.73320007,7.08478021621704,0.937528669834137,5.46517133712769,0.875866532325745,5.64268970489502,40.7838706970215,119.165489196777,0,0,2.95580554008484,1.07092714309692,
53,0,37.85261536,0,0,0,19.3047657,0,2.05726099,0,1.948371053,0,12.90084743,7.16483545303345,0.939821481704712,5.55858993530273,0.889337003231049,5.56645584106445,40.7172698974609,119.142753601074,0,0,3.06577444076538,1.08951830863953,
54,0,38.65102768,0,0,0,19.57082367,0,2.081118107,0,1.952587366,0,13.0638876,7.24242734909058,0.942030966281891,5.6515998840332,0.902733087539673,5.49590587615967,40.6587944030762,119.120277404785,0,0,3.17596244812012,1.10783243179321,
55,0,39.43655777,0,0,0,19.83177567,0,2.104209185,0,1.95666647,0,13.22305298,7.31757259368896,0.944161176681519,5.74403524398804,0.916025817394257,5.43087720870972,40.6081657409668,119.098098754883,0,0,3.28626370429993,1.12585818767548,
56,0,40.21231842,0,0,0,20.08868408,0,2.12664628,0,1.960633039,0,13.37905502,7.39036989212036,0.946219682693481,5.83578443527222,0.929195880889893,5.37120914459229,40.565113067627,119.07625579834,0,0,3.39659833908081,1.14359605312347,
57,0,40.97221756,0,0,0,20.33955765,0,2.14827466,0,1.964464188,0,13.53074455,7.46087980270386,0.948210954666138,5.92673254013062,0.942224144935608,5.31674337387085,40.529369354248,119.054779052734,0,0,3.50688004493713,1.16104209423065,
58,0,41.71630096,0,0,0,20.58445168,0,2.169121504,0,1.968167901,0,13.67822075,7.5290994644165,0.950136423110962,6.01674795150757,0.955089032649994,5.26732349395752,40.5006713867188,119.03369140625,0,0,3.61700701713562,1.1781839132309,
59,0,42.45072174,0,0,0,20.82542801,0,2.189380884,0,1.971781135,0,13.82277775,7.59510946273804,0.95200127363205,6.10574722290039,0.96777755022049,5.22279357910156,40.478759765625,119.013031005859,0,0,3.72690200805664,1.19502103328705,
60,0,43.16940689,0,0,0,21.06052589,0,2.208901405,0,1.975279689,0,13.96328545,7.6589879989624,0.953809857368469,6.19365882873535,0.98027902841568,5.18300151824951,40.4633865356445,118.992828369141,0,0,3.83649253845215,1.21155333518982,
61,0,43.87543869,0,0,0,21.2907753,0,2.227790833,0,1.978683829,0,14.10041809,7.72077608108521,0.955564439296722,6.28040409088135,0.992582023143768,5.14779710769653,40.4542999267578,118.973098754883,0,0,3.94569873809814,1.22777628898621,
62,0,44.56885147,0,0,0,21.51624298,0,2.246067047,0,1.981998444,0,14.2342453,7.78055143356323,0.95726877450943,6.36593151092529,1.00467956066132,5.11703109741211,40.4512634277344,118.953872680664,0,0,4.05445432662964,1.24369156360626,
63,0,45.24662399,0,0,0,21.73596954,0,2.263668299,0,1.985212803,0,14.36424828,7.83835506439209,0.958924472332001,6.45018196105957,1.01656353473663,5.09055805206299,40.4540367126465,118.935165405273,0,0,4.1626877784729,1.25929582118988,
64,0,45.91183853,0,0,0,21.95099258,0,2.280694962,0,1.988345742,0,14.49107933,7.89423322677612,0.960533380508423,6.53310346603394,1.02822732925415,5.06823301315308,40.4623908996582,118.917015075684,0,0,4.27033042907715,1.27458703517914,
65,0,46.56451416,0,0,0,22.16134644,0,2.297163248,0,1.991400003,0,14.61479759,7.94826412200928,0.962098717689514,6.61466789245605,1.0396683216095,5.04991483688354,40.4761009216309,118.899429321289,0,0,4.37732648849487,1.28956854343414,
66,0,47.20163727,0,0,0,22.36610222,0,2.313014269,0,1.994364619,0,14.73488331,8.00048828125,0.963621556758881,6.69483661651611,1.05088210105896,5.03546380996704,40.494945526123,118.882431030273,0,0,4.48361301422119,1.30423867702484,
67,0,47.82627487,0,0,0,22.56628609,0,2.328341484,0,1.997256637,0,14.85197544,8.05094909667969,0.965103268623352,6.77357721328735,1.06186521053314,5.02474308013916,40.5187149047852,118.86604309082,0,0,4.58913087844849,1.3185967206955,
68,0,48.43845749,0,0,0,22.76192474,0,2.343158484,0,2.000078201,0,14.96612167,8.0997200012207,0.966546356678009,6.85087728500366,1.07261776924133,5.01761770248413,40.5471992492676,118.850273132324,0,0,4.69383335113525,1.33264696598053,
69,0,49.03514862,0,0,0,22.95209312,0,2.357409477,0,2.002817154,0,15.07680511,8.14683818817139,0.967951357364655,6.92671298980713,1.08313775062561,5.01395511627197,40.5801963806152,118.835136413574,0,0,4.7976655960083,1.34638869762421,
70,0,49.61942291,0,0,0,23.13780594,0,2.371181965,0,2.005489826,0,15.1846447,8.19234275817871,0.96931916475296,7.00106430053711,1.09342360496521,5.01362562179565,40.6175079345703,118.820655822754,0,0,4.9005765914917,1.35982179641724,
71,0,50.19434357,0,0,0,23.32006073,0,2.384558201,0,2.008111477,0,15.29023933,8.236328125,0.970653235912323,7.07394599914551,1.10347974300385,5.01650094985962,40.6589431762695,118.806846618652,0,0,5.0025372505188,1.37295579910278,
72,0,50.75383759,0,0,0,23.49695969,0,2.397410631,0,2.010655642,0,15.39251614,8.27884578704834,0.971954643726349,7.14535760879517,1.11330771446228,5.02245616912842,40.7043190002441,118.79370880127,0,0,5.10350894927979,1.38579440116882,
73,0,51.29793549,0,0,0,23.6685524,0,2.409754753,0,2.013123989,0,15.49152374,8.31989097595215,0.973221480846405,7.21527004241943,1.1229043006897,5.03136920928955,40.7534523010254,118.781265258789,0,0,5.20343685150146,1.39833211898804,
74,0,51.8327179,0,0,0,23.83677292,0,2.42174077,0,2.015544891,0,15.5884037,8.35952377319336,0.974455714225769,7.28368854522705,1.13227224349976,5.04311943054199,40.8061714172363,118.76953125,0,0,5.30228710174561,1.41057360172272,
75,0,52.35517502,0,0,0,24.00073051,0,2.43331027,0,2.017905951,0,15.68264389,8.3978214263916,0.975659966468811,7.35063600540161,1.14141643047333,5.05758810043335,40.8623085021973,118.758499145508,0,0,5.4000391960144,1.422527551651,
76,0,52.86531448,0,0,0,24.16042137,0,2.444473267,0,2.020207405,0,15.77427387,8.43482398986816,0.976834654808044,7.41611766815186,1.1503392457962,5.07466173171997,40.9216995239258,118.748191833496,0,0,5.49666166305542,1.43419742584229,
77,0,53.36314774,0,0,0,24.31588936,0,2.455240965,0,2.022450686,0,15.86333179,8.47056865692139,0.977980077266693,7.48013973236084,1.1590428352356,5.0942268371582,40.9841804504395,118.738616943359,0,0,5.59212684631348,1.44558620452881,
78,0,53.84869003,0,0,0,24.46715546,0,2.465626001,0,2.024636269,0,15.94984722,8.50508975982666,0.97909677028656,7.54270935058594,1.16752970218658,5.11617279052734,41.0496063232422,118.729774475098,0,0,5.68640661239624,1.45669662952423,
79,0,54.32498932,0,0,0,24.61521339,0,2.475698709,0,2.026777983,0,16.0343914,8.5384464263916,0.980186522006989,7.6038498878479,1.17580473423004,5.1403923034668,41.1178245544434,118.7216796875,0,0,5.77948522567749,1.4675360918045,
80,0,54.78902817,0,0,0,24.75914383,0,2.485406876,0,2.028863192,0,16.11645317,8.57068729400635,0.981250166893005,7.66358327865601,1.18387222290039,5.16678094863892,41.1886901855469,118.714332580566,0,0,5.87134695053101,1.47811090946198,
81,0,55.24080658,0,0,0,24.8989563,0,2.494756699,0,2.030892134,0,16.19605827,8.60183238983154,0.982287347316742,7.72191572189331,1.19173419475555,5.19523572921753,41.2620658874512,118.707748413086,0,0,5.96196794509888,1.48842239379883,
82,0,55.68033981,0,0,0,25.03468323,0,2.503757954,0,2.032865286,0,16.27323341,8.63190174102783,0.98329770565033,7.77885293960571,1.19939231872559,5.22565698623657,41.337818145752,118.701919555664,0,0,6.05132436752319,1.49847161769867,
83,0,56.11067581,0,0,0,25.16729355,0,2.512481213,0,2.034796476,0,16.34853935,8.66093921661377,0.984282493591309,7.83441686630249,1.20685088634491,5.25794696807861,41.4158134460449,118.696853637695,0,0,6.13940382003784,1.50826442241669,
84,0,56.53181458,0,0,0,25.29679298,0,2.520933151,0,2.036686182,0,16.42199135,8.68900680541992,0.985243916511536,7.88864135742188,1.21411621570587,5.29200983047485,41.4959259033203,118.692558288574,0,0,6.22620582580566,1.51781010627747,
85,0,56.94074249,0,0,0,25.42230415,0,2.529058695,0,2.038520813,0,16.49308586,8.71613216400146,0.986181914806366,7.94154500961304,1.22119164466858,5.32775402069092,41.5780410766602,118.689025878906,0,0,6.31171846389771,1.52711272239685,
86,0,57.34048462,0,0,0,25.54474068,0,2.536925316,0,2.040313959,0,16.56236649,8.74234104156494,0.987096428871155,7.99314546585083,1.22808051109314,5.36508846282959,41.6620330810547,118.686264038086,0,0,6.39593172073364,1.53617584705353,
87,0,57.72803116,0,0,0,25.66321564,0,2.544480801,0,2.042052984,0,16.62933159,8.76765632629395,0.987987697124481,8.04345798492432,1.23478591442108,5.40392589569092,41.7477912902832,118.684280395508,0,0,6.47883415222168,1.54500234127045,
88,0,58.10641861,0,0,0,25.77867508,0,2.551788807,0,2.043750763,0,16.69452477,8.79209995269775,0.98885577917099,8.09249782562256,1.24131059646606,5.44418096542358,41.8352088928223,118.683067321777,0,0,6.56041717529297,1.55359530448914,
89,0,58.47867203,0,0,0,25.89204597,0,2.558915138,0,2.045421839,0,16.75847816,8.8157377243042,0.989703238010406,8.14030933380127,1.24766182899475,5.4857702255249,41.9241790771484,118.682632446289,0,0,6.64069128036499,1.56196618080139,
90,0,58.83874893,0,0,0,26.00151825,0,2.565746069,0,2.047038317,0,16.82016754,8.83859825134277,0.990530550479889,8.18691730499268,1.25384390354156,5.52861356735229,42.0146026611328,118.682968139648,0,0,6.71965646743774,1.57012021541595,
91,0,59.18968582,0,0,0,26.1080265,0,2.572346449,0,2.048614264,0,16.88013077,8.86068534851074,0.991336524486542,8.23233127593994,1.25985860824585,5.57263326644897,42.1063804626465,118.68408203125,0,0,6.79730272293091,1.57805788516998,
92,0,59.53147888,0,0,0,26.21157646,0,2.578719854,0,2.050149918,0,16.9383812,8.8820276260376,0.992121875286102,8.27657508850098,1.26570975780487,5.61775255203247,42.1994132995605,118.685958862305,0,0,6.87363195419312,1.58578395843506,
93,0,59.86414337,0,0,0,26.31219101,0,2.584873199,0,2.051645041,0,16.99493217,8.90264987945557,0.992886960506439,8.31966972351074,1.27140080928802,5.66389894485474,42.2936172485352,118.688621520996,0,0,6.94864416122437,1.59330272674561,
94,0,60.18767548,0,0,0,26.40989113,0,2.590809345,0,2.053099632,0,17.04979706,8.92257308959961,0.993632018566132,8.3616361618042,1.27693521976471,5.71099996566772,42.3889007568359,118.692047119141,0,0,7.02234077453613,1.60061812400818,
95,0,60.50208664,0,0,0,26.50468063,0,2.596534014,0,2.054513931,0,17.1029911,8.94181728363037,0.994357228279114,8.40249156951904,1.28231596946716,5.7589864730835,42.485179901123,118.696243286133,0,0,7.09472274780273,1.6077333688736,
96,0,60.81040573,0,0,0,26.59749222,0,2.602102757,0,2.055901766,0,17.15503311,8.96041965484619,0.99506402015686,8.44226932525635,1.28754818439484,5.8077917098999,42.5823707580566,118.701210021973,0,0,7.16580009460449,1.61465561389923,
97,0,61.1096077,0,0,0,26.68741989,0,2.607466936,0,2.057249069,0,17.20542336,8.97840976715088,0.995753347873688,8.48099803924561,1.29263627529144,5.85735082626343,42.6803932189941,118.706939697266,0,0,7.23558378219604,1.62139141559601,
98,0,61.40272522,0,0,0,26.77538872,0,2.612682581,0,2.05856967,0,17.25468445,8.99581336975098,0.996425688266754,8.51870346069336,1.29758441448212,5.90760087966919,42.7791786193848,118.713424682617,0,0,7.30408334732056,1.62794601917267,
99,0,61.68672562,0,0,0,26.86050797,0,2.6177001,0,2.059849739,0,17.30231094,9.01265144348145,0.997081279754639,8.55541038513184,1.30239629745483,5.9584813117981,42.8786544799805,118.720672607422,0,0,7.37130832672119,1.63432431221008,
100,0,61.96163177,0,0,0,26.94277763,0,2.622523546,0,2.061089754,0,17.34831619,9.02892208099365,0.997718989849091,8.5911283493042,1.30707323551178,6.00993394851685,42.9787445068359,118.728675842285,0,0,7.43725776672363,1.64052581787109,
101,0,62.23045731,0,0,0,27.02311707,0,2.627208948,0,2.062302828,0,17.39321709,9.04464626312256,0.998339474201202,8.62587738037109,1.31161844730377,6.06190252304077,43.0793800354004,118.737426757813,0,0,7.50194072723389,1.6465550661087,
102,0,62.49320984,0,0,0,27.1015358,0,2.631757259,0,2.063489199,0,17.43701935,9.0598611831665,0.998944461345673,8.65969371795654,1.31603729724884,6.11433219909668,43.1805038452148,118.746932983398,0,0,7.56537628173828,1.65241980552673,
103,0,62.74687195,0,0,0,27.17713737,0,2.636117458,0,2.064635277,0,17.47922516,9.07457542419434,0.999533593654633,8.69259357452393,1.32033228874207,6.16717004776001,43.2820472717285,118.757171630859,0,0,7.62757205963135,1.65812277793884,
104,0,62.99445724,0,0,0,27.25083923,0,2.640347719,0,2.065754652,0,17.52035141,9.08879661560059,1.00010681152344,8.7245922088623,1.32450568675995,6.22036600112915,43.3839530944824,118.768142700195,0,0,7.68853569030762,1.66366624832153,
105,0,63.23598099,0,0,0,27.32264709,0,2.644449711,0,2.066847086,0,17.56039619,9.1025562286377,1.00066518783569,8.7557201385498,1.32856178283691,6.27387046813965,43.4861679077148,118.779846191406,0,0,7.74828386306763,1.66905641555786,
106,0,63.46842194,0,0,0,27.39168167,0,2.64837265,0,2.067898989,0,17.59886932,9.11585521697998,1.0012081861496,8.78598785400391,1.33250224590302,6.32763719558716,43.5886306762695,118.792274475098,0,0,7.80682325363159,1.67429435253143,
107,0,63.69781494,0,0,0,27.45971489,0,2.65222168,0,2.068937778,0,17.63677788,9.12871837615967,1.00173676013947,8.81542205810547,1.33633089065552,6.38162040710449,43.691291809082,118.80542755127,0,0,7.86417007446289,1.67938542366028,
108,0,63.92115021,0,0,0,27.52588272,0,2.655947447,0,2.069949627,0,17.67362404,9.1411828994751,1.00225281715393,8.8440580368042,1.34005320072174,6.43577718734741,43.7940979003906,118.819297790527,0,0,7.92034912109375,1.68433833122253,
109,0,64.13540649,0,0,0,27.58930016,0,2.659501314,0,2.070921183,0,17.70891953,9.15323925018311,1.00275468826294,8.87190341949463,1.34366977214813,6.490065574646,43.8969993591309,118.833877563477,0,0,7.97536516189575,1.68915224075317,
110,0,64.34663391,0,0,0,27.65172768,0,2.662986517,0,2.071879148,0,17.74365997,9.16490077972412,1.00324285030365,8.89897537231445,1.34718334674835,6.54444551467896,43.9999580383301,118.849159240723,0,0,8.02923202514648,1.6938304901123,
111,0,64.54877472,0,0,0,27.7114296,0,2.666305065,0,2.072796822,0,17.77685928,9.17618083953857,1.00371766090393,8.92529296875,1.35059654712677,6.59887886047363,44.1029205322266,118.865142822266,0,0,8.08196258544922,1.69837629795074,
112,0,64.74788666,0,0,0,27.7701683,0,2.669553041,0,2.073700905,0,17.80951691,9.187087059021,1.00417923927307,8.95087242126465,1.35391139984131,6.65332841873169,44.2058486938477,118.881828308105,0,0,8.13357067108154,1.70279228687286,
113,0,64.94094849,0,0,0,27.82706642,0,2.672690392,0,2.074578047,0,17.84113693,9.19764709472656,1.00462901592255,8.97574234008789,1.35713231563568,6.70775938034058,44.3086967468262,118.899185180664,0,0,8.18407726287842,1.70708465576172,
114,0,65.12796021,0,0,0,27.88212585,0,2.675711393,0,2.075428247,0,17.87172318,9.20786380767822,1.00506627559662,8.99991416931152,1.36026072502136,6.7621374130249,44.4114227294922,118.91722869873,0,0,8.23349475860596,1.71125507354736,
115,0,65.31194305,0,0,0,27.93625259,0,2.678670883,0,2.076265097,0,17.90177727,9.21775817871094,1.00549221038818,9.02341365814209,1.36330032348633,6.81643056869507,44.5139961242676,118.93595123291,0,0,8.2818431854248,1.71530878543854,
116,0,65.48986816,0,0,0,27.98853683,0,2.681519032,0,2.077074766,0,17.93080521,9.22734642028809,1.00590741634369,9.04626274108887,1.3662543296814,6.87060880661011,44.616382598877,118.955345153809,0,0,8.32914066314697,1.71925044059753,
117,0,65.66175842,0,0,0,28.03900146,0,2.684257507,0,2.077857494,0,17.95881271,9.2366247177124,1.00631105899811,9.06846809387207,1.3691234588623,6.92464208602905,44.7185401916504,118.975387573242,0,0,8.37539768218994,1.72307956218719,
118,0,65.8276062,0,0,0,28.0876503,0,2.686888218,0,2.078613043,0,17.9858036,9.24558925628662,1.0067024230957,9.09003639221191,1.3719083070755,6.97850275039673,44.8204383850098,118.996086120605,0,0,8.42062377929688,1.72679615020752,
119,0,65.99042511,0,0,0,28.13537788,0,2.689460278,0,2.07935524,0,18.01227379,9.25425720214844,1.00708246231079,9.11098670959473,1.37461197376251,7.03216409683228,44.9220428466797,119.017433166504,0,0,8.46483516693115,1.73040449619293,
120,0,66.15021515,0,0,0,28.18217468,0,2.691973686,0,2.080083847,0,18.03821945,9.26266098022461,1.007453083992,9.13135147094727,1.37723875045776,7.08560037612915,45.0233268737793,119.039421081543,0,0,8.50805854797363,1.73391199111938,
121,0,66.30396271,0,0,0,28.22716141,0,2.694383383,0,2.080785275,0,18.06315994,9.27080535888672,1.00781404972076,9.15114593505859,1.37979090213776,7.13878774642944,45.1242599487305,119.062042236328,0,0,8.55031204223633,1.73732125759125,
122,0,66.45468903,0,0,0,28.27124023,0,2.696733952,0,2.081473351,0,18.08758163,9.27869510650635,1.00816535949707,9.17038249969482,1.38227009773254,7.19170331954956,45.2248229980469,119.085289001465,0,0,8.59160804748535,1.74063420295715,
123,0,66.59937286,0,0,0,28.31351852,0,2.698982716,0,2.082134008,0,18.11100388,9.28633499145508,1.00850701332092,9.18907451629639,1.38467800617218,7.24432563781738,45.3249855041504,119.109153747559,0,0,8.63196277618408,1.74385273456573,
124,0,66.74103546,0,0,0,28.35487747,0,2.701174498,0,2.082781315,0,18.13391304,9.29372787475586,1.00883877277374,9.20723247528076,1.38701605796814,7.29663372039795,45.4247169494629,119.133628845215,0,0,8.67138957977295,1.74697816371918,
125,0,66.87666321,0,0,0,28.39444923,0,2.703265905,0,2.083401203,0,18.15582275,9.30087661743164,1.00916087627411,9.22486686706543,1.38928544521332,7.34860849380493,45.523998260498,119.158714294434,0,0,8.70990180969238,1.75001192092896,
126,0,67.01228333,0,0,0,28.43397903,0,2.705350399,0,2.08402133,0,18.17771339,9.30780410766602,1.0094742774963399,9.24200057983398,1.39148962497711,7.40023183822632,45.6228065490723,119.184394836426,0,0,8.74752235412598,1.7529593706131,
127,0,67.14186859,0,0,0,28.471735,0,2.707334757,0,2.084614277,0,18.19861031,9.31452751159668,1.00977993011475,9.25865364074707,1.39363145828247,7.45148611068726,45.721118927002,119.210662841797,0,0,8.78427124023438,1.75582492351532,
128,0,67.26541901,0,0,0,28.50771141,0,2.709221601,0,2.085179567,0,18.2185154,9.32102108001709,1.01007580757141,9.27481937408447,1.39570927619934,7.50235557556152,45.8189163208008,119.237518310547,0,0,8.82015037536621,1.75860404968262,
129,0,67.38896179,0,0,0,28.5436573,0,2.711101294,0,2.085745335,0,18.23840523,9.32730388641357,1.01036298274994,9.2905158996582,1.39772593975067,7.55282402038574,45.9161796569824,119.264945983887,0,0,8.85517978668213,1.76130163669586,
130,0,67.50948334,0,0,0,28.57870674,0,2.712927341,0,2.086297274,0,18.25778961,9.33340740203857,1.01064360141754,9.30577564239502,1.39968621730804,7.60287761688232,46.0128898620605,119.292930603027,0,0,8.88938903808594,1.76392543315887,
131,0,67.62397766,0,0,0,28.6119709,0,2.71465683,0,2.086821795,0,18.2761898,9.33932113647461,1.01091635227203,9.32059955596924,1.40158987045288,7.65250301361084,46.1090278625488,119.321479797363,0,0,8.92278671264648,1.76647400856018,
132,0,67.73545074,0,0,0,28.64435196,0,2.716336727,0,2.087332964,0,18.29409409,9.34503746032715,1.01118040084839,9.33498859405518,1.40343689918518,7.70168781280518,46.2045822143555,119.350578308105,0,0,8.95537948608398,1.76894617080688,
133,0,67.84390259,0,0,0,28.67582512,0,2.717965603,0,2.087830305,0,18.311496730000002,9.35056686401367,1.01143670082092,9.34895801544189,1.40522933006287,7.75041961669922,46.2995338439941,119.380226135254,0,0,8.98718547821045,1.77134501934052,
134,0,67.95235443,0,0,0,28.70730209,0,2.719591379,0,2.088327646,0,18.32888794,9.35593891143799,1.01168692111969,9.36253452301025,1.4069709777832,7.79868841171265,46.393871307373,119.410415649414,0,0,9.01823139190674,1.77367746829987,
135,0,68.05477142,0,0,0,28.73699379,0,2.721120358,0,2.088797808,0,18.34529877,9.3611536026001,1.01193082332611,9.37572956085205,1.40866339206696,7.84648370742798,46.4875793457031,119.441131591797,0,0,9.0485315322876,1.7759450674057,
136,0,68.1541748,0,0,0,28.76580048,0,2.722601175,0,2.089253902,0,18.3612175,9.36619663238525,1.01216697692871,9.38853740692139,1.4103057384491,7.89379692077637,46.5806465148926,119.472373962402,0,0,9.07809257507324,1.77814519405365,
137,0,68.2505722,0,0,0,28.79372787,0,2.724033833,0,2.089696646,0,18.37664413,9.37107467651367,1.01239585876465,9.40096950531006,1.41189920902252,7.94061899185181,46.6730575561523,119.504127502441,0,0,9.1069278717041,1.78027963638306,
138,0,68.34695435,0,0,0,28.82163048,0,2.72546196,0,2.090139389,0,18.39205742,9.37581062316895,1.01261913776398,9.41304874420166,1.41344726085663,7.98694229125977,46.7648010253906,119.53638458252,0,0,9.13506031036377,1.78235411643982,
139,0,68.43730927,0,0,0,28.84778023,0,2.726796865,0,2.090554714,0,18.40649796,9.38040256500244,1.01283621788025,9.42478275299072,1.41495060920715,8.03276062011719,46.8558692932129,119.569145202637,0,0,9.16250324249268,1.78436934947968,
140,0,68.52765656,0,0,0,28.87390327,0,2.728130341,0,2.090969801,0,18.42092896,9.38485145568848,1.01304697990417,9.43617725372314,1.41641008853912,8.0780668258667,46.9462509155273,119.602401733398,0,0,9.18926906585693,1.78632593154907,
141,0,68.61198425,0,0,0,28.89827538,0,2.729370117,0,2.091357708,0,18.43438721,9.38915634155273,1.01325142383575,9.44723796844482,1.41782641410828,8.12285423278809,47.0359382629395,119.63614654541,0,0,9.21536827087402,1.78822433948517,
142,0,68.69630432,0,0,0,28.922657010000002,0,2.730606556,0,2.091745377,0,18.44784164,9.39331817626953,1.01344931125641,9.45796966552734,1.41920018196106,8.16711807250977,47.1249198913574,119.670364379883,0,0,9.24081420898438,1.7900652885437,
143,0,68.77762604,0,0,0,28.94613075,0,2.731797934,0,2.092119455,0,18.46080589,9.39735412597656,1.01364183425903,9.46839141845703,1.42053401470184,8.21085453033447,47.2131958007813,119.705047607422,0,0,9.26562595367432,1.7918529510498,
144,0,68.85892487,0,0,0,28.96961212,0,2.732986689,0,2.092493773,0,18.47376442,9.40127944946289,1.01382982730865,9.47851943969727,1.42183017730713,8.25405979156494,47.3007507324219,119.740196228027,0,0,9.28982257843018,1.79359138011932,
145,0,68.9342041,0,0,0,28.99134254,0,2.734082699,0,2.092840195,0,18.48575401,9.40508556365967,1.01401257514954,9.48835563659668,1.42308878898621,8.29673004150391,47.387580871582,119.775802612305,0,0,9.3134126663208,1.79527974128723,
146,0,69.00948334,0,0,0,29.01305008,0,2.735178709,0,2.093186617,0,18.49773598,9.40876579284668,1.01418936252594,9.49790096282959,1.42430973052979,8.3388614654541,47.4736824035645,119.811859130859,0,0,9.33640480041504,1.7969172000885,
147,0,69.08174896,0,0,0,29.03389549,0,2.736226797,0,2.093519449,0,18.50923729,9.41233444213867,1.01436138153076,9.50717067718506,1.42549526691437,8.38045215606689,47.5590438842773,119.848358154297,0,0,9.35881614685059,1.79850733280182,
148,0,69.15100098,0,0,0,29.05385971,0,2.737231255,0,2.093838692,0,18.52025223,9.41578578948975,1.01452779769897,9.51616382598877,1.42664504051208,8.42150115966797,47.6436614990234,119.885292053223,0,0,9.38065433502197,1.80004918575287,
149,0,69.22025299,0,0,0,29.07381821,0,2.738232851,0,2.094157696,0,18.53125954,9.4191312789917,1.0146895647049,9.52489471435547,1.42776107788086,8.46200561523438,47.7275314331055,119.922653198242,0,0,9.40193653106689,1.80154573917389,
150,0,69.28649139,0,0,0,29.09288979,0,2.739187479,0,2.094462872,0,18.54178238,9.42237949371338,1.01484715938568,9.53337383270264,1.42884492874146,8.5019645690918,47.8106498718262,119.960433959961,0,0,9.42267799377441,1.80299973487854,
151,0,69.3527298,0,0,0,29.1119709,0,2.740143061,0,2.094768524,0,18.55230331,9.42553615570068,1.0150009393692,9.54161357879639,1.42989814281464,8.54137802124023,47.8930168151855,119.998626708984,0,0,9.44289398193359,1.80441343784332,
152,0,69.41294098,0,0,0,29.12930298,0,2.741010666,0,2.095046043,0,18.56186295,9.42859172821045,1.01514983177185,9.54961013793945,1.43092000484467,8.58024597167969,47.9746284484863,120.037231445313,0,0,9.46258926391602,1.80578470230103,
153,0,69.47616577,0,0,0,29.14749908,0,2.741916656,0,2.095337629,0,18.5718956,9.43155288696289,1.01529431343079,9.557373046875,1.43191194534302,8.61856746673584,48.055477142334,120.076225280762,0,0,9.48177814483643,1.80711591243744,
154,0,69.53335571,0,0,0,29.1639595,0,2.742738247,0,2.09560132,0,18.58096695,9.43442726135254,1.01543486118317,9.56491279602051,1.4328751564025899,8.65634441375732,48.1355628967285,120.115615844727,0,0,9.50047397613525,1.8084089756012,
155,0,69.59056091,0,0,0,29.18040085,0,2.743555307,0,2.09586525,0,18.5900383,9.43720149993896,1.0155702829361,9.57222270965576,1.43380868434906,8.69357681274414,48.2148857116699,120.155395507813,0,0,9.51867961883545,1.80966138839722,
156,0,69.64775848,0,0,0,29.19686317,0,2.744374514,0,2.096129417,0,18.59910583,9.43990135192871,1.01570284366608,9.57932662963867,1.43471586704254,8.73026561737061,48.2934379577637,120.19554901123,0,0,9.53641796112061,1.81087923049927,
157,0,69.70193481,0,0,0,29.21241951,0,2.745145798,0,2.09637928,0,18.6076889,9.44252681732178,1.01583218574524,9.58623027801514,1.43559753894806,8.76641273498535,48.3712272644043,120.236068725586,0,0,9.55370044708252,1.81206357479095,
158,0,69.75310516,0,0,0,29.2271347,0,2.745876789,0,2.096615791,0,18.61579895,9.44506359100342,1.0159569978714,9.59292602539063,1.43645238876343,8.80202007293701,48.4482536315918,120.276947021484,0,0,9.57052803039551,1.81321132183075,
159,0,69.80428314,0,0,0,29.24183083,0,2.746604204,0,2.096851826,0,18.62389755,9.44751739501953,1.01607763767242,9.59942150115967,1.43728148937225,8.83709049224854,48.5245094299316,120.31819152832,0,0,9.58691215515137,1.81432402133942,
160,0,69.85545349,0,0,0,29.25653458,0,2.747330904,0,2.097088337,0,18.63199806,9.44990825653076,1.01619589328766,9.60573577880859,1.4380875825882,8.87162399291992,48.5999984741211,120.359786987305,0,0,9.60287475585938,1.81540679931641,
161,0,69.90361786,0,0,0,29.27035713,0,2.748015404,0,2.097310781,0,18.63961792,9.45223522186279,1.01631128787994,9.61187267303467,1.4388712644577,8.90562534332275,48.6747207641602,120.401725769043,0,0,9.61842441558838,1.81646013259888,
162,0,69.94876862,0,0,0,29.28331566,0,2.748652935,0,2.097519398,0,18.64675903,9.45448112487793,1.01642239093781,9.61782264709473,1.43963074684143,8.93909740447998,48.7486763000488,120.444000244141,0,0,9.63356018066406,1.81748032569885,
163,0,69.99391937,0,0,0,29.296278,0,2.749294519,0,2.097728014,0,18.65390015,9.45664882659912,1.01652956008911,9.62359142303467,1.44036674499512,8.97204303741455,48.8218650817871,120.486602783203,0,0,9.64829063415527,1.81846821308136,
164,0,70.03907013,0,0,0,29.3092289,0,2.749932051,0,2.097936869,0,18.66103745,9.45875835418701,1.01663434505463,9.62919616699219,1.44108188152313,9.00446510314941,48.8942909240723,120.52953338623,0,0,9.66263580322266,1.81942868232727,
165,0,70.08120728,0,0,0,29.32132149,0,2.750527143,0,2.098131418,0,18.66769791,9.46080780029297,1.01673626899719,9.63463973999023,1.44177639484406,9.03636646270752,48.9659538269043,120.572776794434,0,0,9.67660427093506,1.82036173343658,
166,0,70.12333679,0,0,0,29.33338928,0,2.751121283,0,2.098326206,0,18.67435265,9.46279430389404,1.01683521270752,9.63992404937744,1.44245052337646,9.06775283813477,49.0368537902832,120.616340637207,0,0,9.69020175933838,1.82126748561859,
167,0,70.16246033,0,0,0,29.34461594,0,2.751672745,0,2.098507166,0,18.68053246,9.46471786499023,1.01693105697632,9.64505100250244,1.44310450553894,9.09862613677979,49.106990814209,120.660202026367,0,0,9.70343589782715,1.82214593887329,
168,0,70.20159149,0,0,0,29.35583496,0,2.752221823,0,2.098688126,0,18.68671227,9.46657752990723,1.01702356338501,9.65002346038818,1.44373857975006,9.12899112701416,49.1763725280762,120.704360961914,0,0,9.7163143157959,1.82299709320068,
169,0,70.24071503,0,0,0,29.36704636,0,2.752772093,0,2.098869085,0,18.69288826,9.46838855743408,1.01711416244507,9.65485572814941,1.44435489177704,9.15885162353516,49.2449989318848,120.748817443848,0,0,9.72885417938232,1.8238251209259,
170,0,70.27683258,0,0,0,29.37740517,0,2.75328064,0,2.099036217,0,18.69858932,9.47014713287354,1.01720237731934,9.65954875946045,1.44495332241058,9.18821239471436,49.312873840332,120.793548583984,0,0,9.74105930328369,1.82462966442108,
171,0,70.31293488,0,0,0,29.387743,0,2.75378561,0,2.09920311,0,18.70428467,9.47185039520264,1.01728761196136,9.66410255432129,1.4455338716507,9.21707820892334,49.379997253418,120.838562011719,0,0,9.75293636322021,1.82540988922119,
172,0,70.34604645,0,0,0,29.39722252,0,2.754248381,0,2.099356413,0,18.7095089,9.4734935760498,1.01736986637115,9.66851711273193,1.44609653949738,9.24545288085938,49.4463729858398,120.883857727051,0,0,9.76449108123779,1.82616531848907,
173,0,70.37915039,0,0,0,29.40671539,0,2.754713535,0,2.099509478,0,18.71473122,9.47507762908936,1.01744890213013,9.67279243469238,1.44664108753204,9.27334213256836,49.5120048522949,120.929420471191,0,0,9.77572822570801,1.82689583301544,
174,0,70.41225433,0,0,0,29.41618729,0,2.755175829,0,2.099662781,0,18.71994972,9.47661685943604,1.01752603054047,9.67694187164307,1.44716966152191,9.30074977874756,49.5768928527832,120.975234985352,0,0,9.78666210174561,1.82760524749756,
175,0,70.44535828,0,0,0,29.42566681,0,2.755639553,0,2.099815845,0,18.72517014,9.47812271118164,1.01760196685791,9.6809778213501,1.44768416881561,9.32768058776855,49.641040802002,121.021308898926,0,0,9.79730701446533,1.82829654216766,
176,0,70.47544861,0,0,0,29.43427849,0,2.756059885,0,2.09995532,0,18.72991371,9.47958755493164,1.01767587661743,9.68489837646484,1.4481840133667,9.35414028167725,49.704460144043,121.06763458252,0,0,9.80766677856445,1.82896852493286,
177,0,70.50553894,0,0,0,29.4428978,0,2.756479502,0,2.100094557,0,18.73465538,9.4810037612915,1.01774728298187,9.68870162963867,1.4486688375473,9.38013458251953,49.767147064209,121.114204406738,0,0,9.8177433013916,1.82962000370026,
178,0,70.5356369,0,0,0,29.45151138,0,2.756898403,0,2.100234032,0,18.73939896,9.48238372802734,1.01781725883484,9.69239902496338,1.44914019107819,9.40566730499268,49.8291091918945,121.161010742188,0,0,9.82755088806152,1.83025395870209,
179,0,70.56272125,0,0,0,29.45926476,0,2.757276058,0,2.10035944,0,18.7436657,9.48372077941895,1.01788485050201,9.69598865509033,1.44959771633148,9.43074417114258,49.8903541564941,121.208053588867,0,0,9.83709239959717,1.83086919784546,
180,0,70.58979797,0,0,0,29.46700287,0,2.757652283,0,2.100484848,0,18.74792862,9.48500919342041,1.01794970035553,9.69946575164795,1.45004057884216,9.45537090301514,49.9508781433105,121.255325317383,0,0,9.84637069702148,1.8314642906189,
181,0,70.61688232,0,0,0,29.47474861,0,2.758029222,0,2.100610256,0,18.75219154,9.48626136779785,1.01801300048828,9.70284175872803,1.45047068595886,9.47955226898193,50.010684967041,121.302810668945,0,0,9.85539722442627,1.83204221725464,
182,0,70.64396667,0,0,0,29.48249626,0,2.758405924,0,2.100735664,0,18.75645828,9.48748683929443,1.01807522773743,9.70612621307373,1.45088946819305,9.50329399108887,50.0697860717773,121.350517272949,0,0,9.864182472229,1.83260571956635,
183,0,70.66803741,0,0,0,29.4893837,0,2.758738756,0,2.100847244,0,18.76024628,9.48867416381836,1.01813554763794,9.70931625366211,1.45129609107971,9.52660179138184,50.1281814575195,121.398429870605,0,0,9.87272930145264,1.83315289020538,
184,0,70.69211578,0,0,0,29.49626923,0,2.7590737340000002,0,2.100958824,0,18.76403809,9.48981761932373,1.01819336414337,9.71240615844727,1.45168972015381,9.54948043823242,50.1858787536621,121.446548461914,0,0,9.88103771209717,1.8336820602417,
185,0,70.71618652,0,0,0,29.50315094,0,2.759406328,0,2.101070166,0,18.76782417,9.49092864990234,1.01824975013733,9.71540641784668,1.4520720243454,9.57193660736084,50.2428817749023,121.494873046875,0,0,9.88911914825439,1.83419609069824,
186,0,70.73724365,0,0,0,29.50916862,0,2.759699583,0,2.101167917,0,18.77113724,9.49199962615967,1.01830387115479,9.71831226348877,1.45244204998016,9.59397506713867,50.2991943359375,121.543395996094,0,0,9.89697551727295,1.83469319343567,
187,0,70.76131439,0,0,0,29.5160408,0,2.760033131,0,2.101279497,0,18.77492142,9.49304008483887,1.01835656166077,9.7211332321167,1.45280134677887,9.6156005859375,50.3548240661621,121.592109680176,0,0,9.904616355896,1.83517563343048,
188,0,70.78237915,0,0,0,29.5220623,0,2.760323763,0,2.10137701,0,18.77823639,9.49405765533447,1.01840853691101,9.72387790679932,1.45315098762512,9.63681983947754,50.4097709655762,121.640998840332,0,0,9.9120512008667,1.83564591407776,
189,0,70.80344391,0,0,0,29.52807999,0,2.760616302,0,2.101474524,0,18.78154945,9.495041847229,1.01845860481262,9.72653961181641,1.4534900188446,9.65763759613037,50.4640464782715,121.690063476563,0,0,9.91928005218506,1.836101770401,
190,0,70.82450867,0,0,0,29.53410912,0,2.760907412,0,2.101572275,0,18.78486443,9.49600124359131,1.01850759983063,9.72912693023682,1.4538197517395,9.67806053161621,50.5176467895508,121.739311218262,0,0,9.92631244659424,1.83654534816742,
191,0,70.84255981,0,0,0,29.53926277,0,2.761156082,0,2.10165596,0,18.78770065,9.49692630767822,1.01855444908142,9.73163414001465,1.45413899421692,9.69809341430664,50.5705833435059,121.788719177246,0,0,9.93314647674561,1.8369745016098,
192,0,70.86361694,0,0,0,29.54527473,0,2.761446476,0,2.101753473,0,18.79101181,9.49782371520996,1.01860022544861,9.73406887054443,1.45444893836975,9.71774196624756,50.6228637695313,121.83829498291,0,0,9.93979263305664,1.83739125728607,
193,0,70.88166809,0,0,0,29.55043411,0,2.761697054,0,2.101837397,0,18.79384995,9.49870300292969,1.01864528656006,9.73643779754639,1.45475077629089,9.73701190948486,50.674488067627,121.888038635254,0,0,9.94626045227051,1.83779764175415,
194,0,70.89972687,0,0,0,29.5555954,0,2.76194644,0,2.101921082,0,18.79668808,9.49955081939697,1.01868855953217,9.73873424530029,1.45504319667816,9.75590896606445,50.7254638671875,121.937934875488,0,0,9.95254707336426,1.83819115161896,
195,0,70.91777802,0,0,0,29.56074715,0,2.76219511,0,2.102004766,0,18.79952431,9.50037670135498,1.01873075962067,9.74096488952637,1.45532739162445,9.77443885803223,50.7757987976074,121.987976074219,0,0,9.95866107940674,1.83857369422913,
196,0,70.93281555,0,0,0,29.5650425,0,2.762399912,0,2.102074385,0,18.80188751,9.5011682510376,1.01877093315125,9.74312305450439,1.45560204982758,9.79260635375977,50.8254928588867,122.038162231445,0,0,9.96460056304932,1.83894288539886,
197,0,70.95087433,0,0,0,29.57020378,0,2.762649059,0,2.102158308,0,18.80472565,9.50193405151367,1.01880991458893,9.74521636962891,1.45586848258972,9.81041812896729,50.8745536804199,122.088493347168,0,0,9.97037315368652,1.8393007516861,
198,0,70.96591187,0,0,0,29.57449722,0,2.762856483,0,2.102227926,0,18.80708885,9.50268173217773,1.01884829998016,9.74725151062012,1.45612752437592,9.82787799835205,50.9229927062988,122.138954162598,0,0,9.97598743438721,1.83964896202087,
199,0,70.98096466,0,0,0,29.57878113,0,2.763063908,0,2.102297783,0,18.80945206,9.50339984893799,1.01888489723206,9.74921989440918,1.45637786388397,9.84499263763428,50.9708061218262,122.189552307129,0,0,9.9814395904541,1.83998489379883,
200,0,70.99600983,0,0,0,29.5830822,0,2.76327157,0,2.102367401,0,18.81181526,9.50409603118896,1.01892030239105,9.75112819671631,1.4566205739975,9.86176776885986,51.0180015563965,122.240272521973,0,0,9.98673820495605,1.84031057357788,
201,0,71.01104736,0,0,0,29.58737564,0,2.763478518,0,2.102437258,0,18.81417656,9.50477504730225,1.01895499229431,9.7529821395874,1.45685648918152,9.87820720672607,51.0645904541016,122.291114807129,0,0,9.9918909072876,1.84062743186951,
202,0,71.02609253,0,0,0,29.59166336,0,2.763683558,0,2.102507114,0,18.81653976,9.50544166564941,1.01898944377899,9.75478744506836,1.45708632469177,9.89431667327881,51.1105728149414,122.342079162598,0,0,9.99690341949463,1.84093677997589,
203,0,71.03812408,0,0,0,29.59509659,0,2.763850451,0,2.102562904,0,18.81842804,9.50608253479004,1.01902222633362,9.75653457641602,1.45730876922607,9.91010189056396,51.1559524536133,122.393157958984,0,0,10.0017728805542,1.84123563766479,
204,0,71.05316925,0,0,0,29.59940338,0,2.764057636,0,2.102632761,0,18.82079315,9.50670433044434,1.01905405521393,9.75823020935059,1.45752453804016,9.92556953430176,51.200740814209,122.444351196289,0,0,10.0065050125122,1.84152567386627,
205,0,71.06520081,0,0,0,29.60282326,0,2.764221191,0,2.102688551,0,18.82267952,9.50731182098389,1.01908540725708,9.75988006591797,1.45773458480835,9.94072341918945,51.2449417114258,122.495651245117,0,0,10.0111064910889,1.84180819988251,
206,0,71.07723999,0,0,0,29.60627174,0,2.764385939,0,2.102744341,0,18.8245697,9.50789165496826,1.01911509037018,9.76147365570068,1.45793735980988,9.95556831359863,51.2885589599609,122.547050476074,0,0,10.0155744552612,1.84208047389984,
207,0,71.08927155,0,0,0,29.60969734,0,2.764552116,0,2.102800131,0,18.82645798,9.50845241546631,1.01914358139038,9.76301860809326,1.45813369750977,9.9701099395752,51.3316040039063,122.598541259766,0,0,10.0199146270752,1.84234392642975,
208,0,71.10131073,0,0,0,29.61312485,0,2.76471591,0,2.102855921,0,18.82834816,9.50899887084961,1.01917159557343,9.76451778411865,1.45832431316376,9.98435401916504,51.3740768432617,122.650131225586,0,0,10.0241327285767,1.84259974956512,
209,0,71.11334229,0,0,0,29.61657143,0,2.764882803,0,2.102911949,0,18.83023834,9.50953388214111,1.01919913291931,9.76597690582275,1.4585099220275899,9.99830436706543,51.4159851074219,122.701805114746,0,0,10.0282354354858,1.84284925460815,
210,0,71.12537384,0,0,0,29.6199913,0,2.765045881,0,2.102967739,0,18.8321228,9.51006031036377,1.01922655105591,9.76739883422852,1.45869100093842,10.0119667053223,51.4573364257813,122.753562927246,0,0,10.0322256088257,1.84309339523315,
211,0,71.13440704,0,0,0,29.62257767,0,2.765172005,0,2.103009701,0,18.83354187,9.51056575775146,1.01925253868103,9.76877403259277,1.45886611938477,10.0253467559814,51.4981346130371,122.805404663086,0,0,10.0361003875732,1.84332871437073,
212,0,71.14643097,0,0,0,29.62599945,0,2.765335321,0,2.103065491,0,18.83542824,9.51105499267578,1.01927757263184,9.77010726928711,1.4590357542038,10.0384483337402,51.5383834838867,122.857330322266,0,0,10.0398645401001,1.84355688095093,
213,0,71.15546417,0,0,0,29.62858582,0,2.765458584,0,2.103107452,0,18.83684731,9.51153087615967,1.01930201053619,9.77140331268311,1.45920073986053,10.0512771606445,51.5780906677246,122.909332275391,0,0,10.0435237884521,1.84377872943878,
214,0,71.16749573,0,0,0,29.63201141,0,2.765624523,0,2.103163242,0,18.83873367,9.51199722290039,1.01932621002197,9.77266502380371,1.45936155319214,10.0638370513916,51.617259979248,122.961402893066,0,0,10.047082901001,1.84399521350861,
215,0,71.17651367,0,0,0,29.63459396,0,2.765748262,0,2.103204966,0,18.84015083,9.5124568939209,1.01935029029846,9.77389621734619,1.45951855182648,10.0761337280273,51.6558990478516,123.013542175293,0,0,10.0505466461182,1.8442075252533,
216,0,71.18554688,0,0,0,29.63715935,0,2.765871048,0,2.103246927,0,18.84156609,9.51289558410645,1.01937282085419,9.77508640289307,1.45967018604279,10.088171005249,51.694019317627,123.065742492676,0,0,10.0539093017578,1.84441184997559,
217,0,71.19457245,0,0,0,29.63973999,0,2.765994549,0,2.103288889,0,18.84298134,9.5133171081543,1.01939451694489,9.77624034881592,1.45981705188751,10.0999546051025,51.731616973877,123.118003845215,0,0,10.0571756362915,1.84460937976837,
218,0,71.20359802,0,0,0,29.64230537,0,2.766117334,0,2.103330851,0,18.84439659,9.51372814178467,1.01941561698914,9.7773609161377,1.45995962619781,10.1114892959595,51.7686996459961,123.170318603516,0,0,10.0603494644165,1.84480130672455,
219,0,71.2126236,0,0,0,29.64488792,0,2.766240835,0,2.103372812,0,18.84581375,9.51412963867188,1.01943635940552,9.77845096588135,1.46009850502014,10.1227788925171,51.8052749633789,123.222694396973,0,0,10.0634365081787,1.84498846530914,
220,0,71.21863556,0,0,0,29.64659309,0,2.766323566,0,2.103400707,0,18.84675598,9.51450824737549,1.01945567131042,9.77950096130371,1.46023190021515,10.133828163147,51.8413467407227,123.275115966797,0,0,10.0664291381836,1.84516751766205,
221,0,71.22766876,0,0,0,29.64917374,0,2.76644659,0,2.10344243,0,18.84817314,9.51487064361572,1.01947402954102,9.78051471710205,1.46036052703857,10.1446409225464,51.8769226074219,123.327583312988,0,0,10.0693321228027,1.84533965587616,
222,0,71.23668671,0,0,0,29.65174103,0,2.766569614,0,2.103484392,0,18.84958649,9.51523590087891,1.01949310302734,9.78150749206543,1.46048700809479,10.1552228927612,51.9120101928711,123.380104064941,0,0,10.0721607208252,1.84551000595093,
223,0,71.2427063,0,0,0,29.65346146,0,2.766652584,0,2.103512287,0,18.85053253,9.51558876037598,1.01951134204865,9.78246974945068,1.46060955524445,10.1655778884888,51.9466133117676,123.432655334473,0,0,10.0749073028564,1.84567475318909,
224,0,71.25173187,0,0,0,29.65602684,0,2.7667746540000002,0,2.103554249,0,18.85194588,9.51593112945557,1.0195289850235,9.78340435028076,1.46072852611542,10.1757097244263,51.9807357788086,123.485244750977,0,0,10.0775756835938,1.84583485126495,
225,0,71.25774384,0,0,0,29.65774918,0,2.766857862,0,2.103582144,0,18.85289001,9.51626586914063,1.01954627037048,9.78431415557861,1.46084427833557,10.185622215271,52.0143852233887,123.537872314453,0,0,10.0801706314087,1.84599077701569,
226,0,71.26376343,0,0,0,29.65945435,0,2.766940355,0,2.103610039,0,18.85382843,9.51657962799072,1.01956224441528,9.78518772125244,1.46095514297485,10.1953201293945,52.0475654602051,123.590530395508,0,0,10.0826854705811,1.84613943099976,
227,0,71.272789,0,0,0,29.66204071,0,2.767063618,0,2.103652239,0,18.8552475,9.5168924331665,1.0195784568786601,9.78604125976563,1.46106374263763,10.2048072814941,52.0802803039551,123.643211364746,0,0,10.0851316452026,1.84628570079803,
228,0,71.27880859,0,0,0,29.66374588,0,2.767146111,0,2.103680134,0,18.85619164,9.5172061920166,1.0195951461792,9.78687858581543,1.46117055416107,10.2140884399414,52.1125373840332,123.695915222168,0,0,10.087513923645,1.84643006324768,
229,0,71.28482819,0,0,0,29.66546249,0,2.767226458,0,2.10370779,0,18.85713387,9.517502784729,1.01961052417755,9.78768634796143,1.46127343177795,10.2231674194336,52.1443405151367,123.748641967773,0,0,10.089825630188,1.84656870365143,
230,0,71.29083252,0,0,0,29.66716766,0,2.767308712,0,2.103735685,0,18.8580761,9.51778793334961,1.01962506771088,9.78846836090088,1.46137285232544,10.2320470809937,52.1756973266602,123.801391601563,0,0,10.0920705795288,1.84670257568359,
231,0,71.29685211,0,0,0,29.66888809,0,2.767391682,0,2.103763819,0,18.85902023,9.51806354522705,1.01963925361633,9.78922653198242,1.46146941184998,10.2407321929932,52.2066116333008,123.854156494141,0,0,10.0942506790161,1.84683227539063,
232,0,71.30287933,0,0,0,29.67060089,0,2.767474413,0,2.103791714,0,18.85996246,9.51833438873291,1.01965320110321,9.789963722229,1.46156322956085,10.2492265701294,52.2370910644531,123.906936645508,0,0,10.0963687896729,1.84695863723755,
233,0,71.30888367,0,0,0,29.6723156,0,2.767554283,0,2.103819847,0,18.86090469,9.51859855651855,1.0196670293808,9.79068183898926,1.46165466308594,10.2575340270996,52.2671356201172,123.95972442627,0,0,10.0984287261963,1.84708189964294,
234,0,71.31189728,0,0,0,29.67318916,0,2.767596722,0,2.103833675,0,18.86137772,9.51884269714355,1.01967942714691,9.79136943817139,1.46174192428589,10.2656574249268,52.2967529296875,124.012519836426,0,0,10.1004228591919,1.8471987247467,
235,0,71.31791687,0,0,0,29.67488861,0,2.767678976,0,2.10386157,0,18.86232185,9.51907348632813,1.01969087123871,9.79202842712402,1.46182548999786,10.2736015319824,52.3259506225586,124.065315246582,0,0,10.1023540496826,1.84730994701385,
236,0,71.3239212,0,0,0,29.67661095,0,2.767759323,0,2.103889465,0,18.86326408,9.51930809020996,1.01970314979553,9.79267692565918,1.46190786361694,10.2813692092896,52.3547286987305,124.118125915527,0,0,10.1042346954346,1.84742045402527,
237,0,71.32994843,0,0,0,29.67832375,0,2.767842054,0,2.10391736,0,18.86420631,9.51954746246338,1.01971578598022,9.79331398010254,1.46198916435242,10.2889633178711,52.3830986022949,124.170928955078,0,0,10.1060676574707,1.84753036499023,
238,0,71.33295441,0,0,0,29.67917633,0,2.767882109,0,2.103931427,0,18.86467743,9.51977252960205,1.0197274684906,9.7939281463623,1.46206748485565,10.2963876724243,52.4110641479492,124.223739624023,0,0,10.1078462600708,1.8476357460022,
239,0,71.338974,0,0,0,29.68090439,0,2.767965078,0,2.103959322,0,18.86562157,9.51998805999756,1.01973867416382,9.79452323913574,1.46214306354523,10.3036470413208,52.4386253356934,124.27653503418,0,0,10.1095724105835,1.84773743152618,
240,0,71.34197235,0,0,0,29.68174934,0,2.76800704,0,2.103973389,0,18.86609077,9.52019786834717,1.01974940299988,9.79509925842285,1.4622163772583,10.3107433319092,52.4657897949219,124.329322814941,0,0,10.1112480163574,1.84783577919006,
241,0,71.34799194,0,0,0,29.68347168,0,2.768087149,0,2.104001284,0,18.86703491,9.52040100097656,1.01975989341736,9.79565811157227,1.46228754520416,10.3176803588867,52.4925651550293,124.382102966309,0,0,10.1128759384155,1.84793138504028,
242,0,71.35100555,0,0,0,29.68432999,0,2.768129826,0,2.10401535,0,18.86750793,9.52059936523438,1.01977026462555,9.79620265960693,1.46235680580139,10.3244619369507,52.5189514160156,124.434875488281,0,0,10.1144571304321,1.848024725914,
243,0,71.35702515,0,0,0,29.68603706,0,2.76821208,0,2.104043245,0,18.86844826,9.52079677581787,1.01978051662445,9.79673385620117,1.46242439746857,10.331090927124,52.5449562072754,124.48762512207,0,0,10.1159954071045,1.84811592102051,
244,0,71.36003113,0,0,0,29.68689919,0,2.768251896,0,2.104057312,0,18.86892128,9.52099132537842,1.01979076862335,9.7972526550293,1.46249055862427,10.3375692367554,52.5705871582031,124.540367126465,0,0,10.1174917221069,1.84820556640625,
245,0,71.36303711,0,0,0,29.68775177,0,2.76829195,0,2.10407114,0,18.8693924,9.52116680145264,1.01979959011078,9.7977466583252,1.46255338191986,10.3439025878906,52.5958442687988,124.593086242676,0,0,10.1189384460449,1.84828960895538,
246,0,71.36604309,0,0,0,29.68860435,0,2.768334389,0,2.104085207,0,18.8698616,9.52132987976074,1.01980769634247,9.79821872711182,1.46261310577393,10.3500909805298,52.6207313537598,124.645774841309,0,0,10.1203384399414,1.84836900234222,
247,0,71.37206268,0,0,0,29.69033241,0,2.76841712,0,2.104113102,0,18.87080765,9.52150058746338,1.0198165178299,9.79868412017822,1.46267223358154,10.3561391830444,52.6452560424805,124.698455810547,0,0,10.1217031478882,1.84844851493835,
248,0,71.37506866,0,0,0,29.69116974,0,2.768456697,0,2.10412693,0,18.87127686,9.52167415618896,1.01982593536377,9.79914379119873,1.46273100376129,10.3620500564575,52.6694259643555,124.751106262207,0,0,10.1230344772339,1.84852814674377,
249,0,71.37808228,0,0,0,29.69203186,0,2.768496513,0,2.104140997,0,18.87174797,9.52183437347412,1.01983428001404,9.79958438873291,1.46278715133667,10.367826461792,52.6932411193848,124.803726196289,0,0,10.1243228912354,1.84860372543335,
250,0,71.38108063,0,0,0,29.69289017,0,2.76853919,0,2.104155064,0,18.87221909,9.52198600769043,1.01984202861786,9.80000877380371,1.46284115314484,10.3734703063965,52.7167053222656,124.856307983398,0,0,10.1255712509155,1.84867596626282,
251,0,71.38409424,0,0,0,29.69375992,0,2.768579245,0,2.104168892,0,18.87269211,9.52213096618652,1.01984941959381,9.80041885375977,1.46289300918579,10.3789854049683,52.7398262023926,124.908866882324,0,0,10.126781463623,1.84874534606934,
252,0,71.38710022,0,0,0,29.69460487,0,2.768621445,0,2.104182959,0,18.87316132,9.52227115631104,1.01985657215118,9.80081462860107,1.46294319629669,10.3843727111816,52.7626075744629,124.961395263672,0,0,10.1279573440552,1.84881234169006,
253,0,71.39011383,0,0,0,29.69545937,0,2.768661261,0,2.104197025,0,18.87363434,9.52240753173828,1.01986348628998,9.80119800567627,1.46299183368683,10.3896369934082,52.7850532531738,125.013877868652,0,0,10.1290969848633,1.84887731075287,
254,0,71.39311981,0,0,0,29.69632721,0,2.768701553,0,2.104210854,0,18.87410736,9.52254009246826,1.01987040042877,9.80157089233398,1.46303904056549,10.3947792053223,52.8071670532227,125.06632232666,0,0,10.1302042007446,1.84894037246704,
255,0,71.39613342,0,0,0,29.69717789,0,2.768743753,0,2.10422492,0,18.87457657,9.52267169952393,1.01987731456757,9.80193328857422,1.46308517456055,10.3998031616211,52.8289566040039,125.11873626709,0,0,10.1312799453735,1.84900200366974,
256,0,71.3991394,0,0,0,29.69803238,0,2.768783808,0,2.104238749,0,18.87504768,9.52280139923096,1.01988410949707,9.80228614807129,1.46313011646271,10.4047107696533,52.8504219055176,125.171104431152,0,0,10.1323251724243,1.84906244277954,
257,0,71.40214539,0,0,0,29.69889259,0,2.768826246,0,2.104252815,0,18.8755188,9.52293014526367,1.01989078521729,9.80263137817383,1.46317398548126,10.4095048904419,52.8715705871582,125.223426818848,0,0,10.1333417892456,1.84912180900574,
258,0,71.40515137,0,0,0,29.69975281,0,2.768866301,0,2.104266882,0,18.87598991,9.52305793762207,1.01989769935608,9.80296993255615,1.46321713924408,10.4141883850098,52.892406463623,125.275703430176,0,0,10.1343307495117,1.84918034076691,
259,0,71.40815735,0,0,0,29.70059967,0,2.768905401,0,2.10428071,0,18.87646103,9.52318382263184,1.01990437507629,9.80330181121826,1.46325957775116,10.4187631607056,52.9129333496094,125.327941894531,0,0,10.1352939605713,1.84923791885376,
260,0,71.41117096,0,0,0,29.70145798,0,2.768948555,0,2.104294777,0,18.87693405,9.5233097076416,1.0199111700058,9.80362796783447,1.4633013010025,10.4232311248779,52.9331550598145,125.380126953125,0,0,10.1362323760986,1.84929490089417,
261,0,71.41417694,0,0,0,29.70232773,0,2.768988132,0,2.104308844,0,18.87740517,9.52343559265137,1.01991808414459,9.80394840240479,1.4633424282074,10.4275951385498,52.9530754089355,125.432258605957,0,0,10.1371469497681,1.8493514060974101,
262,0,71.41417694,0,0,0,29.70232773,0,2.768988132,0,2.104308844,0,18.87740517,9.52354526519775,1.01992344856262,9.80425071716309,1.46338093280792,10.4318571090698,52.9727020263672,125.484336853027,0,0,10.1380290985107,1.84940350055695,
263,0,71.41719055,0,0,0,29.70317268,0,2.769028425,0,2.104322672,0,18.87787437,9.52364158630371,1.01992809772491,9.80453681945801,1.46341705322266,10.4360198974609,52.9920349121094,125.536361694336,0,0,10.138879776001,1.84945166110992,
264,0,71.4201889,0,0,0,29.70402527,0,2.769070148,0,2.104336739,0,18.87834549,9.52374649047852,1.01993358135223,9.8048210144043,1.46345317363739,10.4400844573975,53.0110740661621,125.588333129883,0,0,10.1397113800049,1.84950041770935,
265,0,71.4201889,0,0,0,29.70402527,0,2.769070148,0,2.104336739,0,18.87834549,9.52383995056152,1.01993823051453,9.80509090423584,1.4634872674942,10.4440546035767,53.0298309326172,125.640251159668,0,0,10.1405153274536,1.84954595565796,
266,0,71.42320251,0,0,0,29.70488739,0,2.76911068,0,2.104350567,0,18.8788166,9.52392578125,1.01994228363037,9.80534744262695,1.46351957321167,10.4479312896729,53.0483055114746,125.692108154297,0,0,10.1412906646729,1.84958851337433,
267,0,71.4262085,0,0,0,29.70575333,0,2.769153357,0,2.104364634,0,18.87928772,9.52402210235596,1.01994740962982,9.80560493469238,1.46355247497559,10.4517164230347,53.0665016174316,125.74390411377,0,0,10.1420497894287,1.84963297843933,
268,0,71.42922211,0,0,0,29.70660019,0,2.769192934,0,2.104378462,0,18.87976074,9.52412509918213,1.01995325088501,9.80586433410645,1.46358573436737,10.4554128646851,53.0844230651855,125.795639038086,0,0,10.1427936553955,1.84967863559723,
269,0,71.42922211,0,0,0,29.70660019,0,2.769192934,0,2.104378462,0,18.87976074,9.52421760559082,1.01995813846588,9.80611133575439,1.4636173248291,10.4590225219727,53.1020774841309,125.847305297852,0,0,10.1435127258301,1.84972143173218,
270,0,71.43222809,0,0,0,29.7074585,0,2.769234896,0,2.104392529,0,18.88022995,9.52430248260498,1.01996243000031,9.80634784698486,1.46364736557007,10.4625473022461,53.1194686889648,125.898918151855,0,0,10.1442089080811,1.84976172447205,
271,0,71.43222809,0,0,0,29.7074585,0,2.769234896,0,2.104392529,0,18.88022995,9.52438259124756,1.01996636390686,9.80657386779785,1.46367597579956,10.4659881591797,53.1365966796875,125.950469970703,0,0,10.1448822021484,1.84979999065399,
272,0,71.4352417,0,0,0,29.70832062,0,2.769275427,0,2.104406595,0,18.88070297,9.52445793151855,1.01997005939484,9.80679130554199,1.46370351314545,10.4693479537964,53.1534614562988,126.001945495605,0,0,10.1455345153809,1.84983646869659,
273,0,71.43824005,0,0,0,29.70916557,0,2.769315243,0,2.104420424,0,18.88117218,9.52454566955566,1.019975066185,9.80701446533203,1.46373212337494,10.4726276397705,53.1700744628906,126.053352355957,0,0,10.1461763381958,1.84987556934357,
274,0,71.43824005,0,0,0,29.70916557,0,2.769315243,0,2.104420424,0,18.88117218,9.52462577819824,1.01997935771942,9.80722808837891,1.46375942230225,10.4758291244507,53.1864356994629,126.104690551758,0,0,10.1467981338501,1.84991264343262,
275,0,71.44124603,0,0,0,29.71002579,0,2.769357204,0,2.10443449,0,18.88164139,9.52470207214355,1.01998317241669,9.80743408203125,1.46378576755524,10.4789552688599,53.2025489807129,126.155960083008,0,0,10.1474008560181,1.8499481678009,
276,0,71.44124603,0,0,0,29.71002579,0,2.769357204,0,2.10443449,0,18.88164139,9.52477550506592,1.01998686790466,9.80763339996338,1.46381115913391,10.4820070266724,53.2184143066406,126.207145690918,0,0,10.1479864120483,1.849982380867,
277,0,71.44425964,0,0,0,29.71089363,0,2.769397736,0,2.104448557,0,18.88211632,9.52484512329102,1.01999056339264,9.80782699584961,1.46383571624756,10.4849863052368,53.2340431213379,126.258262634277,0,0,10.1485538482666,1.8500155210495,
278,0,71.44425964,0,0,0,29.71089363,0,2.769397736,0,2.104448557,0,18.88211632,9.5249137878418,1.01999413967133,9.80801391601563,1.46385967731476,10.4878940582275,53.2494277954102,126.309310913086,0,0,10.1491050720215,1.85004770755768,
279,0,71.44726563,0,0,0,29.7117424,0,2.769437075,0,2.104462385,0,18.88258743,9.52497959136963,1.01999759674072,9.80819702148438,1.46388280391693,10.4907321929932,53.2645797729492,126.360282897949,0,0,10.1496410369873,1.85007905960083,
280,0,71.44726563,0,0,0,29.7117424,0,2.769437075,0,2.104462385,0,18.88258743,9.52504444122314,1.02000093460083,9.80837535858154,1.46390545368195,10.4935026168823,53.2795028686523,126.411178588867,0,0,10.1501626968384,1.85010957717896,
281,0,71.44726563,0,0,0,29.7117424,0,2.769437075,0,2.104462385,0,18.88258743,9.52509307861328,1.02000296115875,9.8085355758667,1.46392548084259,10.4962072372437,53.2941932678223,126.461990356445,0,0,10.1506595611572,1.85013568401337,
282,0,71.45027161,0,0,0,29.71259308,0,2.769479513,0,2.104476213,0,18.88305473,9.52514457702637,1.02000558376312,9.80869293212891,1.46394538879395,10.4988470077515,53.3086624145508,126.512725830078,0,0,10.1511421203613,1.85016179084778,
283,0,71.45027161,0,0,0,29.71259308,0,2.769479513,0,2.104476213,0,18.88305473,9.52519989013672,1.02000844478607,9.80884838104248,1.46396505832672,10.5014228820801,53.3229103088379,126.563377380371,0,0,10.1516132354736,1.85018789768219,
284,0,71.45328522,0,0,0,29.71346283,0,2.769519091,0,2.104490519,0,18.88352966,9.5252571105957,1.0200115442276,9.80900192260742,1.46398448944092,10.5039367675781,53.3369369506836,126.613945007324,0,0,10.1520719528198,1.85021412372589,
285,0,71.45328522,0,0,0,29.71346283,0,2.769519091,0,2.104490519,0,18.88352966,9.525315284729,1.02001476287842,9.80915355682373,1.46400392055511,10.5063896179199,53.3507499694824,126.664428710938,0,0,10.1525192260742,1.85024058818817,
286,0,71.45328522,0,0,0,29.71346283,0,2.769519091,0,2.104490519,0,18.88352966,9.52535820007324,1.02001678943634,9.80929088592529,1.46402108669281,10.5087833404541,53.3643493652344,126.714828491211,0,0,10.152946472168,1.85026299953461,
287,0,71.45628357,0,0,0,29.71430588,0,2.769561529,0,2.104504347,0,18.88399887,9.52540588378906,1.02001929283142,9.80942726135254,1.46403837203979,10.511118888855,53.3777389526367,126.765144348145,0,0,10.1533641815186,1.85028600692749,
288,0,71.45628357,0,0,0,29.71430588,0,2.769561529,0,2.104504347,0,18.88399887,9.52545833587646,1.02002203464508,9.80956363677979,1.46405577659607,10.5133972167969,53.3909225463867,126.815383911133,0,0,10.1537714004517,1.85030949115753,
289,0,71.45929718,0,0,0,29.715168,0,2.769601345,0,2.104518175,0,18.88446808,9.52551364898682,1.02002513408661,9.80970001220703,1.46407330036163,10.5156211853027,53.4039039611816,126.865531921387,0,0,10.1541700363159,1.85033345222473,
290,0,71.45929718,0,0,0,29.715168,0,2.769601345,0,2.104518175,0,18.88446808,9.52556991577148,1.02002823352814,9.80983638763428,1.4640908241272,10.5177907943726,53.4166870117188,126.915588378906,0,0,10.1545600891113,1.85035789012909,
291,0,71.45929718,0,0,0,29.715168,0,2.769601345,0,2.104518175,0,18.88446808,9.52561187744141,1.02003014087677,9.80995941162109,1.46410644054413,10.5199089050293,53.429271697998,126.965560913086,0,0,10.1549320220947,1.85037863254547,
292,0,71.46230316,0,0,0,29.71602821,0,2.769641638,0,2.104532242,0,18.8849411,9.52565860748291,1.02003276348114,9.81008434295654,1.46412229537964,10.5219745635986,53.4416618347168,127.015441894531,0,0,10.1552963256836,1.85040032863617,
293,0,71.46230316,0,0,0,29.71602821,0,2.769641638,0,2.104532242,0,18.8849411,9.52570915222168,1.02003562450409,9.81021022796631,1.46413850784302,10.5239906311035,53.4538612365723,127.065238952637,0,0,10.1556539535522,1.8504227399826,
294,0,71.46230316,0,0,0,29.71602821,0,2.769641638,0,2.104532242,0,18.8849411,9.52574729919434,1.02003729343414,9.81032276153564,1.46415281295776,10.5259571075439,53.4658699035645,127.114936828613,0,0,10.1559944152832,1.85044169425964,
295,0,71.46230316,0,0,0,29.71602821,0,2.769641638,0,2.104532242,0,18.8849411,9.52577495574951,1.02003836631775,9.8104248046875,1.46416556835175,10.5278768539429,53.4776916503906,127.164543151855,0,0,10.1563186645508,1.85045778751373,
296,0,71.46531677,0,0,0,29.71688843,0,2.769683599,0,2.104546309,0,18.88541412,9.52581214904785,1.02004039287567,9.8105297088623,1.46417880058289,10.529748916626,53.489330291748,127.214057922363,0,0,10.1566381454468,1.85047543048859,
297,0,71.46531677,0,0,0,29.71688843,0,2.769683599,0,2.104546309,0,18.88541412,9.52585601806641,1.02004289627075,9.81063842773438,1.46419262886047,10.5315752029419,53.5007934570313,127.263481140137,0,0,10.1569538116455,1.8504946231842,
298,0,71.46531677,0,0,0,29.71688843,0,2.769683599,0,2.104546309,0,18.88541412,9.52588844299316,1.02004444599152,9.81073570251465,1.4642049074173,10.5333566665649,53.5120735168457,127.312805175781,0,0,10.1572542190552,1.85051083564758,
299,0,71.46833038,0,0,0,29.71773529,0,2.769723654,0,2.104560375,0,18.88588333,9.52592849731445,1.02004671096802,9.81083679199219,1.46421790122986,10.5350942611694,53.5231781005859,127.362030029297,0,0,10.1575508117676,1.85052859783173,
