"Time Step","Softwood Merchantable","Hardwood Merchantable","Softwood Submerchantable","Hardwood Submerchantable","Softwood Other","Hardwood Other","Softwood Foliage","Hardwood Foliage","Softwood Fine Roots","Hardwood Fine Roots","Softwood Coarse Roots","Hardwood Coarse Roots","Aboveground Very Fast DOM","Belowground Very Fast DOM","Aboveground Fast DOM","Belowground Fast DOM","Medium DOM","Aboveground Slow DOM","Belowground Slow DOM","Softwood Stem Snag","Softwood Branch Snag","Hardwood Stem Snag","Hardwood Branch Snag",
0,0,0.08325731009,0,0,0,0.1512106359,0,0.025848776100000002,0,0.2132083178,0,0.3142564297,1.44166100025177,0.240023270249367,28.2699890136719,6.52447748184204,9.57119083404541,22.7732944488525,77.4163208007813,0,0,2.7055578539148e-4,6.6914217313751e-4,
1,0,0.3007141352,0,0,0,0.4517750144,0,0.06771206856,0,0.4094663262,0,0.6589012742,0.493672668933868,0.0675978362560272,21.7812824249268,5.02820110321045,8.99769306182861,23.3339366912842,77.602165222168,0,0,0.00150181818753481,0.00320135103538632,
2,0,0.6359676123,0,0,0,0.8456308842,0,0.1181796417,0,0.5857871175,0,1.025438786,0.230810299515724,0.045174490660429,16.7953300476074,3.8786678314209,8.45859622955322,23.5214405059814,77.715087890625,0,0,0.00445407815277576,0.00829133298248053,
3,0,1.079577804,0,0,0,1.308072925,0,0.1745310724,0,0.7429884672,0,1.409569144,0.18141570687294,0.0513460114598274,12.9688577651978,2.99631071090698,7.95189046859741,23.4903583526611,77.7870178222656,0,0,0.00975726824253798,0.0161350332200527,
4,0,1.623882055,0,0,0,1.822747946,0,0.235097304,0,0.8824876547,0,1.807692885,0.198128178715706,0.0620320998132229,10.0370216369629,2.31982564926147,7.47570657730103,23.3186492919922,77.8307495117188,0,0,0.0179473161697388,0.0267068389803171,
5,0,2.261897802,0,0,0,2.377316952,0,0.2986863852,0,1.005870342,0,2.216594934,0.23480236530304,0.0725381746888161,7.79550838470459,1.80197668075562,7.02830171585083,23.053295135498,77.8537063598633,0,0,0.0294798668473959,0.039859373122453703,
6,0,2.986918211,0,0,0,2.961850166,0,0.3643805385,0,1.114734888,0,2.633363485,0.27692049741745,0.0820318534970284,6.0866847038269,1.4063640832901,6.60805225372314,22.7261600494385,77.8610763549805,0,0,0.0447382852435112,0.0553767085075378,
7,0,3.792336702,0,0,0,3.568071365,0,0.4314426482,0,1.210620165,0,3.055358171,0.319875150918961,0.0904475674033165,4.78891134262085,1.10493528842926,6.21344327926636,22.3601989746094,77.8567123413086,0,0,0.0640392899513245,0.0730062797665596,
8,0,4.671571255,0,0,0,4.188948154,0,0.4992655814,0,1.294970751,0,3.480191946,0.362182080745697,0.0978673696517944,3.80829811096191,0.876067817211151,5.84306049346924,21.9723625183105,77.843505859375,0,0,0.0876374095678329,0.0924791619181633,
9,0,5.618037701,0,0,0,4.818446159,0,0.5673416257,0,1.369118571,0,3.905718327,0.403352975845337,0.10439608246088,3.07235240936279,0.703092813491821,5.49558019638062,21.5752429962158,77.8236465454102,0,0,0.115728870034218,0.113523326814175,
10,0,6.625148773,0,0,0,5.451367378,0,0.6352427602,0,1.434277773,0,4.33001709,0.443224400281906,0.11013574898243,2.52508139610291,0.573158264160156,5.16976594924927,21.1781749725342,77.7988052368164,0,0,0.148455128073692,0.135872393846512,
11,0,7.686330318,0,0,0,6.083236694,0,0.7026064396,0,1.491543531,0,4.751379013,0.481743842363358,0.115180268883705,2.12321901321411,0.476352751255035,4.86445951461792,20.7880020141602,77.7702407836914,0,0,0.185906246304512,0.159271359443665,
12,0,8.795043945,0,0,0,6.71021843,0,0.7691258192,0,1.541897535,0,5.16829586,0.51889955997467,0.119614541530609,1.83331882953644,0.405031263828278,4.57857370376587,20.4096717834473,77.738899230957,0,0,0.228124156594276,0.183480307459831,
13,0,9.944815636,0,0,0,7.329048157,0,0.8345416784,0,1.586212397,0,5.579444885,0.55469673871994,0.12351456284523,1.62951242923737,0.353295534849167,4.31108808517456,20.0466842651367,77.7055206298828,0,0,0.275105983018875,0.208276748657227,
14,0,11.12926865,0,0,0,7.936976433,0,0.8986362815,0,1.625260949,0,5.983671665,0.589148461818695,0.126947909593582,1.4917825460434,0.316593766212463,4.06104326248169,19.7014198303223,77.6706466674805,0,0,0.326807230710983,0.23345685005188,
15,0,12.34215355,0,0,0,8.531720161,0,0.9612283111,0,1.659723639,0,6.379981518,0.622272431850433,0.129974335432053,1.40463185310364,0.291412442922592,3.82753682136536,19.3754138946533,77.6347122192383,0,0,0.383145064115524,0.258835971355438,
16,0,13.57738113,0,0,0,9.11141777,0,1.022168398,0,1.690197349,0,6.76752615,0.654088854789734,0.132646456360817,1.35605669021606,0.275038689374924,3.60971665382385,19.0695533752441,77.5980453491211,0,0,0.444001704454422,0.284248650074005,
17,0,14.82905006,0,0,0,9.67458725,0,1.081335902,0,1.717203736,0,7.145585537,0.684619843959808,0.13501039147377,1.33675599098206,0.265377312898636,3.40677905082703,18.7842388153076,77.560905456543,0,0,0.509227573871613,0.309548377990723,
18,0,16.09147835,0,0,0,10.22008896,0,1.138635039,0,1.741197348,0,7.513563156,0.713889122009277,0.137106463313103,1.33952021598816,0.260809719562531,3.21796345710754,18.5194969177246,77.5234832763672,0,0,0.578644454479218,0.334606796503067,
19,0,17.65629768,0,0,0,10.34259987,0,1.17561388,0,1.761188388,0,7.846897125,0.739134848117828,0.138925597071648,1.35399556159973,0.259992659091949,3.0425500869751,18.2737140655518,77.4859008789063,0,0,0.653014361858368,0.357522994279861,
20,0,18.89600372,0,0,0,10.70867252,0,1.22664845,0,1.778684139,0,8.161396027,0.761877596378326,0.140482515096664,1.37504601478577,0.261857897043228,2.87988471984863,18.0456638336182,77.4482192993164,0,0,0.731961250305176,0.377938777208328,
21,0,20.12505531,0,0,0,11.08664894,0,1.276565909,0,1.794716477,0,8.470580101,0.785556793212891,0.141861036419868,1.40382528305054,0.265695780515671,2.72934126853943,17.8355979919434,77.410530090332,0,0,0.814114809036255,0.39749339222908,
22,0,21.33343697,0,0,0,11.47134972,0,1.324924707,0,1.809331894,0,8.771900177,0.808988273143768,0.143112272024155,1.4386545419693,0.271001994609833,2.5902898311615,17.6432113647461,77.372932434082,0,0,0.899177610874176,0.416444480419159,
23,0,22.52270508,0,0,0,11.86140919,0,1.371775985,0,1.822717428,0,9.065792084,0.831757247447968,0.144253835082054,1.47817718982697,0.277380138635635,2.46212935447693,17.4679737091064,77.3354949951172,0,0,0.986843109130859,0.43496835231781,
24,0,23.68591499,0,0,0,12.25294399,0,1.416854739,0,1.834947705,0,9.350651741,0.85371595621109,0.145297512412071,1.52129662036896,0.284520357847214,2.34428524971008,17.309253692627,77.2983016967773,0,0,1.07680559158325,0.453182071447372,
25,0,24.82723808,0,0,0,12.64597511,0,1.460342526,0,1.846202612,0,9.627642632,0.874818742275238,0.146253809332848,1.56713151931763,0.292182356119156,2.23620867729187,17.1663761138916,77.2614135742188,0,0,1.16876900196075,0.471161991357803,
26,0,25.93974113,0,0,0,13.03692436,0,1.502005696,0,1.856533289,0,9.895251274,0.895055413246155,0.147132158279419,1.61496639251709,0.300179779529572,2.13737463951111,17.038646697998,77.2248764038086,0,0,1.262446641922,0.488953053951263,
27,0,27.02737236,0,0,0,13.42610359,0,1.542029738,0,1.866082549,0,10.15460873,0.914425134658813,0.147940635681152,1.66421437263489,0.308367609977722,2.04728078842163,16.9253559112549,77.1887435913086,0,0,1.35755956172943,0.506576657295227,
28,0,28.08323669,0,0,0,13.81011772,0,1.580205798,0,1.874882579,0,10.4042635,0.932933032512665,0.148686408996582,1.71438837051392,0.316632926464081,1.96544659137726,16.8257942199707,77.1530532836914,0,0,1.45383596420288,0.524036109447479,
29,0,29.11110115,0,0,0,14.18948078,0,1.616718769,0,1.883047104,0,10.64530849,0.950584471225739,0.149375572800636,1.76507902145386,0.324887424707413,1.89141201972961,16.7392501831055,77.1178436279297,0,0,1.55101072788239,0.541321396827698,
30,0,30.1093235,0,0,0,14.56285381,0,1.651560903,0,1.890631795,0,10.87754536,0.967415571212769,0.150014713406563,1.81596422195435,0.333066493272781,1.82473695278168,16.6650352478027,77.0831527709961,0,0,1.64884185791016,0.558420896530151,
31,0,31.07623672,0,0,0,14.92895031,0,1.684724689,0,1.897685409,0,11.10077763,0.983440816402435,0.150608509778976,1.86676299571991,0.341118931770325,1.76500010490417,16.6024627685547,77.0490188598633,0,0,1.74709105491638,0.575313687324524,
32,0,32.01272583,0,0,0,15.2875061,0,1.716295362,0,1.904266834,0,11.31539536,0.998681366443634,0.151161313056946,1.91724038124084,0.349005967378616,1.71179819107056,16.5508632659912,77.0154571533203,0,0,1.84553229808807,0.591976284980774,
33,0,32.91705322,0,0,0,15.63730145,0,1.7462641,0,1.910409689,0,11.52117538,1.01315975189209,0.151676923036575,1.96719706058502,0.356698453426361,1.66474545001984,16.5095901489258,76.9824981689453,0,0,1.94395065307617,0.608383357524872,
34,0,33.79251099,0,0,0,15.97913551,0,1.774792552,0,1.916175008,0,11.7190361,1.02691042423248,0.152159094810486,2.01647543907166,0.364176571369171,1.62347280979156,16.4780139923096,76.9501647949219,0,0,2.04214882850647,0.624512851238251,
35,0,34.63725662,0,0,0,16.31187439,0,1.80186975,0,1.921583414,0,11.90871525,1.03997027873993,0.15261122584343,2.06495070457459,0.371427625417709,1.58762729167938,16.4555320739746,76.9184722900391,0,0,2.13994693756104,0.640345811843872,
36,0,35.45192719,0,0,0,16.6353569,0,1.827562094,0,1.926667571,0,12.09050179,1.05236172676086,0.153035655617714,2.1125111579895,0.378441959619522,1.55687177181244,16.4415588378906,76.8874435424805,0,0,2.23717141151428,0.655861377716064,
37,0,36.23712158,0,0,0,16.94946671,0,1.851934075,0,1.931455612,0,12.26466656,1.0641143321991,0.153434798121452,2.15906763076782,0.38521420955658,1.5308837890625,16.4355373382568,76.8570938110352,0,0,2.33366417884827,0.671041667461395,
38,0,36.99337387,0,0,0,17.25412178,0,1.875047326,0,1.935971975,0,12.43145943,1.07525825500488,0.153810814023018,2.20454978942871,0.391742289066315,1.50935578346252,16.4369335174561,76.8274459838867,0,0,2.42928004264832,0.685871601104736,
39,0,37.72117996,0,0,0,17.54922104,0,1.896956801,0,1.940237164,0,12.59110641,1.08582258224487,0.154165551066399,2.2489025592804,0.398026496171951,1.49199414253235,16.4452304840088,76.7985076904297,0,0,2.52388596534729,0.700338304042816,
40,0,38.42100525,0,0,0,17.83468819,0,1.917713761,0,1.944269061,0,12.74381828,1.09583389759064,0.154500618577003,2.29208135604858,0.404068619012833,1.47851872444153,16.459939956665,76.7702865600586,0,0,2.61735987663269,0.714430809020996,
41,0,39.09326553,0,0,0,18.11046219,0,1.937369466,0,1.94808352,0,12.88978958,1.10531723499298,0.154817402362823,2.33405137062073,0.40987166762352,1.46866273880005,16.4805946350098,76.742790222168,0,0,2.70959067344666,0.72813969850540206,
42,0,39.73835754,0,0,0,18.37648773,0,1.955969691,0,1.951693654,0,13.02920151,1.11429643630981,0.155117109417915,2.37478542327881,0.415439426898956,1.46217179298401,16.5067462921143,76.7160339355469,0,0,2.80047607421875,0.741456925868988,
43,0,40.35905457,0,0,0,18.63372231,0,1.97362566,0,1.955124736,0,13.16273689,1.12280380725861,0.155401185154915,2.41427516937256,0.420778095722198,1.45880389213562,16.537971496582,76.6900100708008,0,0,2.88993048667908,0.754380226135254,
44,0,40.95326233,0,0,0,18.88112068,0,1.990307331,0,1.958372951,0,13.29002762,1.13086259365082,0.155670627951622,2.4525146484375,0.425893694162369,1.45832884311676,16.5738697052002,76.6647338867188,0,0,2.97787618637085,0.766907274723053,
45,0,41.52368927,0,0,0,19.11964989,0,2.006116867,0,1.961460233,0,13.41172409,1.13849139213562,0.155926197767258,2.48949909210205,0.430791884660721,1.4605278968811,16.6140575408936,76.6402130126953,0,0,3.06424164772034,0.779035985469818,
46,0,42.07059479,0,0,0,19.34927368,0,2.021088839,0,1.964393735,0,13.52794743,1.14571797847748,0.156168982386589,2.52523875236511,0.435480058193207,1.46519327163696,16.6581764221191,76.6164398193359,0,0,3.14896965026855,0.790768623352051,
47,0,42.59662628,0,0,0,19.57099533,0,2.035319567,0,1.967192888,0,13.63932323,1.15257143974304,0.1564000248909,2.5597550868988,0.43996673822403,1.47212791442871,16.7058887481689,76.5934143066406,0,0,3.23201584815979,0.802111506462097,
48,0,43.09722519,0,0,0,19.78274345,0,2.048705101,0,1.969837308,0,13.74493694,1.15906000137329,0.156619518995285,2.59305214881897,0.444257408380508,1.48114538192749,16.7568664550781,76.5711364746094,0,0,3.31333231925964,0.813064813613892,
49,0,43.57974243,0,0,0,19.98754692,0,2.061465025,0,1.972370028,0,13.84639549,1.16520404815674,0.156828209757805,2.62514662742615,0.448358952999115,1.49206864833832,16.8108062744141,76.5496063232422,0,0,3.39288306236267,0.823632955551147,
50,0,44.039608,0,0,0,20.18336105,0,2.073493958,0,1.974769831,0,13.94278145,1.17102813720703,0.15702697634697,2.65606546401978,0.452279299497604,1.50473046302795,16.8674182891846,76.5288238525391,0,0,3.47064352035522,0.833823680877686,
51,0,44.47937775,0,0,0,20.3711834,0,2.084879637,0,1.977053046,0,14.0346756,1.17653679847717,0.157215803861618,2.6858172416687,0.456023335456848,1.51897287368774,16.9264316558838,76.5087890625,0,0,3.5465841293335,0.843638718128204,
52,0,44.90156555,0,0,0,20.55200577,0,2.095700741,0,1.979234695,0,14.1226387,1.18175792694092,0.15739569067955,2.71443557739258,0.459599107503891,1.5346462726593,16.9875869750977,76.4894866943359,0,0,3.62069320678711,0.853088140487671,
53,0,45.30393982,0,0,0,20.72480965,0,2.105916262,0,1.98130548,0,14.20624256,1.1867059469223,0.157567054033279,2.74194765090942,0.463013380765915,1.55160987377167,17.0506477355957,76.4709243774414,0,0,3.6929612159729,0.86217987537384,
54,0,45.68899918,0,0,0,20.8906002,0,2.115599394,0,1.983279586,0,14.28604031,1.19139015674591,0.15773007273674,2.76837491989136,0.466271847486496,1.56973111629486,17.1153831481934,76.4530944824219,0,0,3.76337933540344,0.870920181274414,
55,0,46.05685425,0,0,0,21.04936218,0,2.124769926,0,1.985159397,0,14.36208344,1.19582831859589,0.157885372638702,2.79374861717224,0.469381242990494,1.58888494968414,17.1815776824951,76.4359817504883,0,0,3.83194875717163,0.879318416118622,
56,0,46.40761566,0,0,0,21.2010746,0,2.133437395,0,1.986946344,0,14.43441772,1.20003044605255,0.158033147454262,2.81809329986572,0.47234708070755,1.60895371437073,17.2490348815918,76.4195785522461,0,0,3.89867067337036,0.887381851673126,
57,0,46.74370956,0,0,0,21.34676361,0,2.141674995,0,1.988654137,0,14.50357151,1.20401251316071,0.158173948526382,2.84144186973572,0.475175827741623,1.62982726097107,17.3175640106201,76.4038848876953,0,0,3.96355414390564,0.895120799541473,
58,0,47.06522751,0,0,0,21.48642159,0,2.149492741,0,1.990283847,0,14.5695858,1.20779252052307,0.158308371901512,2.86383509635925,0.477874726057053,1.65140175819397,17.3869934082031,76.3888931274414,0,0,4.0266170501709,0.902547895908356,
59,0,47.37224197,0,0,0,21.62003326,0,2.156902552,0,1.991836786,0,14.63249397,1.21137964725494,0.158436551690102,2.88530492782593,0.480449557304382,1.67358064651489,17.457160949707,76.3745880126953,0,0,4.08787536621094,0.90967321395874,
60,0,47.66482925,0,0,0,21.7475872,0,2.163909674,0,1.993314028,0,14.69232655,1.21477913856506,0.158558651804924,2.90587711334229,0.482905000448227,1.69627344608307,17.5279102325439,76.3609771728516,0,0,4.14734554290771,0.916504621505737,
61,0,47.94306183,0,0,0,21.86909866,0,2.170528173,0,1.994716167,0,14.7491188,1.21799576282501,0.158674746751785,2.92557168006897,0.485244989395142,1.71939551830292,17.599100112915,76.348030090332,0,0,4.20504236221313,0.923048198223114,
62,0,48.20931244,0,0,0,21.98556137,0,2.176820278,0,1.996055961,0,14.80336952,1.22104275226593,0.158785238862038,2.94441866874695,0.487474530935287,1.74286782741547,17.6705932617188,76.3357467651367,0,0,4.26098918914795,0.929313540458679,
63,0,48.46364594,0,0,0,22.09698868,0,2.182791471,0,1.997334003,0,14.85510826,1.2239351272583,0.158890664577484,2.96245574951172,0.489599615335464,1.76661670207977,17.7422637939453,76.3241119384766,0,0,4.31521511077881,0.935312688350677,
64,0,48.70608902,0,0,0,22.20337105,0,2.18844676,0,1.998551011,0,14.90434933,1.22667920589447,0.158991172909737,2.97971272468567,0.491624921560287,1.79057371616364,17.8139991760254,76.313117980957,0,0,4.36774778366089,0.941055059432983,
65,0,48.93671036,0,0,0,22.30467987,0,2.193795443,0,1.999706984,0,14.9511137,1.2292788028717,0.15908682346344,2.99621319770813,0.493554294109344,1.81467545032501,17.8856925964355,76.3027648925781,0,0,4.41861295700073,0.946548223495483,
66,0,49.15784836,0,0,0,22.40196228,0,2.198895454,0,2.000814676,0,14.99589539,1.23174595832825,0.159178018569946,3.01198959350586,0.495392560958862,1.83886325359344,17.9572429656982,76.2930221557617,0,0,4.4678430557251,0.951802492141724,
67,0,49.36952591,0,0,0,22.49520302,0,2.203751087,0,2.00187397,0,15.03870106,1.23409414291382,0.159265220165253,3.02708148956299,0.497145444154739,1.86308264732361,18.0285625457764,76.2838973999023,0,0,4.5154767036438,0.95683091878891,
68,0,49.56949234,0,0,0,22.58338547,0,2.20831275,0,2.002873659,0,15.07908535,1.23632025718689,0.159348219633102,3.04150724411011,0.498815685510635,1.88728380203247,18.0995674133301,76.2753677368164,0,0,4.56154203414917,0.961639106273651,
69,0,49.7600708,0,0,0,22.66750908,0,2.21263957,0,2.003825903,0,15.1175251,1.23842489719391,0.15942694246769,3.05528044700623,0.500405430793762,1.91142058372498,18.1701755523682,76.2674331665039,0,0,4.60606670379639,0.966231465339661,
70,0,49.94358444,0,0,0,22.74861717,0,2.216786385,0,2.004742384,0,15.1544981,1.24042630195618,0.159502178430557,3.06843972206116,0.50192004442215,1.93545055389404,18.2403144836426,76.2600708007813,0,0,4.6490912437439,0.970620691776276,
71,0,50.11776352,0,0,0,22.82567215,0,2.220704556,0,2.005611658,0,15.1895504,1.24233078956604,0.159574076533318,3.08101582527161,0.503363788127899,1.95933473110199,18.3099193572998,76.2532730102539,0,0,4.69065380096436,0.974816799163818,
72,0,50.28263474,0,0,0,22.89867592,0,2.224396706,0,2.006433964,0,15.2226944,1.24413335323334,0.159642323851585,3.09301996231079,0.50473815202713,1.98303818702698,18.3789310455322,76.2470321655273,0,0,4.7307825088501,0.978823244571686,
73,0,50.44050217,0,0,0,22.96864128,0,2.227917671,0,2.007221222,0,15.25439644,1.24584138393402,0.159707203507423,3.10447382926941,0.506046235561371,2.00652861595154,18.4472923278809,76.241340637207,0,0,4.76951217651367,0.982647240161896,
74,0,50.59139252,0,0,0,23.03557587,0,2.231270075,0,2.007972956,0,15.28466988,1.24746608734131,0.159769162535667,3.11540865898132,0.5072922706604,2.02977657318115,18.5149517059326,76.2361755371094,0,0,4.80688190460205,0.986298978328705,
75,0,50.73303223,0,0,0,23.09844971,0,2.234404325,0,2.008678675,0,15.31306076,1.24900376796722,0.159827962517738,3.12583637237549,0.508477687835693,2.05275559425354,18.5818653106689,76.2315368652344,0,0,4.84292364120483,0.989782154560089,
76,0,50.87000656,0,0,0,23.15930939,0,2.237423897,0,2.00936079,0,15.34049225,1.25046157836914,0.15988390147686,3.13577890396118,0.509605467319489,2.07544183731079,18.6479873657227,76.2274017333984,0,0,4.87767171859741,0.993104219436646,
77,0,51.00003815,0,0,0,23.21711349,0,2.240282059,0,2.010008335,0,15.3665123,1.25185084342957,0.159937411546707,3.14526796340942,0.51067978143692,2.09781408309937,18.713285446167,76.2237701416016,0,0,4.91116809844971,0.99627548456192,
78,0,51.12543488,0,0,0,23.27290916,0,2.243028402,0,2.010632515,0,15.39158535,1.25317549705505,0.159988597035408,3.1543288230896,0.511703848838806,2.11985349655151,18.7777290344238,76.2206268310547,0,0,4.94345092773438,0.999304234981537,
79,0,51.24391937,0,0,0,23.32566071,0,2.245614529,0,2.011222124,0,15.41525745,1.25443685054779,0.160037457942963,3.16298127174377,0.512680172920227,2.14154362678528,18.8412895202637,76.2179565429688,0,0,4.97455739974976,1.00219714641571,
80,0,51.35549927,0,0,0,23.37536812,0,2.248043776,0,2.011777401,0,15.43753433,1.25562822818756,0.160083696246147,3.17122769355774,0.513608992099762,2.16286969184875,18.9039363861084,76.2157516479492,0,0,5.00451326370239,1.00495481491089,
81,0,51.46247101,0,0,0,23.42305183,0,2.250365496,0,2.012309551,0,15.45887756,1.25675570964813,0.160127550363541,3.17908334732056,0.514492213726044,2.18381905555725,18.965648651123,76.213996887207,0,0,5.03335237503052,1.00758242607117,
82,0,51.56483459,0,0,0,23.46870422,0,2.252580166,0,2.012818575,0,15.47928715,1.25782954692841,0.160169467329979,3.18657445907593,0.515333116054535,2.20438075065613,19.0264053344727,76.2126922607422,0,0,5.06111192703247,1.0100884437561,
83,0,51.6603241,0,0,0,23.51131821,0,2.254642725,0,2.013293505,0,15.49831676,1.25884521007538,0.160209178924561,3.19370746612549,0.516132593154907,2.2245454788208,19.0861873626709,76.2118225097656,0,0,5.08782148361206,1.0124751329422,
84,0,51.75350189,0,0,0,23.5529232,0,2.256647825,0,2.01375699,0,15.51687336,1.25980973243713,0.160246983170509,3.20050191879272,0.516892969608307,2.24430537223816,19.144983291626,76.2113723754883,0,0,5.11351490020752,1.01474905014038,
85,0,51.84209442,0,0,0,23.59249878,0,2.258551359,0,2.01419735,0,15.5345068,1.26073288917542,0.1602833122015,3.20698642730713,0.517617881298065,2.26365399360657,19.2027797698975,76.2113342285156,0,0,5.13823175430298,1.01691949367523,
86,0,51.9261055,0,0,0,23.63003922,0,2.26035285,0,2.014615059,0,15.55121899,1.26161098480225,0.160317912697792,3.21317028999329,0.518308341503143,2.2825870513916,19.2595691680908,76.2117004394531,0,0,5.16200160980225,1.01898968219757,
87,0,52.00554276,0,0,0,23.66555786,0,2.26205039,0,2.01500988,0,15.56701374,1.26244223117828,0.160350680351257,3.21906113624573,0.518965303897858,2.30110049247742,19.3153419494629,76.2124557495117,0,0,5.18485307693481,1.02096199989319,
88,0,52.08268356,0,0,0,23.70005226,0,2.263697624,0,2.015393257,0,15.5823431,1.26323449611664,0.160382002592087,3.22467827796936,0.519590973854065,2.3191921710968,19.3700981140137,76.2135848999023,0,0,5.2068190574646,1.02284264564514,
89,0,52.15298843,0,0,0,23.7315197,0,2.26519537,0,2.015742779,0,15.59630966,1.26398253440857,0.160411611199379,3.23002338409424,0.520185649394989,2.3368604183197,19.423828125,76.2150955200195,0,0,5.22792387008667,1.02463269233704,
90,0,52.22327042,0,0,0,23.76297188,0,2.266688585,0,2.016092062,0,15.61026382,1.26469254493713,0.160439759492874,3.23511171340942,0.520751118659973,2.35410499572754,19.4765300750732,76.2169570922852,0,0,5.24819850921631,1.02633690834045,
91,0,52.28899765,0,0,0,23.7924118,0,2.268083811,0,2.016418934,0,15.623312,1.26537442207336,0.160466909408569,3.23996877670288,0.52129054069519,2.37092614173889,19.5282077789307,76.2191696166992,0,0,5.26767826080322,1.02796387672424,
92,0,52.35017014,0,0,0,23.81981277,0,2.269379139,0,2.016722679,0,15.6354475,1.26601600646973,0.160492435097694,3.24458837509155,0.52180290222168,2.38732552528381,19.5788593292236,76.2217254638672,0,0,5.28638172149658,1.02951145172119,
93,0,52.41132736,0,0,0,23.84721184,0,2.270673037,0,2.017026663,0,15.64757729,1.26662886142731,0.160516887903214,3.24899125099182,0.522290885448456,2.40330481529236,19.628490447998,76.2246170043945,0,0,5.30434226989746,1.03098654747009,
94,0,52.46567535,0,0,0,23.8715744,0,2.271821022,0,2.017296791,0,15.65835285,1.26720929145813,0.160540044307709,3.25318169593811,0.522754907608032,2.41886687278748,19.6771030426025,76.2278289794922,0,0,5.32158231735229,1.03239059448242,
95,0,52.52000046,0,0,0,23.89592743,0,2.272967339,0,2.017566681,0,15.66911888,1.26775622367859,0.160561859607697,3.25716280937195,0.523195207118988,2.43401527404785,19.7246990203857,76.2313613891602,0,0,5.33812427520752,1.0337245464325,
96,0,52.57205963,0,0,0,23.91927528,0,2.274061918,0,2.017825365,0,15.67943287,1.26828408241272,0.160583049058914,3.26096320152283,0.523615419864655,2.44875335693359,19.7712879180908,76.2351989746094,0,0,5.35400295257568,1.03499817848206,
97,0,52.61957169,0,0,0,23.94059181,0,2.275062561,0,2.018061399,0,15.68884373,1.26878309249878,0.160603031516075,3.2645800113678,0.524015009403229,2.46308612823486,19.8168773651123,76.2393264770508,0,0,5.36923599243164,1.0362104177475,
98,0,52.667076110000004,0,0,0,23.9618988,0,2.276060104,0,2.018297434,0,15.69824982,1.26925718784332,0.16062206029892,3.26802325248718,0.524395167827606,2.47701835632324,19.8614749908447,76.2437515258789,0,0,5.38384866714478,1.03736448287964,
99,0,52.710044860000004,0,0,0,23.98118591,0,2.276961803,0,2.018511057,0,15.70675659,1.26970815658569,0.160640180110931,3.27130174636841,0.524756908416748,2.49055528640747,19.9050903320313,76.2484512329102,0,0,5.39786434173584,1.03846347332001,
100,0,52.7530098,0,0,0,24.00047112,0,2.277862072,0,2.018724442,0,15.71525764,1.27013623714447,0.160657405853271,3.27442216873169,0.525100946426392,2.50370264053345,19.9477310180664,76.2534255981445,0,0,5.41130352020264,1.03950953483582,
101,0,52.79370499,0,0,0,24.01873779,0,2.278713703,0,2.01892662,0,15.72330856,1.27054941654205,0.160674080252647,3.27740335464478,0.525429606437683,2.51646661758423,19.9894123077393,76.2586517333984,0,0,5.42419528961182,1.04050898551941,
102,0,52.83213043,0,0,0,24.0359993,0,2.279516459,0,2.019117594,0,15.73091125,1.27094209194183,0.160689920186996,3.28024649620056,0.525743007659912,2.52885341644287,20.030143737793,76.2641372680664,0,0,5.43655729293823,1.04146230220795,
103,0,52.86828613,0,0,0,24.05224037,0,2.280272245,0,2.019297123,0,15.7380619,1.27131330966949,0.160704880952835,3.2829532623291,0.526041150093079,2.54086995124817,20.0699367523193,76.2698745727539,0,0,5.44840812683105,1.04236996173859,
104,0,52.9021759,0,0,0,24.06746292,0,2.280979156,0,2.019465446,0,15.74476147,1.27166247367859,0.160718947649002,3.28552436828613,0.526324033737183,2.55252313613892,20.1088027954102,76.2758483886719,0,0,5.4597635269165,1.04323208332062,
105,0,52.93380737,0,0,0,24.08168221,0,2.281637907,0,2.019622564,0,15.75101471,1.27198934555054,0.160732135176659,3.28796076774597,0.526591777801514,2.56381964683533,20.1467514038086,76.2820587158203,0,0,5.47063875198364,1.0440491437912,
106,0,52.96542358,0,0,0,24.09589195,0,2.282295942,0,2.019779682,0,15.75726509,1.27230143547058,0.16074475646019,3.29027652740479,0.52684611082077,2.5747663974762,20.1837940216064,76.2884902954102,0,0,5.48105669021606,1.04482579231262,
107,0,52.99478912,0,0,0,24.10908508,0,2.282907248,0,2.019925594,0,15.76306534,1.27260148525238,0.160756945610046,3.29248261451721,0.527088403701782,2.5853705406189,20.2199478149414,76.2951431274414,0,0,5.49103736877441,1.04556572437286,
108,0,53.02414322,0,0,0,24.12228394,0,2.283518314,0,2.020071507,0,15.76886559,1.27289009094238,0.160768672823906,3.29458832740784,0.527319669723511,2.59563970565796,20.2552261352539,76.302001953125,0,0,5.50059986114502,1.04627180099487,
109,0,53.0512352,0,0,0,24.13446426,0,2.284081459,0,2.020205975,0,15.774217609999999,1.27316761016846,0.160779938101768,3.2966001033783,0.527540683746338,2.60558104515076,20.2896461486816,76.3090667724609,0,0,5.50976228713989,1.04694652557373,
110,0,53.07606888,0,0,0,24.1456356,0,2.284598112,0,2.020329475,0,15.77912235,1.27342653274536,0.160790413618088,3.29851031303406,0.527750372886658,2.6152024269104,20.3232192993164,76.3163223266602,0,0,5.51853466033936,1.04758739471436,
111,0,53.10090256,0,0,0,24.15680313,0,2.285111904,0,2.020452976,0,15.7840271,1.27367174625397,0.160800367593765,3.30032658576965,0.527949631214142,2.62451100349426,20.35595703125,76.3237686157227,0,0,5.52693319320679,1.04819667339325,
112,0,53.12346649,0,0,0,24.16695023,0,2.285580158,0,2.020565033,0,15.78848076,1.27390503883362,0.160809844732285,3.30205464363098,0.528139114379883,2.63351440429688,20.3878765106201,76.3313980102539,0,0,5.53497362136841,1.04877638816833,
113,0,53.14603424,0,0,0,24.17710114,0,2.286048174,0,2.02067709,0,15.79293633,1.27412736415863,0.160818889737129,3.30369877815247,0.528319299221039,2.64222049713135,20.4189910888672,76.3392105102539,0,0,5.54266977310181,1.04932796955109,
114,0,53.16634369,0,0,0,24.18624115,0,2.286468029,0,2.020777941,0,15.79694653,1.27433860301971,0.160827472805977,3.30526304244995,0.528490662574768,2.65063643455505,20.4493141174316,76.3471908569336,0,0,5.55003595352173,1.0498526096344,
115,0,53.18664932,0,0,0,24.19536972,0,2.286889315,0,2.020878792,0,15.80095196,1.27453875541687,0.160835593938828,3.30674982070923,0.528653562068939,2.65876936912537,20.4788608551025,76.355339050293,0,0,5.55708503723145,1.05035138130188,
116,0,53.20469666,0,0,0,24.20349693,0,2.287263632,0,2.020968676,0,15.80451488,1.27472805976868,0.160843282938004,3.30816173553467,0.528808116912842,2.6666271686554,20.5076465606689,76.3636474609375,0,0,5.56382846832275,1.05082499980927,
117,0,53.2227478,0,0,0,24.21161652,0,2.287636995,0,2.021058321,0,15.8080759,1.27490663528442,0.160850569605827,3.3095006942749,0.528954565525055,2.67421698570251,20.5356845855713,76.3721160888672,0,0,5.57027816772461,1.05127418041229,
118,0,53.24079132,0,0,0,24.21974182,0,2.288008451,0,2.021147728,0,15.81163692,1.27508127689362,0.160857707262039,3.31078147888184,0.529094755649567,2.6815459728241,20.5629920959473,76.380729675293,0,0,5.57645130157471,1.05170392990112,
119,0,53.25658035,0,0,0,24.22684288,0,2.288336039,0,2.021226168,0,15.81475163,1.27524733543396,0.160864487290382,3.31200242042542,0.529228448867798,2.68862175941467,20.5895843505859,76.3894882202148,0,0,5.58235836029053,1.05211353302002,
120,0,53.27236938,0,0,0,24.23395348,0,2.28866148,0,2.021304846,0,15.81786537,1.27540338039398,0.160870835185051,3.31316232681274,0.529355347156525,2.69545102119446,20.6154766082764,76.3983840942383,0,0,5.58800745010376,1.05250263214111,
121,0,53.2881546,0,0,0,24.24105644,0,2.288986921,0,2.021383286,0,15.82098007,1.2755560874939,0.160877123475075,3.31427359580994,0.529477119445801,2.7020411491394,20.640682220459,76.4074096679688,0,0,5.59341478347778,1.05287551879883,
122,0,53.30168533,0,0,0,24.24715424,0,2.289266348,0,2.02145052,0,15.82364845,1.27570021152496,0.160883009433746,3.31533288955688,0.529593110084534,2.70839881896973,20.6652145385742,76.4165725708008,0,0,5.59858751296997,1.05323100090027,
123,0,53.31520844,0,0,0,24.25323868,0,2.289546013,0,2.021517515,0,15.82631588,1.27583456039429,0.160888448357582,3.31633734703064,0.529702961444855,2.71453142166138,20.6890907287598,76.4258575439453,0,0,5.60353231430054,1.05356812477112,
124,0,53.32873917,0,0,0,24.25933456,0,2.289825201,0,2.021584749,0,15.82898426,1.27596580982208,0.160893812775612,3.31729793548584,0.529808104038239,2.72044515609741,20.7123222351074,76.4352569580078,0,0,5.60826349258423,1.05389046669006,
125,0,53.3400116,0,0,0,24.26441002,0,2.290056944,0,2.021640778,0,15.83120728,1.27608823776245,0.160898804664612,3.31821036338806,0.529907941818237,2.72614693641663,20.7349262237549,76.4447708129883,0,0,5.61278676986694,1.05419671535492,
126,0,53.35128784,0,0,0,24.26948738,0,2.290289402,0,2.021696806,0,15.83343029,1.27620053291321,0.16090339422226,3.3190712928772,0.530001938343048,2.73164296150208,20.7569141387939,76.4543838500977,0,0,5.61710691452026,1.0544855594635,
127,0,53.36256027,0,0,0,24.27456856,0,2.290522814,0,2.021752834,0,15.83565331,1.27630996704102,0.160907864570618,3.31989073753357,0.530091404914856,2.7369396686554,20.778299331665,76.4641036987305,0,0,5.62123680114746,1.05476057529449,
128,0,53.37382507,0,0,0,24.2796402,0,2.290754557,0,2.021808863,0,15.83787346,1.27641832828522,0.160912334918976,3.32067728042603,0.530177474021912,2.74204349517822,20.7990989685059,76.4739303588867,0,0,5.62518835067749,1.05502450466156,
129,0,53.38284302,0,0,0,24.28369713,0,2.290940046,0,2.021853447,0,15.83965015,1.27651882171631,0.160916417837143,3.32142424583435,0.530259132385254,2.74696016311646,20.8193225860596,76.4838562011719,0,0,5.62896490097046,1.05527520179749,
130,0,53.39185715,0,0,0,24.28775978,0,2.291123867,0,2.021898508,0,15.84142685,1.27660918235779,0.160920098423958,3.3221263885498,0.530335664749146,2.75169587135315,20.8389835357666,76.4938735961914,0,0,5.63256931304932,1.05551087856293,
131,0,53.40087509,0,0,0,24.2918148,0,2.291309834,0,2.021943092,0,15.84320354,1.27669656276703,0.160923674702644,3.32279253005981,0.530408322811127,2.7562563419342,20.8580932617188,76.5039749145508,0,0,5.6360125541687,1.05573451519012,
132,0,53.40988922,0,0,0,24.2958889,0,2.291496038,0,2.021988153,0,15.84498215,1.27678322792053,0.160927250981331,3.32343029975891,0.530477941036224,2.76064705848694,20.8766670227051,76.5141677856445,0,0,5.63930463790894,1.05594849586487,
133,0,53.41890717,0,0,0,24.29994583,0,2.291682005,0,2.022032738,0,15.84675884,1.27686977386475,0.160930812358856,3.32404565811157,0.530545234680176,2.76487374305725,20.8947238922119,76.5244293212891,0,0,5.64245414733887,1.05615496635437,
134,0,53.42566681,0,0,0,24.30298805,0,2.291820526,0,2.022066355,0,15.84809113,1.27694857120514,0.160934016108513,3.32462954521179,0.53060907125473,2.76894187927246,20.9122714996338,76.5347747802734,0,0,5.64546251296997,1.05635094642639,
135,0,53.43243027,0,0,0,24.30603027,0,2.29195857,0,2.022099972,0,15.84942245,1.2770174741745,0.160936817526817,3.32517457008362,0.530668437480927,2.77285671234131,20.9293193817139,76.5452041625977,0,0,5.64833164215088,1.05653381347656,
136,0,53.43918991,0,0,0,24.30908585,0,2.292098999,0,2.022133589,0,15.85075665,1.27708327770233,0.160939499735832,3.32568907737732,0.530724465847015,2.77662324905396,20.9458789825439,76.5556945800781,0,0,5.65106964111328,1.05670654773712,
137,0,53.44594955,0,0,0,24.31212807,0,2.29223752,0,2.022167206,0,15.85208893,1.27714836597443,0.160942181944847,3.32617926597595,0.530777812004089,2.78024673461914,20.9619655609131,76.5662536621094,0,0,5.65368461608887,1.05687117576599,
138,0,53.45270538,0,0,0,24.31516838,0,2.292375088,0,2.022200823,0,15.8534193,1.27721273899078,0.160944849252701,3.3266499042511,0.530829191207886,2.78373169898987,20.9775905609131,76.5768737792969,0,0,5.65618419647217,1.05702924728394,
139,0,53.45946503,0,0,0,24.31822395,0,2.292515993,0,2.02223444,0,15.85475349,1.27727735042572,0.160947531461716,3.32710528373718,0.530879020690918,2.78708291053772,20.992769241333,76.5875549316406,0,0,5.6585750579834,1.05718207359314,
140,0,53.463974,0,0,0,24.32024765,0,2.292606831,0,2.022256851,0,15.8556385,1.27733469009399,0.160949856042862,3.32753491401672,0.530925929546356,2.79030513763428,21.0075092315674,76.5983047485352,0,0,5.66085624694824,1.0573263168335,
141,0,53.47073364,0,0,0,24.32328987,0,2.292746544,0,2.02229023,0,15.85697079,1.27738928794861,0.160952091217041,3.32794404029846,0.530970573425293,2.79340291023254,21.0218238830566,76.6091003417969,0,0,5.66303491592407,1.05746352672577,
142,0,53.4752388,0,0,0,24.32532692,0,2.292839766,0,2.022312641,0,15.85786057,1.27744340896606,0.160954311490059,3.32833695411682,0.531013548374176,2.79638075828552,21.0357227325439,76.6199493408203,0,0,5.6651177406311,1.05759537220001,
143,0,53.47974396,0,0,0,24.32735252,0,2.29293251,0,2.022335052,0,15.85874557,1.27749001979828,0.160956189036369,3.3287034034729,0.531053483486176,2.79924273490906,21.0492134094238,76.6308517456055,0,0,5.6671028137207,1.05771839618683,
144,0,53.48424911,0,0,0,24.32938576,0,2.293023348,0,2.022357464,0,15.8596344,1.27753400802612,0.160957992076874,3.32904863357544,0.531091094017029,2.80199313163757,21.0623092651367,76.6417922973633,0,0,5.66899585723877,1.05783426761627,
145,0,53.48875809,0,0,0,24.33141708,0,2.293115854,0,2.022379875,0,15.86052227,1.27757704257965,0.160959780216217,3.32937717437744,0.531126856803894,2.80463552474976,21.0750217437744,76.6527786254883,0,0,5.6708025932312,1.0579446554184,
146,0,53.49325943,0,0,0,24.33345032,0,2.293208599,0,2.022402287,0,15.86141014,1.27762007713318,0.160961553454399,3.32969260215759,0.531161189079285,2.80717396736145,21.0873565673828,76.6638031005859,0,0,5.6725287437439,1.05805051326752,
147,0,53.49776459,0,0,0,24.33548164,0,2.293301582,0,2.022424698,0,15.86229706,1.27766311168671,0.160963356494904,3.32999753952026,0.531194508075714,2.80961227416992,21.0993309020996,76.6748733520508,0,0,5.67417860031128,1.05815279483795,
148,0,53.50227356,0,0,0,24.33750343,0,2.293394089,0,2.022447109,0,15.86318398,1.27770614624023,0.160965129733086,3.33029389381409,0.531226992607117,2.81195402145386,21.1109523773193,76.6859817504883,0,0,5.67575693130493,1.05825221538544,
149,0,53.50452423,0,0,0,24.33852386,0,2.293439865,0,2.022458076,0,15.86362934,1.27774167060852,0.160966545343399,3.33056998252869,0.531257152557373,2.81420302391052,21.1222286224365,76.6971130371094,0,0,5.67726135253906,1.05834484100342,
150,0,53.5090332,0,0,0,24.34056091,0,2.293532848,0,2.022480488,0,15.86451721,1.27777504920959,0.160967901349068,3.33083033561707,0.531285524368286,2.81636238098145,21.1331691741943,76.7082824707031,0,0,5.67869567871094,1.05843222141266,
151,0,53.51128387,0,0,0,24.3415699,0,2.293578148,0,2.022491693,0,15.86495972,1.27780735492706,0.160969242453575,3.33107781410217,0.531312465667725,2.81843566894531,21.1437816619873,76.719482421875,0,0,5.68006467819214,1.05851519107819,
152,0,53.51578903,0,0,0,24.34360123,0,2.293670177,0,2.022514105,0,15.86584663,1.27783942222595,0.160970568656921,3.33131504058838,0.531338334083557,2.82042574882507,21.1540775299072,76.730712890625,0,0,5.68137168884277,1.05859482288361,
153,0,53.51804352,0,0,0,24.34461212,0,2.293717384,0,2.022525311,0,15.86628914,1.27787172794342,0.160971894860268,3.3315441608429,0.531363368034363,2.82233595848084,21.1640663146973,76.7419662475586,0,0,5.68262195587158,1.05867171287537,
154,0,53.52029419,0,0,0,24.34563255,0,2.293763161,0,2.022536516,0,15.8667345,1.27789676189423,0.160972893238068,3.33175349235535,0.531386077404022,2.82416939735413,21.1737537384033,76.7532424926758,0,0,5.68381023406982,1.05874192714691,
155,0,53.52479935,0,0,0,24.34766579,0,2.293855906,0,2.022558928,0,15.86762142,1.27792656421661,0.160974144935608,3.33196020126343,0.531408727169037,2.82592868804932,21.1831474304199,76.7645416259766,0,0,5.6849479675293,1.05881142616272,
156,0,53.52705002,0,0,0,24.34867859,0,2.293901205,0,2.022570133,0,15.86806488,1.27795791625977,0.160975471138954,3.33216524124146,0.531431257724762,2.82761669158936,21.1922626495361,76.7758560180664,0,0,5.68603801727295,1.05888020992279,
157,0,53.5293045,0,0,0,24.34968948,0,2.293948412,0,2.022581339,0,15.86850929,1.2779825925827,0.160976469516754,3.33235502243042,0.531452059745789,2.82923650741577,21.2011013031006,76.7871856689453,0,0,5.68707609176636,1.0589439868927,
158,0,53.53155899,0,0,0,24.35071754,0,2.293994188,0,2.022592545,0,15.8689537,1.27800512313843,0.160977363586426,3.33253335952759,0.531471431255341,2.83079028129578,21.2096710205078,76.7985382080078,0,0,5.68806600570679,1.05900382995605,
159,0,53.53380585,0,0,0,24.35172462,0,2.294041157,0,2.02260375,0,15.86939621,1.27802693843842,0.160978272557259,3.33270192146301,0.531489789485931,2.83228087425232,21.2179794311523,76.8098983764648,0,0,5.68900966644287,1.05906045436859,
160,0,53.53606033,0,0,0,24.35273743,0,2.294086456,0,2.022614956,0,15.86983871,1.27804851531982,0.160979136824608,3.33286309242249,0.53150737285614,2.83371043205261,21.2260360717773,76.8212738037109,0,0,5.68991041183472,1.05911457538605,
161,0,53.53831482,0,0,0,24.35375404,0,2.294133902,0,2.022626162,0,15.87028408,1.27807009220123,0.160980060696602,3.3330180644989,0.531524300575256,2.83508157730103,21.2338485717773,76.8326644897461,0,0,5.69077157974243,1.05916666984558,
162,0,53.53831482,0,0,0,24.35375404,0,2.294133902,0,2.022626162,0,15.87028408,1.27808427810669,0.160980582237244,3.33315467834473,0.531539082527161,2.83639621734619,21.2414169311523,76.8440628051758,0,0,5.69158697128296,1.05921256542206,
163,0,53.54056931,0,0,0,24.35476685,0,2.294179201,0,2.022637367,0,15.87072659,1.27809596061707,0.160981044173241,3.33327698707581,0.531552135944366,2.8376567363739,21.2487506866455,76.8554763793945,0,0,5.69235992431641,1.05925357341766,
164,0,53.54281616,0,0,0,24.35578918,0,2.294226646,0,2.022648573,0,15.871171,1.27811431884766,0.160981863737106,3.3334014415741,0.531565606594086,2.83886504173279,21.255859375,76.8668899536133,0,0,5.6931004524231,1.05929529666901,
165,0,53.54507065,0,0,0,24.35680199,0,2.294271946,0,2.02265954,0,15.87161446,1.27813494205475,0.160982728004456,3.33352756500244,0.531579434871674,2.84002327919006,21.2627487182617,76.8783111572266,0,0,5.69381046295166,1.0593376159668,
166,0,53.54507065,0,0,0,24.35680199,0,2.294271946,0,2.02265954,0,15.87161446,1.27814865112305,0.160983249545097,3.33364129066467,0.531591773033142,2.84113335609436,21.2694244384766,76.8897323608398,0,0,5.6944842338562,1.05937576293945,
167,0,53.54732513,0,0,0,24.35782242,0,2.294317484,0,2.022670984,0,15.87205887,1.27816021442413,0.160983711481094,3.33374524116516,0.53160297870636,2.84219741821289,21.2758922576904,76.9011535644531,0,0,5.69512462615967,1.059410572052,
168,0,53.54957199,0,0,0,24.3588295,0,2.294364452,0,2.022681952,0,15.87249947,1.27817869186401,0.16098453104496,3.33385467529297,0.53161495923996,2.84321689605713,21.2821617126465,76.9125747680664,0,0,5.69574069976807,1.05944728851318,
169,0,53.54957199,0,0,0,24.3588295,0,2.294364452,0,2.022681952,0,15.87249947,1.27819180488586,0.160985022783279,3.33395528793335,0.531625926494598,2.84419369697571,21.288236618042,76.9239959716797,0,0,5.69632625579834,1.05948102474213,
170,0,53.55183029,0,0,0,24.35984612,0,2.29440999,0,2.022693157,0,15.87294388,1.27820324897766,0.160985469818115,3.33404850959778,0.531636118888855,2.84512972831726,21.2941207885742,76.935417175293,0,0,5.69688320159912,1.05951237678528,
171,0,53.55183029,0,0,0,24.35984612,0,2.29440999,0,2.022693157,0,15.87294388,1.27821409702301,0.160985931754112,3.33413624763489,0.531645655632019,2.84602642059326,21.2998218536377,76.9468383789063,0,0,5.69741344451904,1.0595418214798,
172,0,53.55408096,0,0,0,24.36086655,0,2.294457197,0,2.022704363,0,15.87338924,1.27822494506836,0.160986393690109,3.33421969413757,0.531654715538025,2.84688520431519,21.3053436279297,76.958251953125,0,0,5.69791889190674,1.05956983566284,
173,0,53.55408096,0,0,0,24.36086655,0,2.294457197,0,2.022704363,0,15.87338924,1.278235912323,0.160986825823784,3.33429980278015,0.531663417816162,2.84770774841309,21.3106937408447,76.9696655273438,0,0,5.69840049743652,1.05959665775299,
174,0,53.55632782,0,0,0,24.36187744,0,2.294502497,0,2.022715569,0,15.87383175,1.27824664115906,0.16098727285862,3.3343768119812,0.531671822071075,2.84849548339844,21.3158740997314,76.981071472168,0,0,5.69886064529419,1.05962252616882,
175,0,53.55632782,0,0,0,24.36187744,0,2.294502497,0,2.022715569,0,15.87383175,1.27825713157654,0.160987719893456,3.33445143699646,0.53167998790741,2.84924983978271,21.3208923339844,76.9924697875977,0,0,5.69929981231689,1.05964756011963,
176,0,53.55858612,0,0,0,24.36289215,0,2.294547796,0,2.022726774,0,15.87427425,1.2782678604126,0.160988181829453,3.33452415466309,0.53168797492981,2.84997224807739,21.3257541656494,77.0038604736328,0,0,5.69971895217896,1.05967199802399,
177,0,53.55858612,0,0,0,24.36289215,0,2.294547796,0,2.022726774,0,15.87427425,1.27827823162079,0.160988599061966,3.33459568023682,0.53169584274292,2.85066390037537,21.3304634094238,77.0152435302734,0,0,5.700119972229,1.05969595909119,
178,0,53.56083679,0,0,0,24.36390686,0,2.294595242,0,2.02273798,0,15.87471962,1.27828907966614,0.160989060997963,3.33466577529907,0.531703591346741,2.85132622718811,21.3350257873535,77.0266189575195,0,0,5.70050382614136,1.05971944332123,
179,0,53.56083679,0,0,0,24.36390686,0,2.294595242,0,2.02273798,0,15.87471962,1.27830004692078,0.160989493131638,3.33473515510559,0.531711280345917,2.85196042060852,21.3394451141357,77.0379791259766,0,0,5.70087194442749,1.05974280834198,
180,0,53.56083679,0,0,0,24.36390686,0,2.294595242,0,2.02273798,0,15.87471962,1.27830350399017,0.16098958253860499,3.33479022979736,0.53171718120575,2.85256767272949,21.3437232971191,77.0493316650391,0,0,5.70121765136719,1.05976140499115,
181,0,53.56308746,0,0,0,24.36491966,0,2.294640064,0,2.022749186,0,15.87516212,1.27831172943115,0.160989969968796,3.33484768867493,0.531723439693451,2.85314893722534,21.347864151001,77.0606689453125,0,0,5.70155000686646,1.05978071689606,
182,0,53.56308746,0,0,0,24.36491966,0,2.294640064,0,2.022749186,0,15.87516212,1.27832162380219,0.16099040210247,3.33490681648254,0.531729936599731,2.85370540618896,21.3518753051758,77.0719985961914,0,0,5.70186901092529,1.05980050563812,
183,0,53.56308746,0,0,0,24.36491966,0,2.294640064,0,2.022749186,0,15.87516212,1.27832460403442,0.160990491509438,3.33495378494263,0.531734943389893,2.85423803329468,21.3557567596436,77.0833129882813,0,0,5.70216846466064,1.05981636047363,
184,0,53.56308746,0,0,0,24.36491966,0,2.294640064,0,2.022749186,0,15.87516212,1.27832543849945,0.160990506410599,3.33499121665955,0.531738817691803,2.8547477722168,21.3595123291016,77.094612121582,0,0,5.70244979858398,1.05982887744904,
185,0,53.56534195,0,0,0,24.36593819,0,2.294687748,0,2.022760391,0,15.87560654,1.27833330631256,0.160990864038467,3.33503460884094,0.53174352645874,2.85523557662964,21.3631496429443,77.1058959960938,0,0,5.702721118927,1.05984330177307,
186,0,53.56534195,0,0,0,24.36593819,0,2.294687748,0,2.022760391,0,15.87560654,1.27834343910217,0.160991281270981,3.33508253097534,0.53174889087677,2.85570216178894,21.3666744232178,77.1171646118164,0,0,5.70298337936401,1.05985939502716,
187,0,53.56534195,0,0,0,24.36593819,0,2.294687748,0,2.022760391,0,15.87560654,1.2783465385437,0.160991385579109,3.335120677948,0.53175300359726,2.8561487197876,21.3700847625732,77.1284255981445,0,0,5.70322942733765,1.05987226963043,
188,0,53.56534195,0,0,0,24.36593819,0,2.294687748,0,2.022760391,0,15.87560654,1.27834761142731,0.160991385579109,3.33515095710754,0.531756162643433,2.85657596588135,21.3733825683594,77.1396636962891,0,0,5.70346069335938,1.05988240242004,
189,0,53.56759262,0,0,0,24.3669548,0,2.294732809,0,2.022771597,0,15.87604904,1.27835512161255,0.160991758108139,3.33518838882446,0.531760334968567,2.85698461532593,21.3765754699707,77.1508865356445,0,0,5.70368480682373,1.05989503860474,
190,0,53.56759262,0,0,0,24.3669548,0,2.294732809,0,2.022771597,0,15.87604904,1.27836465835571,0.160992190241814,3.33523178100586,0.531765222549438,2.85737562179565,21.3796672821045,77.1620864868164,0,0,5.70390272140503,1.05990958213806,
191,0,53.56759262,0,0,0,24.3669548,0,2.294732809,0,2.022771597,0,15.87604904,1.27836763858795,0.16099226474762,3.33526611328125,0.531768977642059,2.85774970054626,21.3826599121094,77.1732711791992,0,0,5.70410776138306,1.05992126464844,
192,0,53.56759262,0,0,0,24.3669548,0,2.294732809,0,2.022771597,0,15.87604904,1.27836859226227,0.160992279648781,3.3352937698364298,0.531771898269653,2.85810732841492,21.385555267334,77.1844329833984,0,0,5.70429992675781,1.05993056297302,
193,0,53.56759262,0,0,0,24.3669548,0,2.294732809,0,2.022771597,0,15.87604904,1.27836894989014,0.160992279648781,3.3353157043457,0.53177410364151,2.85844945907593,21.388355255127,77.1955718994141,0,0,5.70448064804077,1.05993783473969,
194,0,53.56984329,0,0,0,24.36796761,0,2.294778109,0,2.022782803,0,15.87649155,1.2783762216568,0.160992637276649,3.33534669876099,0.531777501106262,2.85877633094788,21.3910655975342,77.2066955566406,0,0,5.70465755462646,1.05994808673859,
195,0,53.56984329,0,0,0,24.36796761,0,2.294778109,0,2.022782803,0,15.87649155,1.27838575839996,0.160993069410324,3.33538436889648,0.531781852245331,2.85908913612366,21.3936920166016,77.2177963256836,0,0,5.70483064651489,1.05996084213257,
196,0,53.56984329,0,0,0,24.36796761,0,2.294778109,0,2.022782803,0,15.87649155,1.27838861942291,0.160993158817291,3.33541464805603,0.531785190105438,2.85938835144043,21.3962326049805,77.228874206543,0,0,5.70499324798584,1.05997097492218,
197,0,53.56984329,0,0,0,24.36796761,0,2.294778109,0,2.022782803,0,15.87649155,1.27838957309723,0.160993173718452,3.33543872833252,0.531787753105164,2.85967445373535,21.3986911773682,77.2399291992188,0,0,5.70514631271362,1.05997908115387,
198,0,53.56984329,0,0,0,24.36796761,0,2.294778109,0,2.022782803,0,15.87649155,1.27838981151581,0.160993173718452,3.33545780181885,0.531789720058441,2.85994815826416,21.4010696411133,77.2509613037109,0,0,5.70528936386108,1.05998551845551,
199,0,53.56984329,0,0,0,24.36796761,0,2.294778109,0,2.022782803,0,15.87649155,1.27839004993439,0.160993173718452,3.33547306060791,0.531791269779205,2.86020970344543,21.4033679962158,77.2619781494141,0,0,5.70542478561401,1.05999064445496,
200,0,53.57209778,0,0,0,24.36898422,0,2.294825315,0,2.022794008,0,15.87693691,1.27839756011963,0.160993531346321,3.33549857139587,0.531794190406799,2.86045956611633,21.4055919647217,77.2729721069336,0,0,5.70555830001831,1.05999934673309,
201,0,53.57209778,0,0,0,24.36898422,0,2.294825315,0,2.022794008,0,15.87693691,1.27840733528137,0.160993963479996,3.33553242683411,0.531798124313354,2.86069846153259,21.4077491760254,77.283935546875,0,0,5.70569086074829,1.0600106716156,
202,0,53.57209778,0,0,0,24.36898422,0,2.294825315,0,2.022794008,0,15.87693691,1.2784104347229,0.160994052886963,3.33555912971497,0.531801164150238,2.86092710494995,21.4098358154297,77.2948760986328,0,0,5.70581579208374,1.06001961231232,
203,0,53.57209778,0,0,0,24.36898422,0,2.294825315,0,2.022794008,0,15.87693691,1.27841150760651,0.160994067788124,3.33558058738709,0.53180348873138406,2.86114597320557,21.4118556976318,77.3058013916016,0,0,5.70593309402466,1.06002676486969,
204,0,53.57209778,0,0,0,24.36898422,0,2.294825315,0,2.022794008,0,15.87693691,1.27841186523438,0.160994067788124,3.33559775352478,0.531805276870728,2.86135506629944,21.4138088226318,77.3166961669922,0,0,5.70604276657104,1.0600323677063,
205,0,53.57209778,0,0,0,24.36898422,0,2.294825315,0,2.022794008,0,15.87693691,1.27841186523438,0.160994067788124,3.33561134338379,0.531806647777557,2.86155486106873,21.4156970977783,77.3275680541992,0,0,5.70614624023438,1.06003701686859,
206,0,53.57209778,0,0,0,24.36898422,0,2.294825315,0,2.022794008,0,15.87693691,1.27841186523438,0.160994067788124,3.33562207221985,0.531807720661163,2.86174583435059,21.4175224304199,77.3384170532227,0,0,5.70624351501465,1.06004059314728,
207,0,53.57209778,0,0,0,24.36898422,0,2.294825315,0,2.022794008,0,15.87693691,1.27841186523438,0.160994067788124,3.33563041687012,0.53180855512619,2.86192846298218,21.4192867279053,77.349235534668,0,0,5.70633459091187,1.06004345417023,
208,0,53.57209778,0,0,0,24.36898422,0,2.294825315,0,2.022794008,0,15.87693691,1.27841186523438,0.160994067788124,3.33563756942749,0.531809210777283,2.8621027469635,21.420991897583,77.3600311279297,0,0,5.70641994476318,1.06004571914673,
209,0,53.57209778,0,0,0,24.36898422,0,2.294825315,0,2.022794008,0,15.87693691,1.27841186523438,0.160994067788124,3.33564305305481,0.531809687614441,2.86226916313171,21.4226398468018,77.3708038330078,0,0,5.70650053024292,1.06004762649536,
210,0,53.57434845,0,0,0,24.37000275,0,2.294870853,0,2.022805214,0,15.87737942,1.27841913700104,0.160994410514832,3.33566093444824,0.531811773777008,2.86242818832397,21.4242362976074,77.3815460205078,0,0,5.70658302307129,1.06005358695984,
211,0,53.57434845,0,0,0,24.37000275,0,2.294870853,0,2.022805214,0,15.87737942,1.27842879295349,0.160994857549667,3.33568859100342,0.531815052032471,2.86258006095886,21.4257831573486,77.3922729492188,0,0,5.70666837692261,1.06006276607513,
212,0,53.57434845,0,0,0,24.37000275,0,2.294870853,0,2.022805214,0,15.87737942,1.27843177318573,0.160994932055473,3.3357105255127,0.531817615032196,2.86272525787354,21.427282333374,77.4029769897461,0,0,5.70674848556519,1.06007015705109,
213,0,53.57434845,0,0,0,24.37000275,0,2.294870853,0,2.022805214,0,15.87737942,1.27843272686005,0.160994961857796,3.33572816848755,0.531819581985474,2.86286425590515,21.428731918335,77.4136505126953,0,0,5.70682382583618,1.06007611751556,
214,0,53.57434845,0,0,0,24.37000275,0,2.294870853,0,2.022805214,0,15.87737942,1.27843308448792,0.160994961857796,3.33574199676514,0.531821072101593,2.86299729347229,21.4301338195801,77.4242935180664,0,0,5.7068943977356,1.06008076667786,
215,0,53.57434845,0,0,0,24.37000275,0,2.294870853,0,2.022805214,0,15.87737942,1.2784332036972,0.160994961857796,3.33575320243835,0.531822204589844,2.86312437057495,21.4314880371094,77.4349136352539,0,0,5.70696067810059,1.06008458137512,
216,0,53.57434845,0,0,0,24.37000275,0,2.294870853,0,2.022805214,0,15.87737942,1.2784332036972,0.160994961857796,3.33576202392578,0.531823098659515,2.86324572563171,21.4327964782715,77.4455032348633,0,0,5.70702266693115,1.06008744239807,
217,0,53.57434845,0,0,0,24.37000275,0,2.294870853,0,2.022805214,0,15.87737942,1.2784332036972,0.160994961857796,3.33576893806458,0.531823813915253,2.86336183547974,21.434061050415,77.4560699462891,0,0,5.70708084106445,1.06008982658386,
218,0,53.57434845,0,0,0,24.37000275,0,2.294870853,0,2.022805214,0,15.87737942,1.2784332036972,0.160994961857796,3.33577442169189,0.531824350357056,2.86347270011902,21.4352836608887,77.4666061401367,0,0,5.70713567733765,1.0600917339325,
219,0,53.57434845,0,0,0,24.37000275,0,2.294870853,0,2.022805214,0,15.87737942,1.2784332036972,0.160994961857796,3.33577871322632,0.531824767589569,2.86357855796814,21.436466217041,77.4771118164063,0,0,5.70718717575073,1.06009316444397,
220,0,53.57434845,0,0,0,24.37000275,0,2.294870853,0,2.022805214,0,15.87737942,1.2784332036972,0.160994961857796,3.33578252792358,0.531825065612793,2.86367964744568,21.4376087188721,77.4875946044922,0,0,5.70723533630371,1.06009447574615,
221,0,53.57434845,0,0,0,24.37000275,0,2.294870853,0,2.022805214,0,15.87737942,1.2784332036972,0.160994961857796,3.33578538894653,0.531825304031372,2.86377620697021,21.4387130737305,77.498046875,0,0,5.70728063583374,1.06009554862976,
222,0,53.57434845,0,0,0,24.37000275,0,2.294870853,0,2.022805214,0,15.87737942,1.2784332036972,0.160994961857796,3.33578753471375,0.531825482845306,2.86386823654175,21.4397792816162,77.5084762573242,0,0,5.70732355117798,1.06009638309479,
223,0,53.57434845,0,0,0,24.37000275,0,2.294870853,0,2.022805214,0,15.87737942,1.2784332036972,0.160994961857796,3.33578944206238,0.531825602054596,2.86395597457886,21.4408111572266,77.5188751220703,0,0,5.70736360549927,1.06009697914124,
224,0,53.57434845,0,0,0,24.37000275,0,2.294870853,0,2.022805214,0,15.87737942,1.2784332036972,0.160994961857796,3.33579087257385,0.531825721263886,2.86403965950012,21.4418067932129,77.5292434692383,0,0,5.70740127563477,1.06009745597839,
225,0,53.57434845,0,0,0,24.37000275,0,2.294870853,0,2.022805214,0,15.87737942,1.2784332036972,0.160994961857796,3.33579206466675,0.53182578086853,2.86411952972412,21.4427700042725,77.5395812988281,0,0,5.70743656158447,1.06009781360626,
226,0,53.57434845,0,0,0,24.37000275,0,2.294870853,0,2.022805214,0,15.87737942,1.2784332036972,0.160994961857796,3.33579277992249,0.531825840473175,2.86419558525085,21.4436988830566,77.5498962402344,0,0,5.70746946334839,1.06009805202484,
227,0,53.57434845,0,0,0,24.37000275,0,2.294870853,0,2.022805214,0,15.87737942,1.2784332036972,0.160994961857796,3.33579349517822,0.53182590007782,2.86426830291748,21.4445972442627,77.5601806640625,0,0,5.70750045776367,1.06009829044342,
228,0,53.57434845,0,0,0,24.37000275,0,2.294870853,0,2.022805214,0,15.87737942,1.2784332036972,0.160994961857796,3.33579421043396,0.531825959682465,2.86433744430542,21.445463180542,77.5704345703125,0,0,5.70752954483032,1.06009840965271,
229,0,53.57434845,0,0,0,24.37000275,0,2.294870853,0,2.022805214,0,15.87737942,1.2784332036972,0.160994961857796,3.33579468727112,0.531826019287109,2.86440348625183,21.4463024139404,77.5806655883789,0,0,5.70755672454834,1.060098528862,
230,0,53.57434845,0,0,0,24.37000275,0,2.294870853,0,2.022805214,0,15.87737942,1.2784332036972,0.160994961857796,3.3357949256897,0.531826019287109,2.86446619033813,21.4471111297607,77.5908660888672,0,0,5.70758247375488,1.06009864807129,
231,0,53.57434845,0,0,0,24.37000275,0,2.294870853,0,2.022805214,0,15.87737942,1.2784332036972,0.160994961857796,3.33579540252686,0.531826019287109,2.86452603340149,21.4478931427002,77.6010360717773,0,0,5.70760679244995,1.06009876728058,
232,0,53.57659912,0,0,0,24.37101936,0,2.29491806,0,2.02281642,0,15.87782383,1.27844083309174,0.160995334386826,3.33580899238586,0.531827807426453,2.86458301544189,21.4486522674561,77.6111755371094,0,0,5.70763683319092,1.06010329723358,
233,0,53.57659912,0,0,0,24.37101936,0,2.29491806,0,2.02281642,0,15.87782383,1.27845060825348,0.160995736718178,3.33583307266235,0.531830847263336,2.86463737487793,21.449390411377,77.6212844848633,0,0,5.70767211914063,1.06011140346527,
234,0,53.57659912,0,0,0,24.37101936,0,2.29491806,0,2.02281642,0,15.87782383,1.27845370769501,0.160995826125145,3.33585262298584,0.531833171844482,2.86468958854675,21.4501056671143,77.6313705444336,0,0,5.7077054977417,1.06011784076691,
235,0,53.57659912,0,0,0,24.37101936,0,2.29491806,0,2.02281642,0,15.87782383,1.27845454216003,0.160995855927467,3.33586812019348,0.531834959983826,2.86473965644836,21.450798034668,77.6414184570313,0,0,5.70773649215698,1.06012308597565,
236,0,53.57659912,0,0,0,24.37101936,0,2.29491806,0,2.02281642,0,15.87782383,1.2784548997879,0.160995855927467,3.33588027954102,0.5318363904953,2.86478757858276,21.4514675140381,77.6514434814453,0,0,5.70776557922363,1.06012725830078,
237,0,53.57659912,0,0,0,24.37101936,0,2.29491806,0,2.02281642,0,15.87782383,1.27845501899719,0.160995855927467,3.33589005470276,0.531837463378906,2.86483359336853,21.4521160125732,77.6614303588867,0,0,5.70779275894165,1.06013059616089,
238,0,53.57659912,0,0,0,24.37101936,0,2.29491806,0,2.02281642,0,15.87782383,1.27845501899719,0.160995855927467,3.33589792251587,0.531838297843933,2.86487770080566,21.4527416229248,77.6713943481445,0,0,5.70781850814819,1.06013321876526,
239,0,53.57659912,0,0,0,24.37101936,0,2.29491806,0,2.02281642,0,15.87782383,1.27845501899719,0.160995855927467,3.3359041213989298,0.531838953495026,2.86491990089417,21.45334815979,77.6813278198242,0,0,5.70784282684326,1.06013524532318,
240,0,53.57659912,0,0,0,24.37101936,0,2.29491806,0,2.02281642,0,15.87782383,1.27845501899719,0.160995855927467,3.33590912818909,0.531839430332184,2.86496043205261,21.4539318084717,77.6912384033203,0,0,5.7078652381897,1.06013691425323,
241,0,53.57659912,0,0,0,24.37101936,0,2.29491806,0,2.02281642,0,15.87782383,1.27845501899719,0.160995855927467,3.33591294288635,0.531839787960052,2.86499929428101,21.454496383667,77.7011108398438,0,0,5.70788669586182,1.06013822555542,
242,0,53.57659912,0,0,0,24.37101936,0,2.29491806,0,2.02281642,0,15.87782383,1.27845501899719,0.160995855927467,3.33591628074646,0.531840085983276,2.86503648757935,21.4550437927246,77.7109603881836,0,0,5.70790672302246,1.06013929843903,
243,0,53.57659912,0,0,0,24.37101936,0,2.29491806,0,2.02281642,0,15.87782383,1.27845501899719,0.160995855927467,3.33591866493225,0.531840324401855,2.86507177352905,21.4555702209473,77.7207794189453,0,0,5.70792579650879,1.06014013290405,
244,0,53.57659912,0,0,0,24.37101936,0,2.29491806,0,2.02281642,0,15.87782383,1.27845501899719,0.160995855927467,3.33592057228088,0.53184050321579,2.86510562896729,21.4560813903809,77.7305679321289,0,0,5.70794343948364,1.0601407289505,
245,0,53.57659912,0,0,0,24.37101936,0,2.29491806,0,2.02281642,0,15.87782383,1.27845501899719,0.160995855927467,3.33592200279236,0.531840622425079,2.86513805389404,21.4565753936768,77.7403259277344,0,0,5.70795965194702,1.06014132499695,
246,0,53.57659912,0,0,0,24.37101936,0,2.29491806,0,2.02281642,0,15.87782383,1.27845501899719,0.160995855927467,3.33592319488525,0.531840741634369,2.86516880989075,21.457052230835,77.7500534057617,0,0,5.70797491073608,1.06014168262482,
247,0,53.57659912,0,0,0,24.37101936,0,2.29491806,0,2.02281642,0,15.87782383,1.27845501899719,0.160995855927467,3.33592414855957,0.531840801239014,2.86519813537598,21.4575119018555,77.7597579956055,0,0,5.70798921585083,1.06014204025269,
248,0,53.57659912,0,0,0,24.37101936,0,2.29491806,0,2.02281642,0,15.87782383,1.27845501899719,0.160995855927467,3.33592486381531,0.531840860843658,2.86522626876831,21.4579582214355,77.7694320678711,0,0,5.70800304412842,1.06014239788055,
249,0,53.57659912,0,0,0,24.37101936,0,2.29491806,0,2.02281642,0,15.87782383,1.27845501899719,0.160995855927467,3.33592581748962,0.531840920448303,2.86525321006775,21.4583873748779,77.7790679931641,0,0,5.70801591873169,1.06014251708984,
250,0,53.57659912,0,0,0,24.37101936,0,2.29491806,0,2.02281642,0,15.87782383,1.27845501899719,0.160995855927467,3.33592653274536,0.531840980052948,2.86527895927429,21.4588012695313,77.7886810302734,0,0,5.7080283164978,1.06014263629913,
251,0,53.57659912,0,0,0,24.37101936,0,2.29491806,0,2.02281642,0,15.87782383,1.27845501899719,0.160995855927467,3.33592677116394,0.531840980052948,2.86530351638794,21.4592018127441,77.7982635498047,0,0,5.7080397605896,1.06014275550842,
252,0,53.57659912,0,0,0,24.37101936,0,2.29491806,0,2.02281642,0,15.87782383,1.27845501899719,0.160995855927467,3.3359272480011,0.531840980052948,2.86532688140869,21.459587097168,77.8078155517578,0,0,5.70805025100708,1.06014287471771,
253,0,53.57659912,0,0,0,24.37101936,0,2.29491806,0,2.02281642,0,15.87782383,1.27845501899719,0.160995855927467,3.33592748641968,0.531840980052948,2.86534929275513,21.4599590301514,77.8173446655273,0,0,5.7080602645874,1.060142993927,
254,0,53.57659912,0,0,0,24.37101936,0,2.29491806,0,2.02281642,0,15.87782383,1.27845501899719,0.160995855927467,3.33592748641968,0.531840980052948,2.86537051200867,21.460319519043,77.8268432617188,0,0,5.70806980133057,1.06014311313629,
255,0,53.57659912,0,0,0,24.37101936,0,2.29491806,0,2.02281642,0,15.87782383,1.27845501899719,0.160995855927467,3.33592748641968,0.531840980052948,2.86539077758789,21.4606685638428,77.836311340332,0,0,5.70807886123657,1.06014323234558,
256,0,53.57659912,0,0,0,24.37101936,0,2.29491806,0,2.02281642,0,15.87782383,1.27845501899719,0.160995855927467,3.33592748641968,0.531840980052948,2.8654100894928,21.4610042572021,77.8457489013672,0,0,5.70808696746826,1.06014335155487,
257,0,53.57659912,0,0,0,24.37101936,0,2.29491806,0,2.02281642,0,15.87782383,1.27845501899719,0.160995855927467,3.33592748641968,0.531840980052948,2.86542868614197,21.4613285064697,77.8551559448242,0,0,5.70809507369995,1.06014347076416,
258,0,53.57659912,0,0,0,24.37101936,0,2.29491806,0,2.02281642,0,15.87782383,1.27845501899719,0.160995855927467,3.33592748641968,0.531840980052948,2.86544632911682,21.4616413116455,77.8645324707031,0,0,5.70810222625732,1.06014347076416,
259,0,53.57659912,0,0,0,24.37101936,0,2.29491806,0,2.02281642,0,15.87782383,1.27845501899719,0.160995855927467,3.33592748641968,0.531840980052948,2.86546325683594,21.4619445800781,77.8738784790039,0,0,5.7081093788147,1.06014347076416,
260,0,53.57659912,0,0,0,24.37101936,0,2.29491806,0,2.02281642,0,15.87782383,1.27845501899719,0.160995855927467,3.33592748641968,0.531840980052948,2.86547923088074,21.4622364044189,77.8831939697266,0,0,5.70811557769775,1.06014347076416,
261,0,53.57659912,0,0,0,24.37101936,0,2.29491806,0,2.02281642,0,15.87782383,1.27845501899719,0.160995855927467,3.33592748641968,0.531840980052948,2.86549425125122,21.4625186920166,77.8924865722656,0,0,5.70812177658081,1.06014347076416,
262,0,53.57659912,0,0,0,24.37101936,0,2.29491806,0,2.02281642,0,15.87782383,1.27845501899719,0.160995855927467,3.33592748641968,0.531840980052948,2.86550855636597,21.4627914428711,77.9017486572266,0,0,5.70812702178955,1.06014347076416,
263,0,53.57659912,0,0,0,24.37101936,0,2.29491806,0,2.02281642,0,15.87782383,1.27845501899719,0.160995855927467,3.33592748641968,0.531840980052948,2.86552238464355,21.4630565643311,77.9109802246094,0,0,5.70813226699829,1.06014347076416,
264,0,53.57659912,0,0,0,24.37101936,0,2.29491806,0,2.02281642,0,15.87782383,1.27845501899719,0.160995855927467,3.33592748641968,0.531840980052948,2.86553549766541,21.4633121490479,77.9201812744141,0,0,5.70813751220703,1.06014347076416,
265,0,53.57659912,0,0,0,24.37101936,0,2.29491806,0,2.02281642,0,15.87782383,1.27845501899719,0.160995855927467,3.33592748641968,0.531840980052948,2.86554789543152,21.4635581970215,77.9293594360352,0,0,5.70814228057861,1.06014347076416,
266,0,53.57659912,0,0,0,24.37101936,0,2.29491806,0,2.02281642,0,15.87782383,1.27845501899719,0.160995855927467,3.33592748641968,0.531840980052948,2.86555981636047,21.463794708252,77.9385070800781,0,0,5.70814657211304,1.06014347076416,
267,0,53.57659912,0,0,0,24.37101936,0,2.29491806,0,2.02281642,0,15.87782383,1.27845501899719,0.160995855927467,3.33592748641968,0.531840980052948,2.86557126045227,21.4640235900879,77.947624206543,0,0,5.70815086364746,1.06014347076416,
268,0,53.57659912,0,0,0,24.37101936,0,2.29491806,0,2.02281642,0,15.87782383,1.27845501899719,0.160995855927467,3.33592748641968,0.531840980052948,2.86558198928833,21.4642448425293,77.9567108154297,0,0,5.70815467834473,1.06014347076416,
269,0,53.57659912,0,0,0,24.37101936,0,2.29491806,0,2.02281642,0,15.87782383,1.27845501899719,0.160995855927467,3.33592748641968,0.531840980052948,2.86559224128723,21.4644584655762,77.9657669067383,0,0,5.70815801620483,1.06014347076416,
270,0,53.57659912,0,0,0,24.37101936,0,2.29491806,0,2.02281642,0,15.87782383,1.27845501899719,0.160995855927467,3.33592748641968,0.531840980052948,2.8656017780304,21.4646644592285,77.9748001098633,0,0,5.70816135406494,1.06014347076416,
271,0,53.57659912,0,0,0,24.37101936,0,2.29491806,0,2.02281642,0,15.87782383,1.27845501899719,0.160995855927467,3.33592748641968,0.531840980052948,2.86561107635498,21.4648628234863,77.9838104248047,0,0,5.70816469192505,1.06014347076416,
272,0,53.57659912,0,0,0,24.37101936,0,2.29491806,0,2.02281642,0,15.87782383,1.27845501899719,0.160995855927467,3.33592748641968,0.531840980052948,2.86561989784241,21.4650535583496,77.992790222168,0,0,5.70816802978516,1.06014347076416,
273,0,53.57659912,0,0,0,24.37101936,0,2.29491806,0,2.02281642,0,15.87782383,1.27845501899719,0.160995855927467,3.33592748641968,0.531840980052948,2.8656280040741,21.4652404785156,78.0017395019531,0,0,5.70817089080811,1.06014347076416,
274,0,53.57659912,0,0,0,24.37101936,0,2.29491806,0,2.02281642,0,15.87782383,1.27845501899719,0.160995855927467,3.33592748641968,0.531840980052948,2.86563587188721,21.4654197692871,78.0106582641602,0,0,5.7081732749939,1.06014347076416,
275,0,53.57659912,0,0,0,24.37101936,0,2.29491806,0,2.02281642,0,15.87782383,1.27845501899719,0.160995855927467,3.33592748641968,0.531840980052948,2.86564326286316,21.4655914306641,78.0195465087891,0,0,5.70817565917969,1.06014347076416,
276,0,53.57659912,0,0,0,24.37101936,0,2.29491806,0,2.02281642,0,15.87782383,1.27845501899719,0.160995855927467,3.33592748641968,0.531840980052948,2.86565017700195,21.4657573699951,78.0284042358398,0,0,5.70817804336548,1.06014347076416,
277,0,53.57659912,0,0,0,24.37101936,0,2.29491806,0,2.02281642,0,15.87782383,1.27845501899719,0.160995855927467,3.33592748641968,0.531840980052948,2.86565709114075,21.4659175872803,78.0372314453125,0,0,5.70818042755127,1.06014347076416,
278,0,53.57659912,0,0,0,24.37101936,0,2.29491806,0,2.02281642,0,15.87782383,1.27845501899719,0.160995855927467,3.33592748641968,0.531840980052948,2.86566352844238,21.4660739898682,78.0460433959961,0,0,5.7081823348999,1.06014347076416,
279,0,53.57659912,0,0,0,24.37101936,0,2.29491806,0,2.02281642,0,15.87782383,1.27845501899719,0.160995855927467,3.33592748641968,0.531840980052948,2.86566948890686,21.4662246704102,78.0548248291016,0,0,5.70818424224854,1.06014347076416,
280,0,53.57659912,0,0,0,24.37101936,0,2.29491806,0,2.02281642,0,15.87782383,1.27845501899719,0.160995855927467,3.33592748641968,0.531840980052948,2.86567544937134,21.4663715362549,78.0635757446289,0,0,5.70818614959717,1.06014347076416,
281,0,53.57659912,0,0,0,24.37101936,0,2.29491806,0,2.02281642,0,15.87782383,1.27845501899719,0.160995855927467,3.33592748641968,0.531840980052948,2.86568093299866,21.4665126800537,78.0722961425781,0,0,5.7081880569458,1.06014347076416,
282,0,53.57659912,0,0,0,24.37101936,0,2.29491806,0,2.02281642,0,15.87782383,1.27845501899719,0.160995855927467,3.33592748641968,0.531840980052948,2.8656861782074,21.4666481018066,78.0809860229492,0,0,5.70818948745728,1.06014347076416,
283,0,53.57659912,0,0,0,24.37101936,0,2.29491806,0,2.02281642,0,15.87782383,1.27845501899719,0.160995855927467,3.33592748641968,0.531840980052948,2.86569118499756,21.4667797088623,78.0896530151367,0,0,5.70819091796875,1.06014347076416,
284,0,53.57659912,0,0,0,24.37101936,0,2.29491806,0,2.02281642,0,15.87782383,1.27845501899719,0.160995855927467,3.33592748641968,0.531840980052948,2.86569571495056,21.4669055938721,78.0982894897461,0,0,5.70819234848022,1.06014347076416,
285,0,53.57659912,0,0,0,24.37101936,0,2.29491806,0,2.02281642,0,15.87782383,1.27845501899719,0.160995855927467,3.33592748641968,0.531840980052948,2.86570024490356,21.4670276641846,78.1068954467773,0,0,5.7081937789917,1.06014347076416,
286,0,53.57659912,0,0,0,24.37101936,0,2.29491806,0,2.02281642,0,15.87782383,1.27845501899719,0.160995855927467,3.33592748641968,0.531840980052948,2.86570453643799,21.4671459197998,78.1154708862305,0,0,5.70819520950317,1.06014347076416,
287,0,53.57659912,0,0,0,24.37101936,0,2.29491806,0,2.02281642,0,15.87782383,1.27845501899719,0.160995855927467,3.33592748641968,0.531840980052948,2.86570858955383,21.4672603607178,78.1240234375,0,0,5.70819616317749,1.06014347076416,
288,0,53.57659912,0,0,0,24.37101936,0,2.29491806,0,2.02281642,0,15.87782383,1.27845501899719,0.160995855927467,3.33592748641968,0.531840980052948,2.8657124042511,21.4673709869385,78.1325531005859,0,0,5.70819711685181,1.06014347076416,
289,0,53.57659912,0,0,0,24.37101936,0,2.29491806,0,2.02281642,0,15.87782383,1.27845501899719,0.160995855927467,3.33592748641968,0.531840980052948,2.86571598052979,21.4674777984619,78.1410522460938,0,0,5.70819807052612,1.06014347076416,
290,0,53.57659912,0,0,0,24.37101936,0,2.29491806,0,2.02281642,0,15.87782383,1.27845501899719,0.160995855927467,3.33592748641968,0.531840980052948,2.86571931838989,21.4675807952881,78.149528503418,0,0,5.70819902420044,1.06014347076416,
291,0,53.57659912,0,0,0,24.37101936,0,2.29491806,0,2.02281642,0,15.87782383,1.27845501899719,0.160995855927467,3.33592748641968,0.531840980052948,2.86572265625,21.467679977417,78.1579742431641,0,0,5.70819997787476,1.06014347076416,
292,0,53.57659912,0,0,0,24.37101936,0,2.29491806,0,2.02281642,0,15.87782383,1.27845501899719,0.160995855927467,3.33592748641968,0.531840980052948,2.86572575569153,21.4677753448486,78.166389465332,0,0,5.70820093154907,1.06014347076416,
293,0,53.57659912,0,0,0,24.37101936,0,2.29491806,0,2.02281642,0,15.87782383,1.27845501899719,0.160995855927467,3.33592748641968,0.531840980052948,2.86572885513306,21.467866897583,78.1747817993164,0,0,5.70820188522339,1.06014347076416,
294,0,53.57659912,0,0,0,24.37101936,0,2.29491806,0,2.02281642,0,15.87782383,1.27845501899719,0.160995855927467,3.33592748641968,0.531840980052948,2.86573171615601,21.4679565429688,78.1831436157227,0,0,5.70820283889771,1.06014347076416,
295,0,53.57659912,0,0,0,24.37101936,0,2.29491806,0,2.02281642,0,15.87782383,1.27845501899719,0.160995855927467,3.33592748641968,0.531840980052948,2.86573433876038,21.4680423736572,78.1914825439453,0,0,5.70820379257202,1.06014347076416,
296,0,53.57659912,0,0,0,24.37101936,0,2.29491806,0,2.02281642,0,15.87782383,1.27845501899719,0.160995855927467,3.33592748641968,0.531840980052948,2.86573672294617,21.4681243896484,78.1997909545898,0,0,5.70820426940918,1.06014347076416,
297,0,53.57659912,0,0,0,24.37101936,0,2.29491806,0,2.02281642,0,15.87782383,1.27845501899719,0.160995855927467,3.33592748641968,0.531840980052948,2.86573910713196,21.468204498291,78.2080688476563,0,0,5.70820474624634,1.06014347076416,
298,0,53.57659912,0,0,0,24.37101936,0,2.29491806,0,2.02281642,0,15.87782383,1.27845501899719,0.160995855927467,3.33592748641968,0.531840980052948,2.86574125289917,21.4682807922363,78.2163238525391,0,0,5.7082052230835,1.06014347076416,
299,0,53.57659912,0,0,0,24.37101936,0,2.29491806,0,2.02281642,0,15.87782383,1.27845501899719,0.160995855927467,3.33592748641968,0.531840980052948,2.86574339866638,21.468355178833,78.2245483398438,0,0,5.70820569992065,1.06014347076416,
