"Time Step","Softwood Merchantable","Hardwood Merchantable","Softwood Submerchantable","Hardwood Submerchantable","Softwood Other","Hardwood Other","Softwood Foliage","Hardwood Foliage","Softwood Fine Roots","Hardwood Fine Roots","Softwood Coarse Roots","Hardwood Coarse Roots","Aboveground Very Fast DOM","Belowground Very Fast DOM","Aboveground Fast DOM","Belowground Fast DOM","Medium DOM","Aboveground Slow DOM","Belowground Slow DOM","Softwood Stem Snag","Softwood Branch Snag","Hardwood Stem Snag","Hardwood Branch Snag",
0,0,0.03789306059,0,0,0,0.08664857596,0,0.01599074155,0,0.1483609378,0,0.2126680911,3.32963800430298,0.538332283496857,33.1312370300293,7.40430736541748,12.3677492141724,30.728931427002,88.6255416870117,0,0,1.2397434329614e-4,3.9438446401618e-4,
1,0,0.1515696347,0,0,0,0.2813926041,0,0.0443543531,0,0.3023552001,0,0.4634629786,1.76376307010651,0.228940784931183,27.1953620910645,6.07886791229248,11.7895317077637,31.2973766326904,88.8118057250977,0,0,7.3706498369574e-4,0.00199826457537711,
2,0,0.3405686915,0,0,0,0.5530762672,0,0.08018035442,0,0.4498073161,0,0.737533927,0.999200761318207,0.131042167544365,22.3323154449463,4.9933443069458,11.2383661270142,31.5403175354004,88.9310684204102,0,0,0.00230692443437874,0.0054352511651814,
3,0,0.6040055752,0,0,0,0.8861050606,0,0.1215508729,0,0.5880417824,0,1.030534029,0.648501217365265,0.111499778926373,18.3516731262207,4.1048731803894,10.7130165100098,31.5689659118652,89.0116806030273,0,0,0.00527125550433993,0.0110034681856632,
4,0,0.9406116605,0,0,0,1.269477248,0,0.1672506183,0,0.7161394358,0,1.339541554,0.511400520801544,0.120175562798977,15.0968389511108,3.37824940681458,10.2123193740845,31.451847076416,89.0668563842773,0,0,0.0100368047133088,0.0188261121511459,
5,0,1.348752618,0,0,0,1.694460273,0,0.2163848132,0,0.8339249492,0,1.662137985,0.484330266714096,0.138203516602516,12.4390525817871,2.7845618724823,9.73517608642578,31.2333717346191,89.1036376953125,0,0,0.0169786028563976,0.0289142858237028,
6,0,1.82644546,0,0,0,2.153697014,0,0.2682425976,0,0.9416103363,0,1.996156693,0.513652980327606,0.158511728048325,10.2724370956421,2.30006647109985,9.28055191040039,30.9438152313232,89.1263427734375,0,0,0.0264393575489521,0.041203860193491,
7,0,2.371376276,0,0,0,2.640779495,0,0.3222338259,0,1.039625883,0,2.33959651,0.571526527404785,0.178486958146095,8.50991439819336,1.90526139736176,8.84747123718262,30.6047554016113,89.1379470825195,0,0,0.0387289933860302,0.0555796325206757,
8,0,2.980920553,0,0,0,3.150020123,0,0.3778552115,0,1.128525019,0,2.690588474,0.643450617790222,0.197208538651466,7.07985305786133,1.58412730693817,8.43501281738281,30.2321281433105,89.1406555175781,0,0,0.0541243553161621,0.071892186999321,
9,0,3.652163982,0,0,0,3.676317453,0,0.4346702099,0,1.20892632,0,3.047381878,0.721836805343628,0.214401587843895,5.92331123352051,1.32350361347198,8.04230690002441,29.838020324707,89.1361770629883,0,0,0.0728690326213837,0.0899699702858925,
10,0,4.38192749,0,0,0,4.215073109,0,0.4922959805,0,1.281476259,0,3.408339739,0.80268806219101,0.230039104819298,4.99177265167236,1.11257672309875,7.66853284835815,29.431755065918,89.125862121582,0,0,0.0951733961701393,0.109628319740295,
11,0,5.166791916,0,0,0,4.762136459,0,0.5503946543,0,1.346822739,0,3.771934986,0.883879721164703,0.244188711047173,4.24528884887695,0.942459583282471,7.31291437149048,29.0205860137939,89.1107940673828,0,0,0.121214687824249,0.130676105618477,
12,0,6.003125191,0,0,0,5.313768387,0,0.6086671352,0,1.405599833,0,4.136753082,0.964269578456879,0.256952792406082,3.65095233917236,0.805847465991974,6.97471618652344,28.6101913452148,89.0918502807617,0,0,0.151137456297874,0.152920842170715,
13,0,6.887111187,0,0,0,5.866611958,0,0.6668480039,0,1.458414674,0,4.50148344,1.04323482513428,0.268444359302521,3.18164443969727,0.696734726428986,6.65324258804321,28.2049999237061,89.0697174072266,0,0,0.185053944587708,0.176172509789467,
14,0,7.814777374,0,0,0,6.41767025,0,0.7247022986,0,1.505841732,0,4.864924908,1.12043023109436,0.278776705265045,2.81500673294067,0.610182821750641,6.34783315658569,27.8084449768066,89.0449752807617,0,0,0.223044812679291,0.200246527791023,
15,0,8.782026291,0,0,0,6.964287758,0,0.7820219994,0,1.548417926,0,5.225977898,1.19566202163696,0.288059234619141,2.53259778022766,0.542129576206207,6.05786085128784,27.4231643676758,89.0181045532227,0,0,0.265159875154495,0.224965929985046,
16,0,9.7846632,0,0,0,7.504131794,0,0.8386240005,0,1.586639881,0,5.58364296,1.26881992816925,0.296394944190979,2.31919956207275,0.489232987165451,5.78273010253906,27.0511512756348,88.9894638061523,0,0,0.311419129371643,0.250163078308105,
17,0,10.81842995,0,0,0,8.035177231,0,0.8943476677,0,1.620964408,0,5.937016487,1.33984184265137,0.303879827260971,2.16224837303162,0.448742598295212,5.52187347412109,26.6938705444336,88.9593734741211,0,0,0.361813813447952,0.275680691003799,
18,0,11.87903214,0,0,0,8.555690765,0,0.9490528703,0,1.651807904,0,6.28528738,1.40869450569153,0.310602277517319,2.05136847496033,0.418394476175308,5.27474975585938,26.3523597717285,88.928092956543,0,0,0.416307657957077,0.301372915506363,
19,0,12.96216869,0,0,0,9.064208984,0,1.00261867,0,1.679548264,0,6.62773037,1.47536253929138,0.316643178462982,1.97798776626587,0.3963243663311,5.04084205627441,26.0273132324219,88.8958435058594,0,0,0.474838256835938,0.327105641365051,
20,0,14.06356144,0,0,0,9.559530258,0,1.054941535,0,1.704526901,0,6.963707924,1.5398421287536601,0.322076171636581,1.93502223491669,0.380996912717819,4.819655418396,25.7191390991211,88.8628082275391,0,0,0.537318527698517,0.352756917476654,
21,0,15.17897987,0,0,0,10.04068661,0,1.105933905,0,1.727049947,0,7.292654991,1.60213828086853,0.326967656612396,1.91661691665649,0.371147185564041,4.61071586608887,25.4280242919922,88.8291397094727,0,0,0.603638291358948,0.378216862678528,
22,0,16.63611412,0,0,0,10.05418396,0,1.133158922,0,1.745692134,0,7.586259842,1.65666055679321,0.331275403499603,1.91224563121796,0.365618705749512,4.41356706619263,25.1527767181396,88.7949371337891,0,0,0.674751758575439,0.401327073574066,
23,0,17.70663261,0,0,0,10.35713959,0,1.177698374,0,1.761926413,0,7.859715462,1.70509207248688,0.334986358880997,1.91677689552307,0.363408625125885,4.22780513763428,24.8923282623291,88.7602386474609,0,0,0.750250160694122,0.421701103448868,
24,0,18.77059364,0,0,0,10.6709156,0,1.221515775,0,1.776977062,0,8.1296978,1.7541481256485,0.338257759809494,1.93198847770691,0.363824784755707,4.0530309677124,24.6468677520752,88.7251205444336,0,0,0.828607618808746,0.441200137138367,
25,0,19.82600784,0,0,0,10.99339199,0,1.264486074,0,1.790928483,0,8.395598412,1.80295407772064,0.341227114200592,1.95610201358795,0.366365045309067,3.88881826400757,24.4163627624512,88.6896514892578,0,0,0.909618496894836,0.460071206092834,
26,0,20.87374115,0,0,0,11.32356071,0,1.306615233,0,1.803898454,0,8.657589912,1.85104751586914,0.3439581990242,1.98763823509216,0.370615631341934,3.73475384712219,24.2006530761719,88.6539306640625,0,0,0.993084728717804,0.478502362966537,
27,0,21.90893364,0,0,0,11.65875053,0,1.347691298,0,1.815926552,0,8.914449692,1.89815378189087,0.346484363079071,2.02534890174866,0.376232624053955,3.59043836593628,23.9994850158691,88.618034362793,0,0,1.0788060426712,0.496631026268005,
28,0,22.93242264,0,0,0,11.99823189,0,1.387739539,0,1.82711792,0,9.16642189,1.94409787654877,0.348826825618744,2.06817483901978,0.382929801940918,3.45548486709595,23.8125419616699,88.58203125,0,0,1.16657984256744,0.51455420255661,
29,0,23.93945313,0,0,0,12.33952141,0,1.426579595,0,1.837508917,0,9.412398338,1.98876333236694,0.351002037525177,2.11521220207214,0.390468716621399,3.32951831817627,23.6394634246826,88.5460052490234,0,0,1.25620210170746,0.53233677148819,
30,0,24.93357658,0,0,0,12.68301964,0,1.464356184,0,1.847216249,0,9.653323174,2.03209447860718,0.353025376796722,2.16569805145264,0.398653090000153,3.21217489242554,23.4798526763916,88.510009765625,0,0,1.34747552871704,0.55002248287200906,
31,0,25.910045620000002,0,0,0,13.02639008,0,1.50090313,0,1.856265187,0,9.888138771,2.0740690231323202,0.354911088943481,2.21898579597473,0.40732130408287,3.1031014919281,23.3333015441895,88.4740982055664,0,0,1.44020998477936,0.567638278007507,
32,0,26.86692429,0,0,0,13.36827278,0,1.536169648,0,1.86470592,0,10.1164875,2.11462831497192,0.356669098138809,2.27449560165405,0.416334986686707,3.00195646286011,23.1993675231934,88.4383239746094,0,0,1.53420400619507,0.585189461708069,
33,0,27.80758858,0,0,0,13.70929909,0,1.570304394,0,1.872627378,0,10.33928871,2.15377831459045,0.358311504125595,2.33174514770508,0.425582855939865,2.90840721130371,23.0776081085205,88.4027404785156,0,0,1.6292712688446,0.602677047252655,
34,0,28.7273674,0,0,0,14.04723454,0,1.603163481,0,1.88004303,0,10.55554771,2.19153141975403,0.359848916530609,2.39031934738159,0.434973299503326,2.82213163375854,22.9675731658936,88.3673858642578,0,0,1.72523212432861,0.62009459733963,
35,0,29.62953568,0,0,0,14.38280487,0,1.634891152,0,1.887026429,0,10.76614952,2.22790122032166,0.361290633678436,2.44985723495483,0.44443067908287,2.74281692504883,22.8688106536865,88.3323135375977,0,0,1.82191157341003,0.637429893016815,
36,0,30.50944328,0,0,0,14.71383095,0,1.665355206,0,1.893584132,0,10.97012424,2.26290392875671,0.362644910812378,2.51004385948181,0.45389261841774,2.67015933990479,22.7808666229248,88.2975616455078,0,0,1.91913998126984,0.654666304588318,
37,0,31.37026978,0,0,0,15.04111576,0,1.694696307,0,1.899777293,0,11.16832924,2.29655599594116,0.363918900489807,2.57060194015503,0.463307440280914,2.6038646697998,22.7032928466797,88.2631607055664,0,0,2.01675224304199,0.671784043312073,
38,0,32.20996094,0,0,0,15.36350536,0,1.722874761,0,1.905623794,0,11.36039829,2.32889676094055,0.365120023488998,2.63129997253418,0.472634702920914,2.54364681243896,22.6356430053711,88.2291564941406,0,0,2.11459565162659,0.688765227794647,
39,0,33.02902222,0,0,0,15.68085003,0,1.749939799,0,1.911156774,0,11.54655552,2.3599534034729,0.366254210472107,2.69192981719971,0.481840699911118,2.48922872543335,22.5774803161621,88.1955718994141,0,0,2.21252107620239,0.705589294433594,
40,0,33.82791901,0,0,0,15.99303341,0,1.775936365,0,1.916404724,0,11.72701168,2.38976764678955,0.367327302694321,2.75231742858887,0.490899533033371,2.44034218788147,22.5283737182617,88.1624374389648,0,0,2.31039023399353,0.72223824262619,
41,0,34.6045723,0,0,0,16.29894829,0,1.800830603,0,1.921376824,0,11.90139771,2.41836643218994,0.368343770503998,2.81230282783508,0.499789297580719,2.39672636985779,22.4879055023193,88.1297836303711,0,0,2.40806794166565,0.738691568374634,
42,0,35.3619194,0,0,0,16.59949303,0,1.824743032,0,1.926111937,0,12.07047176,2.4457893371582,0.369308233261108,2.87175226211548,0.508493602275848,2.35812926292419,22.455659866333,88.0976409912109,0,0,2.50542831420898,0.754931747913361,
43,0,36.09784317,0,0,0,16.89358902,0,1.847640038,0,1.930613995,0,12.23384857,2.47208094596863,0.370224922895432,2.93055391311646,0.517000555992126,2.32430672645569,22.4312381744385,88.066032409668,0,0,2.60235548019409,0.770943462848663,
44,0,36.81271744,0,0,0,17.18116379,0,1.869558811,0,1.934901357,0,12.39170074,2.49726748466492,0.371096789836884,2.98859930038452,0.525299549102783,2.29502201080322,22.4142513275146,88.0349807739258,0,0,2.69873428344727,0.786709010601044,
45,0,37.5093689,0,0,0,17.46314812,0,1.89061439,0,1.939003706,0,12.54473209,2.52140307426453,0.371927857398987,3.04581236839294,0.533385455608368,2.27004647254944,22.4043216705322,88.0045013427734,0,0,2.79446649551392,0.802217721939087,
46,0,38.18318176,0,0,0,17.73748779,0,1.910693884,0,1.94290626,0,12.69200802,2.54451727867126,0.37272047996521,3.10211539268494,0.54125303030014,2.24915862083435,22.4010791778564,87.9746170043945,0,0,2.88945269584656,0.81745582818985,
47,0,38.83692932,0,0,0,18.00512886,0,1.929908633,0,1.946635485,0,12.83421326,2.56662631034851,0.373476266860962,3.15742802619934,0.548897087574005,2.23214483261108,22.4041652679443,87.9453506469727,0,0,2.98359298706055,0.832406938076019,
48,0,39.47333527,0,0,0,18.26703262,0,1.948359609,0,1.950216174,0,12.97200489,2.58779406547546,0.374198883771896,3.21171236038208,0.556318700313568,2.21879816055298,22.413236618042,87.9167175292969,0,0,3.07681179046631,0.847066283226013,
49,0,40.08779526,0,0,0,18.52115631,0,1.965938687,0,1.95363009,0,13.10445118,2.6080527305603,0.374890148639679,3.26492285728455,0.563517868518829,2.20891904830933,22.4279613494873,87.8887329101563,0,0,3.16903066635132,0.861425042152405,
50,0,40.68541336,0,0,0,18.76946449,0,1.982813478,0,1.956912756,0,13.23271465,2.62743425369263,0.375551760196686,3.31702065467834,0.570495307445526,2.20231485366821,22.4480171203613,87.8614044189453,0,0,3.26017737388611,0.875475704669952,
51,0,41.26399231,0,0,0,19.01093292,0,1.99894309,0,1.960058212,0,13.35637951,2.64598894119263,0.376186102628708,3.3679883480072,0.577254772186279,2.19879984855652,22.4730987548828,87.8347396850586,0,0,3.35019278526306,0.889216244220734,
52,0,41.82374954,0,0,0,19.24552727,0,2.014354467,0,1.963072777,0,13.47554588,2.66373872756958,0.376794099807739,3.41779732704163,0.583798050880432,2.19819474220276,22.502908706665,87.8087615966797,0,0,3.43901538848877,0.902640402317047,
53,0,42.36728668,0,0,0,19.47422409,0,2.029135942,0,1.965975046,0,13.59081554,2.68072557449341,0.377377599477768,3.46643757820129,0.590129494667053,2.2003276348114,22.5371589660645,87.7834777832031,0,0,3.5265953540802,0.915747225284576,
54,0,42.89001083,0,0,0,19.69500542,0,2.04318285,0,1.968744993,0,13.70126343,2.69696688652039,0.377937257289886,3.51388692855835,0.596251368522644,2.20503234863281,22.5755748748779,87.7588882446289,0,0,3.61287927627563,0.928531110286713,
55,0,43.39925003,0,0,0,19.91086197,0,2.056707859,0,1.97142446,0,13.80848408,2.71249961853027,0.378474533557892,3.56014180183411,0.602168142795563,2.21214890480042,22.6178913116455,87.7350082397461,0,0,3.69782614707947,0.940991997718811,
56,0,43.89040375,0,0,0,20.11977005,0,2.069605112,0,1.973992705,0,13.91154385,2.72737073898315,0.378991365432739,3.60521292686462,0.607886373996735,2.22152400016785,22.663854598999,87.7118377685547,0,0,3.7814054489135702,0.953134298324585,
57,0,44.36363602,0,0,0,20.32169724,0,2.081894636,0,1.976453185,0,14.01051617,2.7415816783905,0.379487305879593,3.64908170700073,0.613407790660858,2.23301029205322,22.7132244110107,87.6893920898438,0,0,3.86357402801514,0.964952170848846,
58,0,44.82381058,0,0,0,20.51866913,0,2.09371686,0,1.978833556,0,14.10645771,2.75517559051514,0.379964172840118,3.69176077842712,0.6187384724617,2.24646592140198,22.7657661437988,87.6676712036133,0,0,3.94430804252625,0.976449906826019,
59,0,45.26633453,0,0,0,20.70865059,0,2.104964733,0,1.981112242,0,14.1984396,2.76818251609802,0.380422919988632,3.7332615852356,0.62388402223587,2.2617552280426,22.8212547302246,87.6466827392578,0,0,4.02358484268188,0.9876309633255,
60,0,45.69604111,0,0,0,20.8936367,0,2.115775585,0,1.983315587,0,14.28749752,2.78062629699707,0.380864292383194,3.77359366416931,0.62884932756424,2.27874803543091,22.8794803619385,87.6264190673828,0,0,4.10138463973999,0.99849796295166,
61,0,46.11068344,0,0,0,21.07261658,0,2.1261048319999998,0,1.985433936,0,14.37319374,2.79254269599915,0.381289452314377,3.81277966499329,0.633640944957733,2.29731965065002,22.9402389526367,87.6068801879883,0,0,4.1776967048645,1.00905764102936,
62,0,46.51037216,0,0,0,21.24559212,0,2.13596344,0,1.987468958,0,14.45557785,2.80394196510315,0.381698429584503,3.85082459449768,0.638262689113617,2.3173508644104,23.0033340454102,87.5880813598633,0,0,4.25250387191772,1.01931095123291,
63,0,46.89521408,0,0,0,21.41253662,0,2.145367384,0,1.98942256,0,14.53469563,2.81483554840088,0.382091462612152,3.88773322105408,0.642718017101288,2.33872723579407,23.0685787200928,87.5700073242188,0,0,4.32579135894775,1.02925848960876,
64,0,47.26763153,0,0,0,21.57447433,0,2.154383659,0,1.991308093,0,14.61107254,2.82525134086609,0.382469534873962,3.92352342605591,0.647012114524841,2.36134004592896,23.1357955932617,87.5526657104492,0,0,4.39755296707153,1.03890514373779,
65,0,47.62770462,0,0,0,21.73139763,0,2.1630244259999998,0,1.993126631,0,14.68474102,2.83522367477417,0.38283383846283,3.95822596549988,0.651151597499847,2.38508462905884,23.20481300354,87.5360565185547,0,0,4.4677906036377,1.04825973510742,
66,0,47.97317505,0,0,0,21.88226891,0,2.171242476,0,1.994867802,0,14.75526047,2.84476113319397,0.383184373378754,3.99185156822205,0.655140101909637,2.40986156463623,23.2754707336426,87.5201721191406,0,0,4.53649997711182,1.05732464790344,
67,0,48.30877304,0,0,0,22.02912712,0,2.179159164,0,1.996556044,0,14.82361507,2.85388779640198,0.383521854877472,4.02442359924316,0.658982992172241,2.43557596206665,23.3476104736328,87.5050201416016,0,0,4.603684425354,1.06610643863678,
68,0,48.63223648,0,0,0,22.1709404,0,2.186728001,0,1.998180389,0,14.88935661,2.86263465881348,0.383847445249558,4.05597686767578,0.662686705589294,2.46213746070862,23.4210910797119,87.4905853271484,0,0,4.66935443878174,1.07461512088776,
69,0,48.94132233,0,0,0,22.30670929,0,2.193902493,0,1.999730229,0,14.95205021,2.87099361419678,0.384160250425339,4.08651208877563,0.66625303030014,2.48946046829224,23.4957695007324,87.4768676757813,0,0,4.73350667953491,1.08284950256348,
70,0,49.24300766,0,0,0,22.43946457,0,2.200851679,0,2.001240969,0,15.01312351,2.87899303436279,0.384461492300034,4.11605882644653,0.669687449932098,2.51746296882629,23.57151222229,87.4638671875,0,0,4.79615306854248,1.09081792831421,
71,0,49.53273392,0,0,0,22.56716919,0,2.207476854,0,2.002690077,0,15.07166576,2.88666462898254,0.384752303361893,4.14465570449829,0.672996580600739,2.546067237854,23.648193359375,87.4515838623047,0,0,4.85731220245361,1.09853172302246,
72,0,49.8105545,0,0,0,22.68981934,0,2.213783026,0,2.00407815,0,15.12770081,2.8940007686615,0.385031819343567,4.17230796813965,0.676182270050049,2.57519960403442,23.7256946563721,87.4399948120117,0,0,4.9169864654541,1.10599112510681,
73,0,50.07881546,0,0,0,22.80843925,0,2.219830275,0,2.005417347,0,15.18171692,2.90101385116577,0.385300546884537,4.19903326034546,0.679247975349426,2.60479044914246,23.803897857666,87.4291076660156,0,0,4.97518825531006,1.11320054531097,
74,0,50.33985138,0,0,0,22.9240303,0,2.225674868,0,2.006719351,0,15.23418808,2.90774154663086,0.385559946298599,4.22487592697144,0.68220067024231,2.63477325439453,23.882698059082,87.4189071655273,0,0,5.03194189071655,1.1201730966568,
75,0,50.58910751,0,0,0,23.03456116,0,2.231219053,0,2.00796175,0,15.28421211,2.91419124603271,0.385810136795044,4.24985885620117,0.685044288635254,2.66508555412292,23.9619941711426,87.4094009399414,0,0,5.08726453781128,1.12691473960876,
76,0,50.82892227,0,0,0,23.14105606,0,2.236519814,0,2.009156227,0,15.33226871,2.92035675048828,0.386050403118134,4.27398777008057,0.687780201435089,2.69566822052002,24.0416870117188,87.4005813598633,0,0,5.14116477966309,1.13342571258545,
77,0,51.061607360000004,0,0,0,23.24451256,0,2.241632223,0,2.010314941,0,15.37882614,2.92626357078552,0.386281877756119,4.29729509353638,0.690413534641266,2.72646522521973,24.1216869354248,87.3924407958984,0,0,5.19366693496704,1.13971567153931,
78,0,51.28491211,0,0,0,23.34392357,0,2.246507645,0,2.011425972,0,15.42344379,2.93192672729492,0.38650506734848,4.31980848312378,0.692948579788208,2.75742387771606,24.201904296875,87.3849639892578,0,0,5.24479246139526,1.14579224586487,
79,0,51.49887085,0,0,0,23.43928337,0,2.251152754,0,2.012490511,0,15.46613789,2.93734264373779,0.386719465255737,4.3415379524231,0.695387184619904,2.78849458694458,24.2822570800781,87.3781509399414,0,0,5.2945556640625,1.15165710449219,
80,0,51.70578003,0,0,0,23.53161621,0,2.25562191,0,2.013519526,0,15.5073719,2.9425253868103,0.386925667524338,4.3625054359436,0.69773268699646,2.81963062286377,24.3626651763916,87.3719863891602,0,0,5.34297752380371,1.15731632709503,
81,0,51.90567398,0,0,0,23.62090492,0,2.259913921,0,2.014513493,0,15.54715538,2.94749641418457,0.387124568223953,4.38274431228638,0.699989855289459,2.85078811645508,24.443058013916,87.3664703369141,0,0,5.39008522033691,1.16277956962585,
82,0,52.09629059,0,0,0,23.70614243,0,2.26398778,0,2.015460968,0,15.58504677,2.95225524902344,0.387315809726715,4.40226793289185,0.702160835266113,2.88192582130432,24.5233631134033,87.3615875244141,0,0,5.43589735031128,1.16804981231689,
83,0,52.28219604,0,0,0,23.78935814,0,2.267939329,0,2.016385078,0,15.62196064,2.95681619644165,0.387499958276749,4.42110204696655,0.704249322414398,2.91300535202026,24.6035175323486,87.3573379516602,0,0,5.48043870925903,1.17313420772552,
84,0,52.45888138,0,0,0,23.86852264,0,2.271677017,0,2.017262936,0,15.65700531,2.9611873626709,0.387677282094955,4.43926906585693,0.706258416175842,2.94399046897888,24.6834583282471,87.3537063598633,0,0,5.52373266220093,1.17803883552551,
85,0,52.63088608,0,0,0,23.94565964,0,2.275300264,0,2.018117666,0,15.69108391,2.96537494659424,0.387847870588303,4.456787109375,0.708190679550171,2.97484755516052,24.7631301879883,87.3506851196289,0,0,5.56580305099487,1.18276846408844,
86,0,52.79596329,0,0,0,24.01976013,0,2.278759956,0,2.018937826,0,15.72375679,2.96939587593079,0.388012498617172,4.47368669509888,0.710050284862518,3.00554513931274,24.8424797058105,87.348274230957,0,0,5.60667753219604,1.18733179569244,
87,0,52.95413208,0,0,0,24.0908165,0,2.282062054,0,2.019723654,0,15.75503159,2.97324681282043,0.388170719146729,4.48997783660889,0.711838662624359,3.03605461120605,24.9214553833008,87.3464584350586,0,0,5.64637660980225,1.19173109531403,
88,0,53.10766983,0,0,0,24.15984154,0,2.285253286,0,2.020486593,0,15.78536224,2.97693991661072,0.388323098421097,4.50568532943726,0.713558971881866,3.06634855270386,25.0000095367432,87.3452224731445,0,0,5.68492698669434,1.19597291946411,
89,0,53.25432205,0,0,0,24.22583008,0,2.288288355,0,2.0212152,0,15.81430626,2.98048233985901,0.388469845056534,4.52082824707031,0.715213894844055,3.0964021682739298,25.0780982971191,87.3445663452148,0,0,5.72235345840454,1.20006263256073,
90,0,53.39636993,0,0,0,24.28979111,0,2.291217327,0,2.021920919,0,15.84231567,2.98387837409973,0.388611108064651,4.53542327880859,0.716805696487427,3.12619233131409,25.1556816101074,87.344482421875,0,0,5.75867986679077,1.20400476455688,
91,0,53.53155899,0,0,0,24.35071754,0,2.293994188,0,2.022592545,0,15.8689537,2.98713111877441,0.388746827840805,4.549485206604,0.718336164951324,3.1556978225708,25.2327213287354,87.3449630737305,0,0,5.79392910003662,1.20780301094055,
92,0,53.66215515,0,0,0,24.40959358,0,2.296666861,0,2.02324152,0,15.89466286,2.99024319648743,0.388877063989639,4.5630259513855,0.719806849956512,3.18489909172058,25.3091793060303,87.3459930419922,0,0,5.82812213897705,1.2114599943161,
93,0,53.78817368,0,0,0,24.46645927,0,2.299237251,0,2.023867607,0,15.91945362,2.99322891235352,0.389002501964569,4.57606983184814,0.721220910549164,3.21377825737,25.3850193023682,87.3475570678711,0,0,5.86128664016724,1.21498286724091,
94,0,53.90961838,0,0,0,24.52128792,0,2.301705837,0,2.024471283,0,15.94332504,2.99609565734863,0.389123469591141,4.58863735198975,0.722580969333649,3.24231910705566,25.4602146148682,87.3496627807617,0,0,5.89344930648804,1.21837747097015,
95,0,54.02650452,0,0,0,24.57409286,0,2.304073572,0,2.025052071,0,15.96628475,2.99884843826294,0.389239996671677,4.60074615478516,0.723889231681824,3.27050638198853,25.5347366333008,87.352294921875,0,0,5.92463445663452,1.22164857387543,
96,0,54.13882828,0,0,0,24.62487411,0,2.306343317,0,2.025610447,0,15.98833466,3.00149011611938,0.389352142810822,4.61241054534912,0.725147485733032,3.29832720756531,25.6085586547852,87.3554306030273,0,0,5.95486640930176,1.2247998714447,
97,0,54.2466011,0,0,0,24.67361641,0,2.308513165,0,2.026146173,0,16.00947571,3.00402283668518,0.38945996761322,4.62364387512207,0.726357281208038,3.32576966285706,25.6816577911377,87.3590774536133,0,0,5.98416662216187,1.22783470153809,
98,0,54.34983444,0,0,0,24.72032547,0,2.310584307,0,2.02665925,0,16.02971268,3.00644683837891,0.389563381671906,4.63445568084717,0.727519810199738,3.35282278060913,25.7540111541748,87.3632202148438,0,0,6.01255655288696,1.23075556755066,
99,0,54.45077515,0,0,0,24.76603127,0,2.312606335,0,2.02716136,0,16.04948997,3.00877642631531,0.38966315984726,4.64486932754517,0.728637933731079,3.37947726249695,25.8255977630615,87.3678588867188,0,0,6.04006338119507,1.23356902599335,
100,0,54.54493713,0,0,0,24.8086834,0,2.314486265,0,2.027629375,0,16.06792641,3.0110068321228,0.389758825302124,4.6548900604248,0.729712307453156,3.40572452545166,25.8963985443115,87.3729782104492,0,0,6.06670618057251,1.23627626895905,
101,0,54.63906479,0,0,0,24.85133934,0,2.316359758,0,2.02809763,0,16.08634758,3.01314759254456,0.389850974082947,4.66453695297241,0.730745196342468,3.43155741691589,25.9663982391357,87.3785552978516,0,0,6.09250974655151,1.23888254165649,
102,0,54.72642517,0,0,0,24.89094925,0,2.318095446,0,2.028532028,0,16.10343552,3.01520395278931,0.38993975520134,4.67382574081421,0.731738448143005,3.45696973800659,26.0355815887451,87.3845977783203,0,0,6.11749744415283,1.24139225482941,
103,0,54.81151581,0,0,0,24.92954826,0,2.319781065,0,2.028955221,0,16.1200695,3.01716732978821,0.390024602413177,4.68275499343872,0.732691943645477,3.48195600509644,26.103931427002,87.3910903930664,0,0,6.14168405532837,1.24380445480347,
104,0,54.8943367,0,0,0,24.96713066,0,2.321419477,0,2.029367447,0,16.13625336,3.01905751228333,0.390106618404388,4.69135332107544,0.733609080314636,3.506511926651,26.1714401245117,87.3980255126953,0,0,6.16509914398193,1.24612736701965,
105,0,54.97264862,0,0,0,25.00268364,0,2.322962523,0,2.029757023,0,16.15154839,3.02087211608887,0.390185534954071,4.69962930679321,0.734490811824799,3.53063416481018,26.2380962371826,87.4053955078125,0,0,6.18776178359985,1.24836349487305,
106,0,55.0486908,0,0,0,25.03722572,0,2.324459314,0,2.030135393,0,16.16639328,3.0226106643676798,0.390261292457581,4.70759010314941,0.735338032245636,3.55431985855103,26.3038921356201,87.4131927490234,0,0,6.20969104766846,1.2505145072937,
107,0,55.12247467,0,0,0,25.07074165,0,2.325909615,0,2.030502558,0,16.18078995,3.02428579330444,0.390334457159042,4.71525716781616,0.736153244972229,3.5775671005249,26.3688182830811,87.4214019775391,0,0,6.23091316223145,1.25258636474609,
108,0,55.19176483,0,0,0,25.10223007,0,2.327265978,0,2.030847311,0,16.19430351,3.02589106559753,0.390404671430588,4.72263383865356,0.736936807632446,3.60037469863892,26.4328689575195,87.4300231933594,0,0,6.25144386291504,1.25457978248596,
109,0,55.25879669,0,0,0,25.132701870000002,0,2.328578711,0,2.031181097,0,16.20737267,3.02742409706116,0.390471786260605,4.72972249984741,0.737688899040222,3.62274241447449,26.4960384368896,87.4390487670898,0,0,6.27129936218262,1.25649499893188,
110,0,55.32580948,0,0,0,25.1631813,0,2.329887152,0,2.031514645,0,16.22043228,3.02890753746033,0.390537053346634,4.73655414581299,0.738413214683533,3.64467000961304,26.5583229064941,87.4484634399414,0,0,6.29050874710083,1.25834143161774,
111,0,55.38610077,0,0,0,25.19060707,0,2.33106184,0,2.031814814,0,16.23217964,3.03032875061035,0.390599608421326,4.7431263923645,0.73910939693450906,3.66615843772888,26.6197185516357,87.4582595825195,0,0,6.30908489227295,1.26011776924133,
112,0,55.44637299,0,0,0,25.21803474,0,2.332233906,0,2.032114983,0,16.24391556,3.03168225288391,0.390659153461456,4.74943685531616,0.739777028560638,3.68720889091492,26.6802215576172,87.4684295654297,0,0,6.32704067230225,1.26182281970978,
113,0,55.50440216,0,0,0,25.24444962,0,2.333362579,0,2.032404184,0,16.25521469,3.03298830986023,0.390716880559921,4.75551271438599,0.740419447422028,3.70782279968262,26.7398319244385,87.4789657592773,0,0,6.34440231323242,1.26346468925476,
114,0,55.56018448,0,0,0,25.26984787,0,2.334443569,0,2.032681942,0,16.26606941,3.03424644470215,0.390772610902786,4.76136207580566,0.741037547588348,3.72800254821777,26.7985496520996,87.489860534668,0,0,6.36118841171265,1.26504564285278,
115,0,55.61371613,0,0,0,25.2942276,0,2.335479975,0,2.032948494,0,16.27648544,3.03545522689819,0.390826195478439,4.76699209213257,0.741631984710693,3.74775099754334,26.8563766479492,87.501106262207,0,0,6.3774151802063,1.26656746864319,
116,0,55.66500854,0,0,0,25.31760216,0,2.336472034,0,2.033204079,0,16.28646088,3.03661489486694,0.390877664089203,4.7724084854126,0.7422034740448,3.76707100868225,26.9133148193359,87.5126953125,0,0,6.3930983543396,1.26803159713745,
117,0,55.71406174,0,0,0,25.339954379999998,0,2.337418079,0,2.033448458,0,16.29599762,3.03772592544556,0.390926986932755,4.77761602401733,0.742752552032471,3.78596615791321,26.9693622589111,87.5246276855469,0,0,6.40825271606445,1.26943933963776,
118,0,55.7608757,0,0,0,25.36128426,0,2.338322163,0,2.033681631,0,16.30509758,3.03878808021545,0.390974193811417,4.78261947631836,0.743279576301575,3.80444025993347,27.0245208740234,87.5368728637695,0,0,6.42289304733276,1.27079141139984,
119,0,55.80767059,0,0,0,25.38261032,0,2.33922267,0,2.033914804,0,16.31418991,3.03981328010559,0.391019940376282,4.78743600845337,0.743786692619324,3.82249736785889,27.0787944793701,87.5494384765625,0,0,6.43703985214233,1.27209329605103,
120,0,55.8500061,0,0,0,25.40192032,0,2.340037584,0,2.034125805,0,16.32241631,3.04079627990723,0.391063779592514,4.79206657409668,0.744273900985718,3.8401415348053,27.1321887969971,87.5623168945313,0,0,6.45070552825928,1.27334487438202,
121,0,55.89233398,0,0,0,25.42121887,0,2.340848684,0,2.034336805,0,16.33063698,3.0417332649231,0.391105532646179,4.79651212692261,0.744741201400757,3.85737776756287,27.1847038269043,87.5755004882813,0,0,6.46390151977539,1.27454602718353,
122,0,55.93242264,0,0,0,25.43951988,0,2.341618538,0,2.034536839,0,16.33842278,3.04263496398926,0.391145944595337,4.8007869720459,0.745190322399139,3.87421083450317,27.2363471984863,87.588981628418,0,0,6.47664642333984,1.27570116519928,
123,0,55.97250748,0,0,0,25.45780373,0,2.342386007,0,2.034736633,0,16.34620285,3.04350686073303,0.391185104846954,4.80490398406982,0.745622754096985,3.8906455039978,27.2871246337891,87.6027526855469,0,0,6.48895788192749,1.27681410312653,
124,0,56.00813293,0,0,0,25.47406197,0,2.343068838,0,2.034914255,0,16.3531189,3.04434013366699,0.391222476959229,4.80885887145996,0.74603796005249,3.90668773651123,27.3370418548584,87.6168060302734,0,0,6.50084400177002,1.27788317203522,
125,0,56.04374695,0,0,0,25.49031067,0,2.343749523,0,2.035091877,0,16.36002922,3.04513120651245,0.391257882118225,4.81264925003052,0.746435403823853,3.92234206199646,27.3861026763916,87.6311264038086,0,0,6.5123143196106,1.27890706062317,
126,0,56.07936096,0,0,0,25.50657082,0,2.344429255,0,2.03526926,0,16.36693764,3.04589939117432,0.391292423009872,4.81630086898804,0.746818244457245,3.93761491775513,27.4343128204346,87.6457138061523,0,0,6.5233907699585,1.27989375591278,
127,0,56.11274338,0,0,0,25.52180481,0,2.345065832,0,2.035435677,0,16.37341309,3.04664421081543,0.391326040029526,4.81982088088989,0.747187316417694,3.95251107215881,27.4816837310791,87.6605682373047,0,0,6.53408813476563,1.28084540367126,
128,0,56.1438942,0,0,0,25.53603363,0,2.34566021,0,2.035591125,0,16.37945366,3.04735422134399,0.391357988119125,4.82320117950439,0.747541546821594,3.96703743934631,27.5282211303711,87.6756820678711,0,0,6.54441213607788,1.28175926208496,
129,0,56.1750412,0,0,0,25.55025482,0,2.346253633,0,2.035746336,0,16.38549423,3.04803490638733,0.391388654708862,4.82645034790039,0.747881829738617,3.98119974136353,27.5739307403564,87.6910400390625,0,0,6.55437564849854,1.28263735771179,
130,0,56.2039566,0,0,0,25.56347466,0,2.346804619,0,2.035890818,0,16.39109993,3.0486888885498,0.391418159008026,4.82957410812378,0.748208820819855,3.99500370025635,27.6188220977783,87.7066268920898,0,0,6.56399154663086,1.28348171710968,
131,0,56.23287201,0,0,0,25.57667351,0,2.347354412,0,2.036034822,0,16.39670372,3.04931807518005,0.391446560621262,4.83257818222046,0.748523116111755,4.00845527648926,27.6629047393799,87.7224578857422,0,0,6.57327127456665,1.28429365158081,
132,0,56.25955582,0,0,0,25.58886528,0,2.347861767,0,2.036168098,0,16.40187836,3.04992246627808,0.391473799943924,4.83546686172485,0.748825252056122,4.02156114578247,27.706184387207,87.738525390625,0,0,6.58222579956055,1.28507447242737,
133,0,56.28624344,0,0,0,25.60106087,0,2.34836936,0,2.036301136,0,16.40704727,3.05050277709961,0.391500055789948,4.83824396133423,0.749115645885468,4.03432750701904,27.7486686706543,87.7548065185547,0,0,6.59086608886719,1.28582513332367,
134,0,56.31069946,0,0,0,25.61224365,0,2.348831415,0,2.036423206,0,16.41178513,3.05105900764465,0.391525268554688,4.84091281890869,0.749394595623016,4.04676055908203,27.7903690338135,87.7713012695313,0,0,6.59920120239258,1.28654658794403,
135,0,56.33515167,0,0,0,25.62342072,0,2.349296331,0,2.036545277,0,16.41652298,3.05159163475037,0.391549348831177,4.84347629547119,0.749662399291992,4.05886650085449,27.8312931060791,87.7880096435547,0,0,6.6072416305542,1.2872394323349,
136,0,56.35737991,0,0,0,25.63357162,0,2.349717855,0,2.036656141,0,16.42082596,3.05210113525391,0.391572386026382,4.84593629837036,0.749919235706329,4.07065153121948,27.8714504241943,87.8049163818359,0,0,6.6149959564209,1.28790414333344,
137,0,56.37960434,0,0,0,25.64373207,0,2.350136995,0,2.036767006,0,16.42513275,3.05258631706238,0.391594380140305,4.84829521179199,0.750165402889252,4.08212232589722,27.9108486175537,87.822021484375,0,0,6.62247133255005,1.28854131698608,
138,0,56.40182495,0,0,0,25.65390396,0,2.350558996,0,2.036877871,0,16.42943382,3.05305957794189,0.391615927219391,4.8505687713623,0.750402688980103,4.09328508377075,27.9494972229004,87.8393173217773,0,0,6.62968349456787,1.28915584087372,
139,0,56.42182922,0,0,0,25.66304779,0,2.350935936,0,2.036977768,0,16.43330765,3.05351567268372,0.391636669635773,4.85275602340698,0.750630915164948,4.10414600372314,27.9874076843262,87.8567962646484,0,0,6.6366400718689,1.28974723815918,
140,0,56.44182587,0,0,0,25.6721859,0,2.351314306,0,2.037077427,0,16.43717766,3.05395102500916,0.391656398773193,4.85485601425171,0.750850021839142,4.11471080780029,28.0245876312256,87.8744583129883,0,0,6.64334774017334,1.29031503200531,
141,0,56.4618187,0,0,0,25.68133163,0,2.351691008,0,2.037177324,0,16.44104767,3.05437564849854,0.391675800085068,4.85688304901123,0.75106155872345,4.12498664855957,28.0610504150391,87.8922958374023,0,0,6.64981937408447,1.29086315631866,
142,0,56.47959137,0,0,0,25.68946075,0,2.352027178,0,2.037266016,0,16.44448853,3.05478358268738,0.391694456338882,4.85883378982544,0.751265168190002,4.13497972488403,28.0968055725098,87.9103088378906,0,0,6.65606117248535,1.29139089584351,
143,0,56.49736404,0,0,0,25.69758987,0,2.352363348,0,2.037354708,0,16.44792747,3.05517220497131,0.391712069511414,4.8607063293457,0.751460492610931,4.14469575881958,28.1318607330322,87.9284744262695,0,0,6.66207838058472,1.29189741611481,
144,0,56.51291275,0,0,0,25.70469856,0,2.352655411,0,2.037432194,0,16.45093536,3.05553913116455,0.391728699207306,4.86249828338623,0.751647233963013,4.15414142608643,28.166223526001,87.9468154907227,0,0,6.66787576675415,1.29238164424896,
145,0,56.5306778,0,0,0,25.71282578,0,2.352991343,0,2.037520885,0,16.45437241,3.05589461326599,0.391744911670685,4.86422300338745,0.751826882362366,4.16332244873047,28.1999073028564,87.9653015136719,0,0,6.67346572875977,1.29284775257111,
146,0,56.54623032,0,0,0,25.71994019,0,2.353283167,0,2.03759861,0,16.4573822,3.05624437332153,0.391760975122452,4.86589050292969,0.752000749111176,4.17224454879761,28.2329235076904,87.9839401245117,0,0,6.6788592338562,1.29329895973206,
147,0,56.55955505,0,0,0,25.72604752,0,2.353535414,0,2.037665129,0,16.45996094,3.05656909942627,0.391775667667389,4.86748123168945,0.752166390419006,4.1809139251709,28.2652759552002,88.0027236938477,0,0,6.68405246734619,1.29372882843018,
148,0,56.57509613,0,0,0,25.7331562,0,2.353826761,0,2.037742853,0,16.46296692,3.05688071250916,0.391789853572845,4.86900758743286,0.752325236797333,4.18933629989624,28.2969799041748,88.0216369628906,0,0,6.68905687332153,1.29414129257202,
149,0,56.58842087,0,0,0,25.73925781,0,2.354078054,0,2.037809134,0,16.46554375,3.05718517303467,0.391803830862045,4.87048006057739,0.75247848033905,4.19751739501953,28.3280429840088,88.0406951904297,0,0,6.69388246536255,1.29453933238983,
150,0,56.60174179,0,0,0,25.74535179,0,2.354329824,0,2.037875891,0,16.46812057,3.05747556686401,0.391817063093185,4.87189197540283,0.752625405788422,4.20546340942383,28.3584747314453,88.0598831176758,0,0,6.69853115081787,1.29492092132568,
151,0,56.61506271,0,0,0,25.75144386,0,2.35457921,0,2.03794241,0,16.4706955,3.05775833129883,0.391830027103424,4.87325286865234,0.752767086029053,4.21317958831787,28.3882865905762,88.0791931152344,0,0,6.70301294326782,1.29528892040253,
152,0,56.62616348,0,0,0,25.75651932,0,2.354788542,0,2.037997723,0,16.47284126,3.05802583694458,0.391842186450958,4.87455701828003,0.752902746200562,4.22067213058472,28.4174900054932,88.0986175537109,0,0,6.70733022689819,1.29564118385315,
153,0,56.63948441,0,0,0,25.76262093,0,2.355037451,0,2.038064241,0,16.47541618,3.05828547477722,0.391854077577591,4.87581300735474,0.753033399581909,4.22794580459595,28.4460906982422,88.1181640625,0,0,6.71149158477783,1.29598069190979,
154,0,56.65058136,0,0,0,25.76770782,0,2.355247021,0,2.038119555,0,16.47756386,3.05854082107544,0.391865879297256,4.877028465271,0.753159999847412,4.23500633239746,28.4741039276123,88.1378173828125,0,0,6.71550512313843,1.29630994796753,
155,0,56.66168213,0,0,0,25.77278519,0,2.355456591,0,2.038175106,0,16.47970963,3.05878353118896,0.391876965761185,4.87819576263428,0.753281474113464,4.24185943603516,28.5015354156494,88.157585144043,0,0,6.71937227249146,1.29662585258484,
156,0,56.67055893,0,0,0,25.77685165,0,2.355621576,0,2.038219452,0,16.48142624,3.05900812149048,0.391887098550797,4.87930822372437,0.753397047519684,4.24850988388062,28.5283946990967,88.1774520874023,0,0,6.72309350967407,1.29692625999451,
157,0,56.68165588,0,0,0,25.78193283,0,2.355830431,0,2.038274765,0,16.48357201,3.05922293663025,0.391896903514862,4.88037395477295,0.753507733345032,4.25496292114258,28.5546913146973,88.1974258422852,0,0,6.72667646408081,1.29721391201019,
158,0,56.69053268,0,0,0,25.78599739,0,2.355998039,0,2.038319111,0,16.48528862,3.0594334602356,0.391906559467316,4.88140058517456,0.75361442565918,4.26122379302979,28.5804347991943,88.2174911499023,0,0,6.73012924194336,1.29749131202698,
159,0,56.69940948,0,0,0,25.79006004,0,2.356163025,0,2.038363457,0,16.48700333,3.05963039398193,0.391915500164032,4.88237953186035,0.753716051578522,4.26729679107666,28.6056365966797,88.2376480102539,0,0,6.73345136642456,1.29775559902191,
160,0,56.70828629,0,0,0,25.79412651,0,2.356330156,0,2.038407803,0,16.48871803,3.05981993675232,0.391924172639847,4.88331937789917,0.753813505172729,4.27318716049194,28.6303024291992,88.2579040527344,0,0,6.73665046691895,1.2980090379715,
161,0,56.71716309,0,0,0,25.79818916,0,2.356495142,0,2.038452148,0,16.49043465,3.06000590324402,0.391932785511017,4.8842248916626,0.753907561302185,4.27890014648438,28.6544437408447,88.2782363891602,0,0,6.73973274230957,1.29825365543365,
162,0,56.72603989,0,0,0,25.80225372,0,2.356662273,0,2.038496494,0,16.49215126,3.06018972396851,0.391941338777542,4.88510227203369,0.753998875617981,4.28444004058838,28.678071975708,88.2986450195313,0,0,6.74270486831665,1.29849112033844,
163,0,56.73491287,0,0,0,25.80631638,0,2.356829166,0,2.03854084,0,16.49386597,3.06037330627441,0.391949862241745,4.88595628738403,0.754087865352631,4.28981113433838,28.7011966705322,88.3191375732422,0,0,6.74557256698608,1.29872262477875,
164,0,56.74156952,0,0,0,25.80936813,0,2.356952906,0,2.03857398,0,16.49515152,3.06054520606995,0.391957730054855,4.88677597045898,0.754173159599304,4.29501914978027,28.7238254547119,88.3397064208984,0,0,6.74833393096924,1.29894471168518,
165,0,56.74822998,0,0,0,25.81241608,0,2.357077837,0,2.038607359,0,16.49643898,3.0606997013092,0.391964673995972,4.88755226135254,0.754253745079041,4.30006790161133,28.7459659576416,88.3603439331055,0,0,6.75098848342896,1.2991544008255,
166,0,56.75488281,0,0,0,25.81546593,0,2.357203245,0,2.038640499,0,16.49772453,3.06084585189819,0.391971290111542,4.88829231262207,0.754330456256866,4.30496120452881,28.7676296234131,88.3810501098633,0,0,6.75354146957397,1.29935395717621,
167,0,56.76375961,0,0,0,25.819530489999998,0,2.357370138,0,2.038684845,0,16.49943924,3.0609986782074,0.391978442668915,4.88901567459106,0.754405677318573,4.3097038269043,28.7888221740723,88.4018173217773,0,0,6.75600576400757,1.29954981803894,
168,0,56.76819611,0,0,0,25.82155991,0,2.3574512,0,2.038707018,0,16.50029564,3.06114292144775,0.391985058784485,4.88971090316772,0.754477977752686,4.31430006027222,28.8095550537109,88.4226531982422,0,0,6.75837898254395,1.29973804950714,
169,0,56.77485275,0,0,0,25.82460976,0,2.357576847,0,2.038740396,0,16.5015831,3.06127238273621,0.391990900039673,4.89036846160889,0.754546105861664,4.31875371932983,28.8298358917236,88.4435501098633,0,0,6.76065921783447,1.29991555213928,
170,0,56.78150558,0,0,0,25.82765198,0,2.35770154,0,2.038773537,0,16.50286865,3.0614058971405,0.391997069120407,4.89100790023804,0.754612565040588,4.32306861877441,28.8496723175049,88.4644927978516,0,0,6.76285839080811,1.30008852481842,
171,0,56.78816223,0,0,0,25.83071136,0,2.357826948,0,2.038806915,0,16.50415421,3.0615406036377,0.392003417015076,4.89163255691528,0.754677653312683,4.32724905014038,28.8690757751465,88.4854965209961,0,0,6.76498079299927,1.30025804042816,
172,0,56.79259872,0,0,0,25.83274078,0,2.357908249,0,2.038829088,0,16.5050106,3.06166529655457,0.392009079456329,4.89223051071167,0.754739820957184,4.33129835128784,28.888053894043,88.5065460205078,0,0,6.76702356338501,1.30042004585266,
173,0,56.7970314,0,0,0,25.83477402,0,2.357991695,0,2.038851261,0,16.505867,3.06177306175232,0.392013907432556,4.89279127120972,0.754797875881195,4.33522081375122,28.9066104888916,88.5276336669922,0,0,6.76898384094238,1.3005713224411,
174,0,56.80369186,0,0,0,25.83782005,0,2.358116388,0,2.038884401,0,16.50715256,3.0618839263916,0.392019063234329,4.89333534240723,0.754854321479797,4.33901977539063,28.9247570037842,88.5487670898438,0,0,6.77087306976318,1.30071830749512,
175,0,56.80812454,0,0,0,25.83984756,0,2.358197927,0,2.038906574,0,16.50800896,3.0619957447052,0.392024278640747,4.89386510848999,0.75490939617157,4.34269905090332,28.9425010681152,88.5699462890625,0,0,6.77269554138184,1.30086171627045,
176,0,56.81256104,0,0,0,25.84189034,0,2.358281374,0,2.038928747,0,16.50886726,3.06209707260132,0.392028898000717,4.89436912536621,0.754961669445038,4.34626150131226,28.9598503112793,88.5911560058594,0,0,6.77444744110107,1.30099785327911,
177,0,56.81700134,0,0,0,25.84392166,0,2.358364582,0,2.03895092,0,16.50972366,3.06219387054443,0.392033308744431,4.894850730896,0.755011558532715,4.34971046447754,28.9768123626709,88.6124038696289,0,0,6.77613258361816,1.30112791061401,
178,0,56.82143021,0,0,0,25.84594536,0,2.358448267,0,2.038973093,0,16.51058006,3.0622878074646,0.392037600278854,4.89531373977661,0.755059540271759,4.35305023193359,28.9933948516846,88.6336898803711,0,0,6.77775478363037,1.30125296115875,
179,0,56.8258667,0,0,0,25.8479805,0,2.358531237,0,2.038995028,0,16.51143646,3.06238055229187,0.392041891813278,4.89576101303101,0.755105912685394,4.35628271102905,29.0096073150635,88.6549987792969,0,0,6.7793173789978,1.30137383937836,
180,0,56.83030701,0,0,0,25.85001183,0,2.358614445,0,2.039017439,0,16.51229477,3.0624725818634,0.39204615354538,4.89619493484497,0.755151033401489,4.35941219329834,29.0254554748535,88.6763381958008,0,0,6.78082370758057,1.30149137973785,
181,0,56.83252335,0,0,0,25.85102654,0,2.358654261,0,2.039028645,0,16.51272392,3.06255269050598,0.392049759626389,4.89660358428955,0.75519335269928,4.36244106292725,29.0409450531006,88.6977081298828,0,0,6.78226947784424,1.30160164833069,
182,0,56.83695984,0,0,0,25.85306168,0,2.358737469,0,2.039050579,0,16.51357841,3.0626266002655,0.392053127288818,4.89699077606201,0.755233347415924,4.36537265777588,29.0560836791992,88.7191009521484,0,0,6.78365802764893,1.30170583724976,
183,0,56.84139633,0,0,0,25.85509682,0,2.358820677,0,2.039072752,0,16.51443672,3.06270861625671,0.392057001590729,4.89737415313721,0.755273222923279,4.36820983886719,29.0708808898926,88.7405090332031,0,0,6.78499984741211,1.30180978775024,
184,0,56.84361267,0,0,0,25.85611153,0,2.358862638,0,2.039083719,0,16.51486588,3.06278419494629,0.392060488462448,4.89774036407471,0.755311250686646,4.37095499038696,29.0853404998779,88.7619400024414,0,0,6.78628969192505,1.30190873146057,
185,0,56.84804916,0,0,0,25.85813904,0,2.358945608,0,2.039106131,0,16.51572037,3.06285643577576,0.392063796520233,4.89809131622314,0.755347669124603,4.37361097335815,29.0994720458984,88.7833862304688,0,0,6.78753137588501,1.30200374126434,
186,0,56.8502655,0,0,0,25.85915947,0,2.358987331,0,2.039117098,0,16.51614952,3.06292676925659,0.392067015171051,4.89842987060547,0.755382835865021,4.37618112564087,29.11328125,88.8048477172852,0,0,6.78872680664063,1.30209541320801,
187,0,56.854702,0,0,0,25.86119652,0,2.359068871,0,2.039139271,0,16.51700783,3.06299591064453,0.392070233821869,4.89875841140747,0.755416989326477,4.37866735458374,29.1267757415771,88.8263168334961,0,0,6.78987884521484,1.30218434333801,
188,0,56.85691833,0,0,0,25.86220932,0,2.359110355,0,2.039150476,0,16.51743507,3.06306409835815,0.392073452472687,4.89907789230347,0.755450308322906,4.38107252120972,29.1399612426758,88.8478012084961,0,0,6.7909893989563,1.30227112770081,
189,0,56.85913849,0,0,0,25.86322403,0,2.35915184,0,2.039161444,0,16.51786232,3.06312108039856,0.392075955867767,4.89937543869019,0.755481123924255,4.38339900970459,29.1528472900391,88.8692932128906,0,0,6.79205369949341,1.30235147476196,
190,0,56.86135483,0,0,0,25.86423874,0,2.359193325,0,2.039172649,0,16.51828957,3.06317257881165,0.392078250646591,4.89965486526489,0.755509912967682,4.38564920425415,29.165433883667,88.8907928466797,0,0,6.79307508468628,1.30242645740509,
191,0,56.86357117,0,0,0,25.86525154,0,2.359235287,0,2.039183617,0,16.51871872,3.06322145462036,0.39208048582077,4.89991903305054,0.755537033081055,4.38782548904419,29.1777286529541,88.9123001098633,0,0,6.79405450820923,1.30249714851379,
192,0,56.86800766,0,0,0,25.86729431,0,2.359318495,0,2.03920579,0,16.51957703,3.06327986717224,0.392083287239075,4.9001841545105,0.755564570426941,4.38992977142334,29.1897411346436,88.9338073730469,0,0,6.79500293731689,1.3025689125061,
193,0,56.870224,0,0,0,25.86830902,0,2.359359741,0,2.039216757,0,16.52000427,3.0633430480957,0.392086327075958,4.90045070648193,0.755592465400696,4.39196443557739,29.2014770507813,88.955322265625,0,0,6.79592084884644,1.30264163017273,
194,0,56.87244415,0,0,0,25.86932373,0,2.359399557,0,2.039227962,0,16.52043152,3.06339693069458,0.392088800668716,4.90070390701294,0.755618810653687,4.3939323425293,29.2129421234131,88.9768295288086,0,0,6.79680252075195,1.3027104139328,
195,0,56.87466049,0,0,0,25.87033653,0,2.359441042,0,2.03923893,0,16.52085876,3.06344652175903,0.392091065645218,4.90094566345215,0.755643963813782,4.39583492279053,29.224142074585,88.9983444213867,0,0,6.79765129089355,1.30277609825134,
196,0,56.87687302,0,0,0,25.87135506,0,2.359482527,0,2.039249897,0,16.52128792,3.06349396705627,0.39209321141243,4.90117835998535,0.755668163299561,4.39767456054688,29.2350807189941,89.0198516845703,0,0,6.79846811294556,1.30283915996552,
197,0,56.87909698,0,0,0,25.87237358,0,2.359524012,0,2.039261103,0,16.52171707,3.0635404586792,0.392095357179642,4.90140295028687,0.755691528320313,4.39945316314697,29.2457656860352,89.0413513183594,0,0,6.79925489425659,1.30290007591248,
198,0,56.87909698,0,0,0,25.87237358,0,2.359524012,0,2.039261103,0,16.52171707,3.06357550621033,0.392096847295761,4.90160655975342,0.755712449550629,4.40117216110229,29.2561988830566,89.0628433227539,0,0,6.80000591278076,1.30295467376709,
199,0,56.88131332,0,0,0,25.87337875,0,2.359565973,0,2.039272308,0,16.52214432,3.0636043548584,0.392098039388657,4.90179204940796,0.755731403827667,4.40283393859863,29.2663860321045,89.0843276977539,0,0,6.8007230758667,1.30300390720367,
200,0,56.88352966,0,0,0,25.87440872,0,2.359607697,0,2.039283514,0,16.52257347,3.06364178657532,0.392099887132645,4.90197658538818,0.755750417709351,4.40443992614746,29.2763347625732,89.1058044433594,0,0,6.80141544342041,1.30305361747742,
201,0,56.88574982,0,0,0,25.87542152,0,2.359649181,0,2.039294481,0,16.52300072,3.0636830329895,0.392101883888245,4.90216112136841,0.755769610404968,4.40599203109741,29.2860488891602,89.1272735595703,0,0,6.80208444595337,1.30310356616974,
202,0,56.88796234,0,0,0,25.87643433,0,2.359688759,0,2.039305449,0,16.52342987,3.06372594833374,0.392103940248489,4.90234518051147,0.755788862705231,4.40749168395996,29.2955360412598,89.1487274169922,0,0,6.80273199081421,1.30315363407135,
203,0,56.88796234,0,0,0,25.87643433,0,2.359688759,0,2.039305449,0,16.52342987,3.0637583732605,0.392105370759964,4.90251445770264,0.755806386470795,4.4089412689209,29.3048000335693,89.170166015625,0,0,6.80335092544556,1.30319917201996,
204,0,56.8901825,0,0,0,25.87745094,0,2.359730482,0,2.039316416,0,16.52385712,3.06378626823425,0.392106592655182,4.90267133712769,0.755822479724884,4.41034173965454,29.3138446807861,89.1915893554688,0,0,6.8039436340332,1.30324125289917,
205,0,56.89239883,0,0,0,25.87846756,0,2.35977149,0,2.039327621,0,16.52428436,3.06382250785828,0.392108380794525,4.90283203125,0.755839228630066,4.41169500350952,29.3226757049561,89.2129898071289,0,0,6.80451822280884,1.30328500270844,
206,0,56.89239883,0,0,0,25.87846756,0,2.35977149,0,2.039327621,0,16.52428436,3.06385231018066,0.392109721899033,4.90298175811768,0.755854725837708,4.41300249099731,29.331298828125,89.234375,0,0,6.8050684928894,1.30332541465759,
207,0,56.89461517,0,0,0,25.87948227,0,2.359813213,0,2.039338827,0,16.52471352,3.06387877464294,0.392110913991928,4.90312194824219,0.755869209766388,4.41426563262939,29.3397159576416,89.255744934082,0,0,6.80559635162354,1.30336320400238,
208,0,56.89683151,0,0,0,25.88050461,0,2.359855175,0,2.039349794,0,16.52514076,3.06391453742981,0.392112672328949,4.90326881408691,0.755884647369385,4.41548585891724,29.3479347229004,89.2770919799805,0,0,6.80610942840576,1.30340349674225,
209,0,56.89683151,0,0,0,25.88050461,0,2.359855175,0,2.039349794,0,16.52514076,3.06394410133362,0.392114013433456,4.90340709686279,0.755899012088776,4.41666460037231,29.3559608459473,89.2984237670898,0,0,6.80660200119019,1.30344116687775,
210,0,56.89905167,0,0,0,25.88151741,0,2.35989666,0,2.039360762,0,16.52556992,3.06397008895874,0.39211517572403,4.9035382270813,0.755912601947784,4.4178032875061,29.3637943267822,89.3197326660156,0,0,6.80707502365112,1.30347657203674,
211,0,56.89905167,0,0,0,25.88151741,0,2.35989666,0,2.039360762,0,16.52556992,3.06399464607239,0.392116278409958,4.90366268157959,0.755925536155701,4.41890335083008,29.3714408874512,89.3410186767578,0,0,6.80752944946289,1.3035101890564,
212,0,56.90126801,0,0,0,25.88253975,0,2.359938145,0,2.039371967,0,16.52599907,3.06401824951172,0.392117321491241,4.90378189086914,0.755937814712524,4.41996574401855,29.3789043426514,89.3622741699219,0,0,6.8079662322998,1.30354237556458,
213,0,56.90126801,0,0,0,25.88253975,0,2.359938145,0,2.039371967,0,16.52599907,3.06404161453247,0.39211842417717,4.90389633178711,0.755949676036835,4.42099189758301,29.3861885070801,89.3835067749023,0,0,6.80838632583618,1.30357336997986,
214,0,56.90348434,0,0,0,25.88354492,0,2.359980106,0,2.039382935,0,16.52642632,3.06406474113464,0.392119467258453,4.90400743484497,0.755961179733276,4.42198276519775,29.3933010101318,89.4047088623047,0,0,6.8087911605835,1.30360329151154,
215,0,56.90348434,0,0,0,25.88354492,0,2.359980106,0,2.039382935,0,16.52642632,3.06408786773682,0.392120540142059,4.90411472320557,0.755972385406494,4.42293930053711,29.4002418518066,89.4258880615234,0,0,6.80918073654175,1.30363237857819,
216,0,56.90570068,0,0,0,25.88455963,0,2.360021353,0,2.03939414,0,16.52685356,3.06411075592041,0.392121642827988,4.90421962738037,0.755983352661133,4.42386293411255,29.4070148468018,89.4470367431641,0,0,6.80955648422241,1.30366098880768,
217,0,56.90570068,0,0,0,25.88455963,0,2.360021353,0,2.03939414,0,16.52685356,3.06413340568542,0.392122685909271,4.90432214736938,0.755994081497192,4.42475557327271,29.4136257171631,89.4681625366211,0,0,6.80991840362549,1.30368900299072,
218,0,56.90570068,0,0,0,25.88455963,0,2.360021353,0,2.03939414,0,16.52685356,3.06414532661438,0.392123073339462,4.90440893173218,0.756002902984619,4.42561721801758,29.4200782775879,89.4892578125,0,0,6.81026077270508,1.30371189117432,
219,0,56.90791702,0,0,0,25.88557816,0,2.360062838,0,2.039405107,0,16.52728081,3.06416249275208,0.392123878002167,4.90449619293213,0.75601190328598,4.42644882202148,29.4263744354248,89.5103225708008,0,0,6.81059169769287,1.30373525619507,
220,0,56.90791702,0,0,0,25.88557816,0,2.360062838,0,2.039405107,0,16.52728081,3.06418204307556,0.392124861478806,4.90458393096924,0.756020963191986,4.4272518157959,29.4325180053711,89.5313491821289,0,0,6.81091213226318,1.30375921726227,
221,0,56.90791702,0,0,0,25.88557816,0,2.360062838,0,2.039405107,0,16.52728081,3.06419229507446,0.392125219106674,4.90465784072876,0.756028413772583,4.42802715301514,29.4385108947754,89.5523452758789,0,0,6.81121492385864,1.30377864837646,
222,0,56.91013718,0,0,0,25.8866024,0,2.360104561,0,2.039416313,0,16.52770996,3.06420850753784,0.392126023769379,4.90473461151123,0.756036341190338,4.42877531051636,29.4443588256836,89.5733108520508,0,0,6.81150817871094,1.30379927158356,
223,0,56.91013718,0,0,0,25.8866024,0,2.360104561,0,2.039416313,0,16.52770996,3.06422805786133,0.392127007246017,4.90481376647949,0.756044566631317,4.42949771881104,29.450065612793,89.59423828125,0,0,6.81179285049438,1.30382084846497,
224,0,56.91013718,0,0,0,25.8866024,0,2.360104561,0,2.039416313,0,16.52770996,3.06423783302307,0.392127364873886,4.90488004684448,0.756051301956177,4.43019485473633,29.4556331634521,89.6151351928711,0,0,6.81206178665161,1.30383861064911,
225,0,56.91235352,0,0,0,25.8876152,0,2.3601439,0,2.03942728,0,16.52813911,3.06425356864929,0.392128169536591,4.9049506187439,0.756058633327484,4.43086767196655,29.461067199707,89.6359939575195,0,0,6.81232309341431,1.30385768413544,
226,0,56.91235352,0,0,0,25.8876152,0,2.3601439,0,2.03942728,0,16.52813911,3.06427216529846,0.392129123210907,4.90502405166626,0.756066381931305,4.43151664733887,29.4663696289063,89.6568145751953,0,0,6.81257820129395,1.30387794971466,
227,0,56.91235352,0,0,0,25.8876152,0,2.3601439,0,2.03942728,0,16.52813911,3.06428170204163,0.392129480838776,4.90508604049683,0.756072759628296,4.43214321136475,29.4715423583984,89.6775970458984,0,0,6.81281900405884,1.3038946390152,
228,0,56.91457367,0,0,0,25.88863182,0,2.360185385,0,2.039438486,0,16.52856636,3.0642976760864298,0.392130315303802,4.90515279769897,0.756079792976379,4.43274831771851,29.4765892028809,89.6983413696289,0,0,6.81305360794067,1.3039128780365,
229,0,56.91457367,0,0,0,25.88863182,0,2.360185385,0,2.039438486,0,16.52856636,3.06431674957275,0.392131298780441,4.90522289276123,0.756087243556976,4.43333196640015,29.4815139770508,89.7190475463867,0,0,6.81328296661377,1.30393242835999,
230,0,56.91457367,0,0,0,25.88863182,0,2.360185385,0,2.039438486,0,16.52856636,3.06432676315308,0.39213165640831,4.90528249740601,0.756093382835388,4.43389558792114,29.4863185882568,89.7397155761719,0,0,6.81349945068359,1.30394840240479,
231,0,56.91457367,0,0,0,25.88863182,0,2.360185385,0,2.039438486,0,16.52856636,3.06433200836182,0.392131805419922,4.90533256530762,0.756098449230194,4.43443918228149,29.4910049438477,89.7603454589844,0,0,6.81370449066162,1.30396151542664,
232,0,56.91457367,0,0,0,25.88863182,0,2.360185385,0,2.039438486,0,16.52856636,3.06433439254761,0.392131835222244,4.9053750038147,0.756102561950684,4.43496370315552,29.4955749511719,89.7809295654297,0,0,6.81389808654785,1.3039722442627,
233,0,56.91678619,0,0,0,25.88964844,0,2.360227108,0,2.039449453,0,16.52899361,3.06434679031372,0.392132520675659,4.90542459487915,0.75610768795013406,4.43546962738037,29.5000343322754,89.8014755249023,0,0,6.81408882141113,1.30398571491241,
234,0,56.91678619,0,0,0,25.88964844,0,2.360227108,0,2.039449453,0,16.52899361,3.0643644332885702,0.392133444547653,4.90548038482666,0.756113708019257,4.43595743179321,29.5043849945068,89.8219833374023,0,0,6.81427574157715,1.30400133132935,
235,0,56.91678619,0,0,0,25.88964844,0,2.360227108,0,2.039449453,0,16.52899361,3.06437349319458,0.392133772373199,4.90552806854248,0.756118595600128,4.43642807006836,29.5086288452148,89.8424530029297,0,0,6.81445264816284,1.30401408672333,
236,0,56.91678619,0,0,0,25.88964844,0,2.360227108,0,2.039449453,0,16.52899361,3.06437802314758,0.392133891582489,4.90556812286377,0.756122648715973,4.43688201904297,29.5127658843994,89.8628845214844,0,0,6.81462001800537,1.30402457714081,
237,0,56.91678619,0,0,0,25.88964844,0,2.360227108,0,2.039449453,0,16.52899361,3.06438064575195,0.392133951187134,4.905601978302,0.75612598657608,4.4373197555542,29.5167999267578,89.8832702636719,0,0,6.81477832794189,1.30403316020966,
238,0,56.91900635,0,0,0,25.89065552,0,2.360268593,0,2.039460659,0,16.52942085,3.06439280509949,0.392134606838226,4.90564441680908,0.756130456924438,4.43774223327637,29.5207347869873,89.9036102294922,0,0,6.81493520736694,1.30404484272003,
239,0,56.91900635,0,0,0,25.89065552,0,2.360268593,0,2.039460659,0,16.52942085,3.06441020965576,0.392135560512543,4.90569400787354,0.756135821342468,4.43814992904663,29.5245742797852,89.9239044189453,0,0,6.81509017944336,1.3040589094162,
240,0,56.91900635,0,0,0,25.89065552,0,2.360268593,0,2.039460659,0,16.52942085,3.06441926956177,0.392135918140411,4.90573596954346,0.756140232086182,4.43854331970215,29.5283203125,89.9441528320313,0,0,6.81523704528809,1.304070353508,
241,0,56.91900635,0,0,0,25.89065552,0,2.360268593,0,2.039460659,0,16.52942085,3.06442379951477,0.392136037349701,4.90577173233032,0.756143867969513,4.43892288208008,29.5319747924805,89.9643630981445,0,0,6.81537580490112,1.30407977104187,
242,0,56.91900635,0,0,0,25.89065552,0,2.360268593,0,2.039460659,0,16.52942085,3.06442618370056,0.392136096954346,4.90580129623413,0.756146907806396,4.43928861618042,29.5355358123779,89.9845275878906,0,0,6.81550693511963,1.30408751964569,
243,0,56.91900635,0,0,0,25.89065552,0,2.360268593,0,2.039460659,0,16.52942085,3.06442737579346,0.392136126756668,4.90582656860352,0.756149351596832,4.43964147567749,29.5390071868896,90.0046463012695,0,0,6.81563091278076,1.30409383773804,
244,0,56.92122269,0,0,0,25.89167786,0,2.360310316,0,2.039471626,0,16.52985001,3.06443881988525,0.392136752605438,4.90586185455322,0.756153166294098,4.43998146057129,29.5423946380615,90.0247116088867,0,0,6.81575584411621,1.30410385131836,
245,0,56.92122269,0,0,0,25.89167786,0,2.360310316,0,2.039471626,0,16.52985001,3.06445598602295,0.39213764667511,4.90590620040894,0.756158053874969,4.44030952453613,29.5457000732422,90.0447387695313,0,0,6.81588077545166,1.30411648750305,
246,0,56.92122269,0,0,0,25.89167786,0,2.360310316,0,2.039471626,0,16.52985001,3.06446480751038,0.392138004302979,4.90594387054443,0.756162047386169,4.44062566757202,29.5489253997803,90.0647125244141,0,0,6.81599903106689,1.30412697792053,
247,0,56.92122269,0,0,0,25.89167786,0,2.360310316,0,2.039471626,0,16.52985001,3.06446933746338,0.39213815331459,4.90597534179688,0.756165266036987,4.44093084335327,29.5520687103271,90.0846405029297,0,0,6.81611061096191,1.30413556098938,
248,0,56.92122269,0,0,0,25.89167786,0,2.360310316,0,2.039471626,0,16.52985001,3.06447172164917,0.392138183116913,4.90600156784058,0.756167948246002,4.44122505187988,29.5551357269287,90.1045227050781,0,0,6.81621646881104,1.30414259433746,
249,0,56.92122269,0,0,0,25.89167786,0,2.360310316,0,2.039471626,0,16.52985001,3.06447291374207,0.392138183116913,4.90602397918701,0.756170153617859,4.44150876998901,29.558126449585,90.1243591308594,0,0,6.8163161277771,1.30414831638336,
250,0,56.92122269,0,0,0,25.89167786,0,2.360310316,0,2.039471626,0,16.52985001,3.0644736289978,0.392138183116913,4.90604257583618,0.756171941757202,4.44178199768066,29.5610389709473,90.1441497802734,0,0,6.81641054153442,1.30415296554565,
251,0,56.92122269,0,0,0,25.89167786,0,2.360310316,0,2.039471626,0,16.52985001,3.06447410583496,0.392138183116913,4.9060583114624,0.756173431873322,4.44204568862915,29.5638790130615,90.1638870239258,0,0,6.81649971008301,1.30415678024292,
252,0,56.92343903,0,0,0,25.89269829,0,2.360352039,0,2.039482832,0,16.53027916,3.06448531150818,0.39213889837265,4.90608644485474,0.75617641210556,4.44229984283447,29.5666484832764,90.1835861206055,0,0,6.81659126281738,1.30416464805603,
253,0,56.92343903,0,0,0,25.89269829,0,2.360352039,0,2.039482832,0,16.53027916,3.06450223922729,0.392139792442322,4.90612411499023,0.756180644035339,4.44254493713379,29.5693511962891,90.2032318115234,0,0,6.81668519973755,1.30417561531067,
254,0,56.92343903,0,0,0,25.89269829,0,2.360352039,0,2.039482832,0,16.53027916,3.06451082229614,0.39214015007019,4.90615606307983,0.756184041500092,4.44278144836426,29.5719871520996,90.2228240966797,0,0,6.81677436828613,1.30418467521667,
255,0,56.92343903,0,0,0,25.89269829,0,2.360352039,0,2.039482832,0,16.53027916,3.06451511383057,0.392140299081802,4.90618276596069,0.756186902523041,4.44300937652588,29.5745601654053,90.2423706054688,0,0,6.81685876846313,1.30419218540192,
256,0,56.92343903,0,0,0,25.89269829,0,2.360352039,0,2.039482832,0,16.53027916,3.06451749801636,0.392140328884125,4.90620565414429,0.756189227104187,4.44322967529297,29.5770664215088,90.2618713378906,0,0,6.81693840026855,1.30419826507568,
257,0,56.92343903,0,0,0,25.89269829,0,2.360352039,0,2.039482832,0,16.53027916,3.06451869010925,0.392140328884125,4.90622472763062,0.75619113445282,4.44344186782837,29.5795097351074,90.2813186645508,0,0,6.81701374053955,1.30420327186584,
258,0,56.92343903,0,0,0,25.89269829,0,2.360352039,0,2.039482832,0,16.53027916,3.06451940536499,0.392140328884125,4.90624094009399,0.756192684173584,4.44364643096924,29.5818939208984,90.3007202148438,0,0,6.81708478927612,1.30420732498169,
259,0,56.92343903,0,0,0,25.89269829,0,2.360352039,0,2.039482832,0,16.53027916,3.06451964378357,0.392140328884125,4.90625429153442,0.756193935871124,4.44384336471558,29.5842151641846,90.3200607299805,0,0,6.81715202331543,1.3042106628418,
260,0,56.92343903,0,0,0,25.89269829,0,2.360352039,0,2.039482832,0,16.53027916,3.06451988220215,0.392140328884125,4.90626525878906,0.75619500875473,4.44403314590454,29.5864772796631,90.33935546875,0,0,6.81721591949463,1.30421340465546,
261,0,56.92343903,0,0,0,25.89269829,0,2.360352039,0,2.039482832,0,16.53027916,3.06451988220215,0.392140328884125,4.90627479553223,0.756195902824402,4.44421625137329,29.5886821746826,90.3586044311523,0,0,6.81727600097656,1.30421555042267,
262,0,56.92343903,0,0,0,25.89269829,0,2.360352039,0,2.039482832,0,16.53027916,3.06451988220215,0.392140328884125,4.90628290176392,0.756196618080139,4.44439268112183,29.5908298492432,90.377799987793,0,0,6.81733274459839,1.3042174577713,
263,0,56.92343903,0,0,0,25.89269829,0,2.360352039,0,2.039482832,0,16.53027916,3.06451988220215,0.392140328884125,4.90628957748413,0.756197154521942,4.44456195831299,29.592924118042,90.3969421386719,0,0,6.81738662719727,1.30421900749207,
264,0,56.92343903,0,0,0,25.89269829,0,2.360352039,0,2.039482832,0,16.53027916,3.06451988220215,0.392140328884125,4.90629529953003,0.756197690963745,4.44472551345825,29.5949630737305,90.4160385131836,0,0,6.81743764877319,1.30422031879425,
265,0,56.92565155,0,0,0,25.89370918,0,2.360393524,0,2.039493799,0,16.53070641,3.06453108787537,0.392141044139862,4.90631437301636,0.756199836730957,4.44488286972046,29.5969543457031,90.4350738525391,0,0,6.81749248504639,1.30422592163086,
266,0,56.92565155,0,0,0,25.89370918,0,2.360393524,0,2.039493799,0,16.53070641,3.0645477771759,0.392141938209534,4.90634441375732,0.756203353404999,4.44503450393677,29.59889793396,90.4540634155273,0,0,6.81755208969116,1.30423510074615,
267,0,56.92565155,0,0,0,25.89370918,0,2.360393524,0,2.039493799,0,16.53070641,3.06455612182617,0.392142295837402,4.90637016296387,0.756206214427948,4.44518089294434,29.6007957458496,90.4730072021484,0,0,6.81760835647583,1.3042426109314,
268,0,56.92565155,0,0,0,25.89370918,0,2.360393524,0,2.039493799,0,16.53070641,3.0645604133606,0.39214238524437,4.90639162063599,0.756208598613739,4.44532203674316,29.6026439666748,90.4918975830078,0,0,6.81766128540039,1.30424880981445,
269,0,56.92565155,0,0,0,25.89370918,0,2.360393524,0,2.039493799,0,16.53070641,3.06456279754639,0.392142444849014,4.906409740448,0.756210505962372,4.44545841217041,29.6044445037842,90.5107345581055,0,0,6.817711353302,1.3042539358139,
270,0,56.92565155,0,0,0,25.89370918,0,2.360393524,0,2.039493799,0,16.53070641,3.06456398963928,0.392142474651337,4.90642499923706,0.756212115287781,4.44559001922607,29.6062030792236,90.5295181274414,0,0,6.81775856018066,1.30425798892975,
271,0,56.92565155,0,0,0,25.89370918,0,2.360393524,0,2.039493799,0,16.53070641,3.06456446647644,0.392142474651337,4.90643787384033,0.756213426589966,4.44571685791016,29.6079158782959,90.5482482910156,0,0,6.81780338287354,1.30426144599915,
272,0,56.92565155,0,0,0,25.89370918,0,2.360393524,0,2.039493799,0,16.53070641,3.0645649433136,0.392142474651337,4.90644884109497,0.756214499473572,4.44583892822266,29.6095848083496,90.5669250488281,0,0,6.81784582138062,1.30426418781281,
273,0,56.92565155,0,0,0,25.89370918,0,2.360393524,0,2.039493799,0,16.53070641,3.0645649433136,0.392142474651337,4.90645790100098,0.756215393543243,4.44595670700073,29.6112117767334,90.5855560302734,0,0,6.8178858757019,1.30426645278931,
274,0,56.92565155,0,0,0,25.89370918,0,2.360393524,0,2.039493799,0,16.53070641,3.0645649433136,0.392142474651337,4.90646600723267,0.756216108798981,4.44607019424438,29.6127967834473,90.604133605957,0,0,6.8179235458374,1.30426836013794,
275,0,56.92565155,0,0,0,25.89370918,0,2.360393524,0,2.039493799,0,16.53070641,3.0645649433136,0.392142474651337,4.90647268295288,0.756216704845428,4.44617938995361,29.6143417358398,90.6226577758789,0,0,6.81795930862427,1.3042699098587,
276,0,56.92565155,0,0,0,25.89370918,0,2.360393524,0,2.039493799,0,16.53070641,3.0645649433136,0.392142474651337,4.90647840499878,0.756217181682587,4.44628477096558,29.6158447265625,90.6411285400391,0,0,6.8179931640625,1.3042711019516,
277,0,56.92565155,0,0,0,25.89370918,0,2.360393524,0,2.039493799,0,16.53070641,3.0645649433136,0.392142474651337,4.90648317337036,0.7562175989151,4.44638633728027,29.6173114776611,90.659553527832,0,0,6.8180251121521,1.30427217483521,
278,0,56.92565155,0,0,0,25.89370918,0,2.360393524,0,2.039493799,0,16.53070641,3.0645649433136,0.392142474651337,4.90648698806763,0.756217896938324,4.44648408889771,29.6187400817871,90.6779251098633,0,0,6.81805562973022,1.30427300930023,
279,0,56.92565155,0,0,0,25.89370918,0,2.360393524,0,2.039493799,0,16.53070641,3.0645649433136,0.392142474651337,4.90648984909058,0.756218135356903,4.44657802581787,29.6201324462891,90.6962432861328,0,0,6.81808423995972,1.30427360534668,
280,0,56.92565155,0,0,0,25.89370918,0,2.360393524,0,2.039493799,0,16.53070641,3.0645649433136,0.392142474651337,4.90649223327637,0.756218373775482,4.44666862487793,29.621488571167,90.7145080566406,0,0,6.81811141967773,1.30427420139313,
281,0,56.92565155,0,0,0,25.89370918,0,2.360393524,0,2.039493799,0,16.53070641,3.0645649433136,0.392142474651337,4.90649461746216,0.756218552589417,4.44675588607788,29.6228084564209,90.7327194213867,0,0,6.81813669204712,1.30427467823029,
282,0,56.92565155,0,0,0,25.89370918,0,2.360393524,0,2.039493799,0,16.53070641,3.0645649433136,0.392142474651337,4.90649652481079,0.756218671798706,4.44683933258057,29.624095916748,90.7508773803711,0,0,6.81816101074219,1.30427503585815,
283,0,56.92565155,0,0,0,25.89370918,0,2.360393524,0,2.039493799,0,16.53070641,3.0645649433136,0.392142474651337,4.90649795532227,0.756218791007996,4.4469199180603,29.6253490447998,90.7689895629883,0,0,6.81818389892578,1.30427539348602,
284,0,56.92565155,0,0,0,25.89370918,0,2.360393524,0,2.039493799,0,16.53070641,3.0645649433136,0.392142474651337,4.90649938583374,0.756218910217285,4.44699764251709,29.6265697479248,90.7870483398438,0,0,6.8182053565979,1.3042756319046,
285,0,56.92565155,0,0,0,25.89370918,0,2.360393524,0,2.039493799,0,16.53070641,3.0645649433136,0.392142474651337,4.90650081634521,0.75621896982193,4.44707202911377,29.6277618408203,90.8050537109375,0,0,6.8182258605957,1.30427587032318,
286,0,56.92565155,0,0,0,25.89370918,0,2.360393524,0,2.039493799,0,16.53070641,3.0645649433136,0.392142474651337,4.90650177001953,0.756219029426575,4.4471435546875,29.6289215087891,90.8230056762695,0,0,6.81824541091919,1.30427598953247,
287,0,56.92565155,0,0,0,25.89370918,0,2.360393524,0,2.039493799,0,16.53070641,3.0645649433136,0.392142474651337,4.90650272369385,0.756219089031219,4.44721269607544,29.6300487518311,90.8409042358398,0,0,6.8182635307312,1.30427610874176,
288,0,56.92565155,0,0,0,25.89370918,0,2.360393524,0,2.039493799,0,16.53070641,3.0645649433136,0.392142474651337,4.90650320053101,0.756219148635864,4.44727897644043,29.6311492919922,90.858757019043,0,0,6.8182806968689,1.30427622795105,
289,0,56.92565155,0,0,0,25.89370918,0,2.360393524,0,2.039493799,0,16.53070641,3.0645649433136,0.392142474651337,4.90650367736816,0.756219208240509,4.44734239578247,29.6322193145752,90.8765487670898,0,0,6.81829690933228,1.30427634716034,
290,0,56.92565155,0,0,0,25.89370918,0,2.360393524,0,2.039493799,0,16.53070641,3.0645649433136,0.392142474651337,4.90650415420532,0.756219208240509,4.44740343093872,29.6332626342773,90.894287109375,0,0,6.8183126449585,1.30427646636963,
291,0,56.92565155,0,0,0,25.89370918,0,2.360393524,0,2.039493799,0,16.53070641,3.0645649433136,0.392142474651337,4.90650463104248,0.756219208240509,4.44746208190918,29.6342811584473,90.911979675293,0,0,6.8183274269104,1.30427658557892,
292,0,56.92787552,0,0,0,25.89472961,0,2.360433102,0,2.039505005,0,16.53113365,3.06457567214966,0.392143100500107,4.90651893615723,0.756220996379852,4.44751834869385,29.635274887085,90.9296188354492,0,0,6.81834840774536,1.30428111553192,
293,0,56.92787552,0,0,0,25.89472961,0,2.360433102,0,2.039505005,0,16.53113365,3.06459188461304,0.392144054174423,4.90654563903809,0.75622421503067,4.44757318496704,29.6362476348877,90.9472045898438,0,0,6.81837558746338,1.30428957939148,
294,0,56.92787552,0,0,0,25.89472961,0,2.360433102,0,2.039505005,0,16.53113365,3.06460022926331,0.392144411802292,4.90656852722168,0.75622683763504,4.44762563705444,29.6371955871582,90.9647369384766,0,0,6.81840133666992,1.30429649353027,
295,0,56.92787552,0,0,0,25.89472961,0,2.360433102,0,2.039505005,0,16.53113365,3.06460452079773,0.392144531011581,4.90658760070801,0.756229043006897,4.44767665863037,29.6381206512451,90.9822158813477,0,0,6.81842565536499,1.30430221557617,
296,0,56.92787552,0,0,0,25.89472961,0,2.360433102,0,2.039505005,0,16.53113365,3.06460666656494,0.392144590616226,4.90660333633423,0.75623083114624,4.44772624969482,29.6390228271484,90.9996566772461,0,0,6.81844854354858,1.30430686473846,
297,0,56.92787552,0,0,0,25.89472961,0,2.360433102,0,2.039505005,0,16.53113365,3.06460762023926,0.392144620418549,4.90661668777466,0.75623232126236,4.44777393341064,29.6399021148682,91.0170364379883,0,0,6.81847047805786,1.30431067943573,
298,0,56.92787552,0,0,0,25.89472961,0,2.360433102,0,2.039505005,0,16.53113365,3.06460809707642,0.392144620418549,4.90662813186646,0.756233513355255,4.44782018661499,29.6407585144043,91.0343627929688,0,0,6.81849098205566,1.30431377887726,
299,0,56.92787552,0,0,0,25.89472961,0,2.360433102,0,2.039505005,0,16.53113365,3.0646085739135702,0.392144620418549,4.90663814544678,0.756234467029572,4.44786500930786,29.6415958404541,91.051643371582,0,0,6.81851053237915,1.30431628227234,
