"Time Step","Softwood Merchantable","Hardwood Merchantable","Softwood Submerchantable","Hardwood Submerchantable","Softwood Other","Hardwood Other","Softwood Foliage","Hardwood Foliage","Softwood Fine Roots","Hardwood Fine Roots","Softwood Coarse Roots","Hardwood Coarse Roots","Aboveground Very Fast DOM","Belowground Very Fast DOM","Aboveground Fast DOM","Belowground Fast DOM","Medium DOM","Aboveground Slow DOM","Belowground Slow DOM","Softwood Stem Snag","Softwood Branch Snag","Hardwood Stem Snag","Hardwood Branch Snag",
0,0,0,0,0,0,0,0,0,0,0,0,0,0.594204008579254,1.17168605327606,9.82091808319092,8.44430065155029,7.87483406066895,12.0375299453735,74.2224884033203,0,0,53.3287391662598,19.3466491699219,
1,0,0.08325731009,0,0,0,0.1512106359,0,0.025848776100000002,0,0.2132083178,0,0.3142564297,0.199428454041481,0.239880442619324,9.05584812164307,6.50410652160645,9.00723934173584,12.8157682418823,74.5475997924805,0,0,50.0758857727051,15.4110832214355,
2,0,0.3007141352,0,0,0,0.4517750144,0,0.06771206856,0,0.4094663262,0,0.6589012742,0.106976360082626,0.0675694197416306,8.17135334014893,5.01251363754272,9.97393608093262,13.4148645401001,74.6822280883789,0,0,47.0224380493164,12.2782402038574,
3,0,0.6359676123,0,0,0,0.8456308842,0,0.1181796417,0,0.5857871175,0,1.025438786,0.11043506860733,0.0451688356697559,7.25971269607544,3.86658716201782,10.7908525466919,13.890664100647,74.7460327148438,0,0,44.157054901123,9.78587245941162,
4,0,1.079577804,0,0,0,1.308072925,0,0.1745310724,0,0.7429884672,0,1.409569144,0.143943935632706,0.0513448901474476,6.37851095199585,2.98700737953186,11.4726219177246,14.2712049484253,74.7716445922852,0,0,41.468994140625,7.80438756942749,
5,0,1.623882055,0,0,0,1.822747946,0,0.235097304,0,0.8824876547,0,1.807692885,0.186463534832001,0.0620318800210953,5.56160974502563,2.31266140937805,12.032675743103,14.5747814178467,74.7721786499023,0,0,38.9481163024902,6.23037576675415,
6,0,2.261897802,0,0,0,2.377316952,0,0.2986863852,0,1.005870342,0,2.216594934,0.231171265244484,0.0725381374359131,4.82676553726196,1.79645955562592,12.4833364486694,14.815544128418,74.7552261352539,0,0,36.5848541259766,4.98134088516235,
7,0,2.986918211,0,0,0,2.961850166,0,0.3643805385,0,1.114734888,0,2.633363485,0.275790154933929,0.0820318534970284,4.18101692199707,1.40211546421051,12.8359003067017,15.0052652359009,74.7260055541992,0,0,34.3701858520508,3.99147319793701,
8,0,3.792336702,0,0,0,3.568071365,0,0.4314426482,0,1.210620165,0,3.055358171,0.319523274898529,0.0904475674033165,3.62448620796204,1.10166347026825,13.100715637207,15.1539430618286,74.6883163452148,0,0,32.2955894470215,3.20827174186707,
9,0,4.671571255,0,0,0,4.188948154,0,0.4992655814,0,1.294970751,0,3.480191946,0.3620725274086,0.0978673696517944,3.15302729606628,0.873548209667206,13.2872543334961,15.2700729370117,74.6449813842773,0,0,30.3530216217041,2.58984899520874,
10,0,5.618037701,0,0,0,4.818446159,0,0.5673416257,0,1.369118571,0,3.905718327,0.403318822383881,0.10439608246088,2.76005363464355,0.701152503490448,13.4041776657104,15.3608236312866,74.5980758666992,0,0,28.5348854064941,2.10278296470642,
11,0,6.625148773,0,0,0,5.451367378,0,0.6352427602,0,1.434277773,0,4.33001709,0.443213790655136,0.11013574898243,2.43777370452881,0.571663975715637,13.4594011306763,15.4321880340576,74.5491180419922,0,0,26.8340072631836,1.72040092945099,
12,0,7.686330318,0,0,0,6.083236694,0,0.7026064396,0,1.491543531,0,4.751379013,0.481740534305573,0.115180268883705,2.17800760269165,0.475201994180679,13.4601488113403,15.4891338348389,74.4992294311523,0,0,25.2436046600342,1.42141461372375,
13,0,8.795043945,0,0,0,6.71021843,0,0.7691258192,0,1.541897535,0,5.16829586,0.518898606300354,0.119614541530609,1.97270810604095,0.404145061969757,13.4130086898804,15.5357322692871,74.44921875,0,0,23.7572708129883,1.18883013725281,
14,0,9.944815636,0,0,0,7.329048157,0,0.8345416784,0,1.586212397,0,5.579444885,0.554696440696716,0.12351456284523,1.81427657604218,0.352613061666489,13.3239803314209,15.5752868652344,74.3996658325195,0,0,22.3689441680908,1.0090799331665,
15,0,11.12926865,0,0,0,7.936976433,0,0.8986362815,0,1.625260949,0,5.983671665,0.589148342609406,0.126947909593582,1.69573748111725,0.316068202257156,13.1985216140747,15.6104469299316,74.3509826660156,0,0,21.0728931427002,0.871330082416534,
16,0,12.34215355,0,0,0,8.531720161,0,0.9612283111,0,1.659723639,0,6.379981518,0.622272312641144,0.129974335432053,1.6108181476593,0.291007697582245,13.0415925979614,15.6433115005493,74.3034591674805,0,0,19.8636913299561,0.766928672790527,
17,0,13.57738113,0,0,0,9.11141777,0,1.022168398,0,1.690197349,0,6.76752615,0.654088795185089,0.132646456360817,1.55396723747253,0.274726986885071,12.8576908111572,15.6755132675171,74.2572860717773,0,0,18.7362098693848,0.688965737819672,
18,0,14.82905006,0,0,0,9.67458725,0,1.081335902,0,1.717203736,0,7.145585537,0.684619843959808,0.13501039147377,1.52033245563507,0.265137255191803,12.6508913040161,15.7083015441895,74.2125854492188,0,0,17.6855888366699,0.631922423839569,
19,0,16.09147835,0,0,0,10.22008896,0,1.138635039,0,1.741197348,0,7.513563156,0.713889122009277,0.137106463313103,1.50571703910828,0.26062485575676,12.424877166748,15.7426061630249,74.1694412231445,0,0,16.7072257995605,0.591391205787659,
20,0,17.65629768,0,0,0,10.34259987,0,1.17561388,0,1.761188388,0,7.846897125,0.739134848117828,0.138925597071648,1.50175726413727,0.259850263595581,12.1829748153687,15.7777271270752,74.1278533935547,0,0,15.7977304458618,0.562062501907349,
21,0,18.89600372,0,0,0,10.70867252,0,1.22664845,0,1.778684139,0,8.161396027,0.761877596378326,0.140482515096664,1.50458765029907,0.261748224496841,11.9282073974609,15.813346862793,74.087776184082,0,0,14.9528293609619,0.54086309671402,
22,0,20.12505531,0,0,0,11.08664894,0,1.276565909,0,1.794716477,0,8.470580101,0.785556793212891,0.141861036419868,1.51613104343414,0.265611320734024,11.6632881164551,15.8506021499634,74.0491943359375,0,0,14.1674909591675,0.52726948261261,
23,0,21.33343697,0,0,0,11.47134972,0,1.324924707,0,1.809331894,0,8.771900177,0.808988273143768,0.143112272024155,1.53513443470001,0.270936965942383,11.3906183242798,15.8900356292725,74.0121078491211,0,0,13.4379806518555,0.519816517829895,
24,0,22.52270508,0,0,0,11.86140919,0,1.371775985,0,1.822717428,0,9.065792084,0.831757247447968,0.144253835082054,1.56043612957001,0.277330040931702,11.112340927124,15.9319286346436,73.9764862060547,0,0,12.760763168335,0.517308473587036,
25,0,23.68591499,0,0,0,12.25294399,0,1.416854739,0,1.834947705,0,9.350651741,0.85371595621109,0.145297512412071,1.59098470211029,0.284481763839722,10.8303651809692,15.9764289855957,73.9423294067383,0,0,12.1325006484985,0.518769443035126,
26,0,24.82723808,0,0,0,12.64597511,0,1.460342526,0,1.846202612,0,9.627642632,0.874818742275238,0.146253809332848,1.62584853172302,0.292152643203735,10.5463857650757,16.0235958099365,73.9096145629883,0,0,11.5500526428223,0.523405075073242,
27,0,25.93974113,0,0,0,13.03692436,0,1.502005696,0,1.856533289,0,9.895251274,0.895055413246155,0.147132158279419,1.66420710086823,0.300156891345978,10.2619009017944,16.073429107666,73.8783111572266,0,0,11.010458946228,0.530566871166229,
28,0,27.02737236,0,0,0,13.42610359,0,1.542029738,0,1.866082549,0,10.15460873,0.914425134658813,0.147940635681152,1.70533883571625,0.308349967002869,9.97823047637939,16.1258869171143,73.848388671875,0,0,10.5109300613403,0.539723753929138,
29,0,28.08323669,0,0,0,13.81011772,0,1.580205798,0,1.874882579,0,10.4042635,0.932933032512665,0.148686408996582,1.74861073493958,0.316619336605072,9.69653034210205,16.1808853149414,73.8198318481445,0,0,10.0488395690918,0.550439178943634,
30,0,29.11110115,0,0,0,14.18948078,0,1.616718769,0,1.883047104,0,10.64530849,0.950584471225739,0.149375572800636,1.79346680641174,0.324876964092255,9.41780853271484,16.2383060455322,73.792594909668,0,0,9.62170791625977,0.562352538108826,
31,0,30.1093235,0,0,0,14.56285381,0,1.651560903,0,1.890631795,0,10.87754536,0.967415571212769,0.150014713406563,1.83944499492645,0.333058446645737,9.1429386138916,16.2980213165283,73.7666625976563,0,0,9.22721576690674,0.575173079967499,
32,0,31.07623672,0,0,0,14.92895031,0,1.684724689,0,1.897685409,0,11.10077763,0.983440816402435,0.150608509778976,1.88613545894623,0.341112732887268,8.87267208099365,16.3598861694336,73.7420043945313,0,0,8.86317443847656,0.58865749835968,
33,0,32.01272583,0,0,0,15.2875061,0,1.716295362,0,1.904266834,0,11.31539536,0.998681366443634,0.151161313056946,1.93318653106689,0.349001199007034,8.6076488494873,16.4237384796143,73.7185821533203,0,0,8.52752494812012,0.602605164051056,
34,0,32.91705322,0,0,0,15.63730145,0,1.7462641,0,1.910409689,0,11.52117538,1.01315975189209,0.151676923036575,1.98029553890228,0.356694787740707,8.34840774536133,16.4894123077393,73.6963806152344,0,0,8.21833324432373,0.616849660873413,
35,0,33.79251099,0,0,0,15.97913551,0,1.774792552,0,1.916175008,0,11.7190361,1.02691042423248,0.152159094810486,2.02721428871155,0.364173769950867,8.09539985656738,16.5567436218262,73.6753616333008,0,0,7.93378591537476,0.631256639957428,
36,0,34.63725662,0,0,0,16.31187439,0,1.80186975,0,1.921583414,0,11.90871525,1.03997027873993,0.15261122584343,2.07374000549316,0.371425479650497,7.84899234771729,16.6255645751953,73.6555023193359,0,0,7.67218637466431,0.64571750164032,
37,0,35.45192719,0,0,0,16.6353569,0,1.827562094,0,1.926667571,0,12.09050179,1.05236172676086,0.153035655617714,2.11969327926636,0.378440290689468,7.6094799041748,16.6957149505615,73.6367797851563,0,0,7.4319372177124,0.660140156745911,
38,0,36.23712158,0,0,0,16.94946671,0,1.851934075,0,1.931455612,0,12.26466656,1.0641143321991,0.153434798121452,2.16492795944214,0.385212898254395,7.37709140777588,16.7670288085938,73.6191635131836,0,0,7.2115421295166,0.674449920654297,
39,0,36.99337387,0,0,0,17.25412178,0,1.875047326,0,1.935971975,0,12.43145943,1.07525825500488,0.153810814023018,2.20932531356812,0.391741275787354,7.15199756622314,16.8393535614014,73.6026306152344,0,0,7.00960111618042,0.688586413860321,
40,0,37.72117996,0,0,0,17.54922104,0,1.896956801,0,1.940237164,0,12.59110641,1.08582258224487,0.154165551066399,2.25278902053833,0.398025691509247,6.93431615829468,16.9125385284424,73.587158203125,0,0,6.82480144500732,0.702500760555267,
41,0,38.42100525,0,0,0,17.83468819,0,1.917713761,0,1.944269061,0,12.74381828,1.09583389759064,0.154500618577003,2.29524064064026,0.404067993164063,6.72411918640137,16.9864368438721,73.5727081298828,0,0,6.65591382980347,0.716153264045715,
42,0,39.09326553,0,0,0,18.11046219,0,1.937369466,0,1.94808352,0,12.88978958,1.10531723499298,0.154817402362823,2.33661699295044,0.409871220588684,6.52143669128418,17.0609111785889,73.5592651367188,0,0,6.50178718566895,0.729511678218842,
43,0,39.73835754,0,0,0,18.37648773,0,1.955969691,0,1.951693654,0,13.02920151,1.11429643630981,0.155117109417915,2.37686657905579,0.415439069271088,6.32626247406006,17.1358280181885,73.5468139648438,0,0,6.36134338378906,0.742549777030945,
44,0,40.35905457,0,0,0,18.63372231,0,1.97362566,0,1.955124736,0,13.16273689,1.12280380725861,0.155401185154915,2.41596221923828,0.420777827501297,6.13855838775635,17.2110633850098,73.5353164672852,0,0,6.23358011245728,0.755250692367554,
45,0,40.95326233,0,0,0,18.88112068,0,1.990307331,0,1.958372951,0,13.29002762,1.13086259365082,0.155670627951622,2.45388102531433,0.42589345574379,5.9582576751709,17.2865028381348,73.5247573852539,0,0,6.11755847930908,0.767600655555725,
46,0,41.52368927,0,0,0,19.11964989,0,2.006116867,0,1.961460233,0,13.41172409,1.13849139213562,0.155926197767258,2.49060487747192,0.430791705846787,5.78527021408081,17.3620319366455,73.5151062011719,0,0,6.01239919662476,0.779588282108307,
47,0,42.07059479,0,0,0,19.34927368,0,2.021088839,0,1.964393735,0,13.52794743,1.14571797847748,0.156168982386589,2.52613282203674,0.435479909181595,5.61948490142822,17.4375495910645,73.50634765625,0,0,5.91728591918945,0.791208624839783,
48,0,42.59662628,0,0,0,19.57099533,0,2.035319567,0,1.967192888,0,13.63932323,1.15257143974304,0.1564000248909,2.56047749519348,0.43996661901474,5.4607720375061,17.5129623413086,73.4984588623047,0,0,5.83146142959595,0.802461981773376,
49,0,43.09722519,0,0,0,19.78274345,0,2.048705101,0,1.969837308,0,13.74493694,1.15906000137329,0.156619518995285,2.59363532066345,0.444257318973541,5.30898761749268,17.5881824493408,73.4914093017578,0,0,5.7542085647583,0.813343942165375,
50,0,43.57974243,0,0,0,19.98754692,0,2.061465025,0,1.972370028,0,13.84639549,1.16520404815674,0.156828209757805,2.62561702728271,0.44835889339447,5.16397428512573,17.6631278991699,73.4851913452148,0,0,5.68486309051514,0.823855221271515,
51,0,44.039608,0,0,0,20.18336105,0,2.073493958,0,1.974769831,0,13.94278145,1.17102813720703,0.15702697634697,2.65644478797913,0.452279269695282,5.02556419372559,17.7377185821533,73.4797744750977,0,0,5.62280988693237,0.834000706672668,
52,0,44.47937775,0,0,0,20.3711834,0,2.084879637,0,1.977053046,0,14.0346756,1.17653679847717,0.157215803861618,2.68612289428711,0.456023275852203,4.89358043670654,17.811882019043,73.4751434326172,0,0,5.56746578216553,0.843779683113098,
53,0,44.90156555,0,0,0,20.55200577,0,2.095700741,0,1.979234695,0,14.1226387,1.18175792694092,0.15739569067955,2.71468186378479,0.459599077701569,4.76784038543701,17.8855514526367,73.4712829589844,0,0,5.51829862594604,0.853200435638428,
54,0,45.30393982,0,0,0,20.72480965,0,2.105916262,0,1.98130548,0,14.20624256,1.1867059469223,0.157567054033279,2.74214601516724,0.463013380765915,4.64815616607666,17.9586696624756,73.4681625366211,0,0,5.4748101234436,0.862269282341003,
55,0,45.68899918,0,0,0,20.8906002,0,2.115599394,0,1.983279586,0,14.28604031,1.19139015674591,0.15773007273674,2.76853466033936,0.466271847486496,4.53433465957642,18.0311794281006,73.4657669067383,0,0,5.43653345108032,0.870991408824921,
56,0,46.05685425,0,0,0,21.04936218,0,2.124769926,0,1.985159397,0,14.36208344,1.19582831859589,0.157885372638702,2.79387712478638,0.469381242990494,4.42618227005005,18.1030292510986,73.4640731811523,0,0,5.40303802490234,0.879375159740448,
57,0,46.40761566,0,0,0,21.2010746,0,2.133437395,0,1.986946344,0,14.43441772,1.20003044605255,0.158033147454262,2.81819629669189,0.47234708070755,4.32350254058838,18.1741714477539,73.4630661010742,0,0,5.37392091751099,0.887427091598511,
58,0,46.74370956,0,0,0,21.34676361,0,2.141674995,0,1.988654137,0,14.50357151,1.20401251316071,0.158173948526382,2.84152483940125,0.475175827741623,4.22609949111938,18.2445640563965,73.4627304077148,0,0,5.34881258010864,0.895156860351563,
59,0,47.06522751,0,0,0,21.48642159,0,2.149492741,0,1.990283847,0,14.5695858,1.20779252052307,0.158308371901512,2.8639018535614,0.477874726057053,4.1337776184082,18.3141708374023,73.4630432128906,0,0,5.32737255096436,0.902576684951782,
60,0,47.37224197,0,0,0,21.62003326,0,2.156902552,0,1.991836786,0,14.63249397,1.21137964725494,0.158436551690102,2.88535857200623,0.480449557304382,4.04634284973145,18.3829593658447,73.463981628418,0,0,5.30928325653076,0.909696221351624,
61,0,47.66482925,0,0,0,21.7475872,0,2.163909674,0,1.993314028,0,14.69232655,1.21477913856506,0.158558651804924,2.90592002868652,0.482905000448227,3.96360278129578,18.4509010314941,73.4655456542969,0,0,5.29424571990967,0.916522860527039,
62,0,47.94306183,0,0,0,21.86909866,0,2.170528173,0,1.994716167,0,14.7491188,1.21799576282501,0.158674746751785,2.92560601234436,0.485244989395142,3.88536787033081,18.5179615020752,73.4677047729492,0,0,5.28198051452637,0.923062741756439,
63,0,48.20931244,0,0,0,21.98556137,0,2.176820278,0,1.996055961,0,14.80336952,1.22104275226593,0.158785238862038,2.94444632530212,0.487474530935287,3.81145215034485,18.5841197967529,73.4704360961914,0,0,5.27223300933838,0.929325103759766,
64,0,48.46364594,0,0,0,22.09698868,0,2.182791471,0,1.997334003,0,14.85510826,1.2239351272583,0.158890664577484,2.96247792243958,0.489599615335464,3.74167203903198,18.6493511199951,73.4737319946289,0,0,5.26477146148682,0.935321867465973,
65,0,48.70608902,0,0,0,22.20337105,0,2.18844676,0,1.998551011,0,14.90434933,1.22667920589447,0.158991172909737,2.97973036766052,0.491624921560287,3.67584896087646,18.7136421203613,73.4775772094727,0,0,5.25937938690186,0.941062331199646,
66,0,48.93671036,0,0,0,22.30467987,0,2.193795443,0,1.999706984,0,14.9511137,1.2292788028717,0.15908682346344,2.9962272644043,0.493554294109344,3.61380767822266,18.7769718170166,73.4819564819336,0,0,5.2558536529541,0.946553885936737,
67,0,49.15784836,0,0,0,22.40196228,0,2.198895454,0,2.000814676,0,14.99589539,1.23174595832825,0.159178018569946,3.01200079917908,0.495392560958862,3.5553777217865,18.8393287658691,73.4868469238281,0,0,5.2540111541748,0.951807022094727,
68,0,49.36952591,0,0,0,22.49520302,0,2.203751087,0,2.00187397,0,15.03870106,1.23409414291382,0.159265220165253,3.02709054946899,0.497145444154739,3.50039339065552,18.9007053375244,73.4922485351563,0,0,5.25368738174438,0.956834495067596,
69,0,49.56949234,0,0,0,22.58338547,0,2.20831275,0,2.002873659,0,15.07908535,1.23632025718689,0.159348219633102,3.04151439666748,0.498815685510635,3.4486939907074,18.9610900878906,73.4981384277344,0,0,5.25472116470337,0.9616419672966,
70,0,49.7600708,0,0,0,22.66750908,0,2.21263957,0,2.003825903,0,15.1175251,1.23842489719391,0.15942694246769,3.05528616905212,0.500405430793762,3.40012359619141,19.0204734802246,73.5045013427734,0,0,5.25696134567261,0.966233789920807,
71,0,49.94358444,0,0,0,22.74861717,0,2.216786385,0,2.004742384,0,15.1544981,1.24042630195618,0.159502178430557,3.06844425201416,0.50192004442215,3.35453081130981,19.0788497924805,73.5113220214844,0,0,5.2602801322937,0.970622539520264,
72,0,50.11776352,0,0,0,22.82567215,0,2.220704556,0,2.005611658,0,15.1895504,1.24233078956604,0.159574076533318,3.08101963996887,0.503363788127899,3.31176996231079,19.1362190246582,73.5185852050781,0,0,5.26455926895142,0.974818289279938,
73,0,50.28263474,0,0,0,22.89867592,0,2.224396706,0,2.006433964,0,15.2226944,1.24413335323334,0.159642323851585,3.09302282333374,0.50473815202713,3.27169990539551,19.1925773620605,73.5262832641602,0,0,5.26967859268188,0.978824436664581,
74,0,50.44050217,0,0,0,22.96864128,0,2.227917671,0,2.007221222,0,15.25439644,1.24584138393402,0.159707203507423,3.1044762134552,0.506046235561371,3.23418498039246,19.2479228973389,73.5344085693359,0,0,5.27553462982178,0.982648193836212,
75,0,50.59139252,0,0,0,23.03557587,0,2.231270075,0,2.007972956,0,15.28466988,1.24746608734131,0.159769162535667,3.11541080474854,0.5072922706604,3.19909405708313,19.3022556304932,73.5429306030273,0,0,5.28203678131104,0.986299693584442,
76,0,50.73303223,0,0,0,23.09844971,0,2.234404325,0,2.008678675,0,15.31306076,1.24900376796722,0.159827962517738,3.12583804130554,0.508477687835693,3.16630148887634,19.3555755615234,73.5518493652344,0,0,5.28909301757813,0.989782810211182,
77,0,50.87000656,0,0,0,23.15930939,0,2.237423897,0,2.00936079,0,15.34049225,1.25046157836914,0.15988390147686,3.13578033447266,0.509605467319489,3.13568615913391,19.407886505127,73.561149597168,0,0,5.29662418365479,0.993104755878448,
78,0,51.00003815,0,0,0,23.21711349,0,2.240282059,0,2.010008335,0,15.3665123,1.25185084342957,0.159937411546707,3.1452693939209,0.51067978143692,3.10713171958923,19.459192276001,73.5708160400391,0,0,5.30456399917603,0.996275901794434,
79,0,51.12543488,0,0,0,23.27290916,0,2.243028402,0,2.010632515,0,15.39158535,1.25317549705505,0.159988597035408,3.15432977676392,0.511703848838806,3.08052730560303,19.5095024108887,73.5808410644531,0,0,5.3128490447998,0.999304592609406,
80,0,51.24391937,0,0,0,23.32566071,0,2.245614529,0,2.011222124,0,15.41525745,1.25443685054779,0.160037457942963,3.16298198699951,0.512680172920227,3.05576634407043,19.5588226318359,73.5912170410156,0,0,5.32142162322998,1.00219738483429,
81,0,51.35549927,0,0,0,23.37536812,0,2.248043776,0,2.011777401,0,15.43753433,1.25562822818756,0.160083696246147,3.1712281703949,0.513608992099762,3.0327467918396,19.6071586608887,73.6019287109375,0,0,5.33021831512451,1.00495505332947,
82,0,51.46247101,0,0,0,23.42305183,0,2.250365496,0,2.012309551,0,15.45887756,1.25675570964813,0.160127550363541,3.17908382415771,0.514492213726044,3.01137113571167,19.6545124053955,73.6129608154297,0,0,5.33918857574463,1.00758254528046,
83,0,51.56483459,0,0,0,23.46870422,0,2.252580166,0,2.012818575,0,15.47928715,1.25782954692841,0.160169467329979,3.18657445907593,0.515333116054535,2.99154615402222,19.7008953094482,73.6243133544922,0,0,5.34829187393188,1.01008856296539,
84,0,51.6603241,0,0,0,23.51131821,0,2.254642725,0,2.013293505,0,15.49831676,1.25884521007538,0.160209178924561,3.19370746612549,0.516132593154907,2.97318315505981,19.74631690979,73.6359710693359,0,0,5.35748291015625,1.01247525215149,
85,0,51.75350189,0,0,0,23.5529232,0,2.256647825,0,2.01375699,0,15.51687336,1.25980973243713,0.160246983170509,3.20050191879272,0.516892969608307,2.95619678497314,19.7907829284668,73.6479187011719,0,0,5.36672639846802,1.01474905014038,
86,0,51.84209442,0,0,0,23.59249878,0,2.258551359,0,2.01419735,0,15.5345068,1.26073288917542,0.1602833122015,3.20698642730713,0.517617881298065,2.94050621986389,19.8343067169189,73.6601486206055,0,0,5.3759970664978,1.01691949367523,
87,0,51.9261055,0,0,0,23.63003922,0,2.26035285,0,2.014615059,0,15.55121899,1.26161098480225,0.160317912697792,3.21317028999329,0.518308341503143,2.92603468894959,19.8768997192383,73.6726531982422,0,0,5.38526296615601,1.01898968219757,
88,0,52.00554276,0,0,0,23.66555786,0,2.26205039,0,2.01500988,0,15.56701374,1.26244223117828,0.160350680351257,3.21906113624573,0.518965303897858,2.91270923614502,19.918571472168,73.6854248046875,0,0,5.39449501037598,1.02096199989319,
89,0,52.08268356,0,0,0,23.70005226,0,2.263697624,0,2.015393257,0,15.5823431,1.26323449611664,0.160382002592087,3.22467827796936,0.519590973854065,2.90045976638794,19.9593353271484,73.6984481811523,0,0,5.40367269515991,1.02284264564514,
90,0,52.15298843,0,0,0,23.7315197,0,2.26519537,0,2.015742779,0,15.59630966,1.26398253440857,0.160411611199379,3.23002338409424,0.520185649394989,2.88922047615051,19.9991970062256,73.7117309570313,0,0,5.41276931762695,1.02463269233704,
91,0,52.22327042,0,0,0,23.76297188,0,2.266688585,0,2.016092062,0,15.61026382,1.26469254493713,0.160439759492874,3.23511171340942,0.520751118659973,2.87892842292786,20.0381717681885,73.7252502441406,0,0,5.4217677116394,1.02633690834045,
92,0,52.28899765,0,0,0,23.7924118,0,2.268083811,0,2.016418934,0,15.623312,1.26537442207336,0.160466909408569,3.23996877670288,0.52129054069519,2.86952352523804,20.0762748718262,73.7389984130859,0,0,5.43065929412842,1.02796387672424,
93,0,52.35017014,0,0,0,23.81981277,0,2.269379139,0,2.016722679,0,15.6354475,1.26601600646973,0.160492435097694,3.24458837509155,0.52180290222168,2.86094975471497,20.1135139465332,73.7529678344727,0,0,5.4394211769104,1.02951145172119,
94,0,52.41132736,0,0,0,23.84721184,0,2.270673037,0,2.017026663,0,15.64757729,1.26662886142731,0.160516887903214,3.24899125099182,0.522290885448456,2.85315322875977,20.1499042510986,73.7671508789063,0,0,5.44804620742798,1.03098654747009,
95,0,52.46567535,0,0,0,23.8715744,0,2.271821022,0,2.017296791,0,15.65835285,1.26720929145813,0.160540044307709,3.25318169593811,0.522754907608032,2.84608340263367,20.1854572296143,73.7815399169922,0,0,5.45652008056641,1.03239059448242,
96,0,52.52000046,0,0,0,23.89592743,0,2.272967339,0,2.017566681,0,15.66911888,1.26775622367859,0.160561859607697,3.25716280937195,0.523195207118988,2.83969211578369,20.2201843261719,73.7961349487305,0,0,5.46483039855957,1.0337245464325,
97,0,52.57205963,0,0,0,23.91927528,0,2.274061918,0,2.017825365,0,15.67943287,1.26828408241272,0.160583049058914,3.26096320152283,0.523615419864655,2.83393383026123,20.2541007995605,73.810920715332,0,0,5.4729790687561,1.03499817848206,
98,0,52.61957169,0,0,0,23.94059181,0,2.275062561,0,2.018061399,0,15.68884373,1.26878309249878,0.160603031516075,3.2645800113678,0.524015009403229,2.82876563072205,20.2872180938721,73.8258895874023,0,0,5.48095512390137,1.0362104177475,
99,0,52.667076110000004,0,0,0,23.9618988,0,2.276060104,0,2.018297434,0,15.69824982,1.26925718784332,0.16062206029892,3.26802325248718,0.524395167827606,2.82414698600769,20.3195495605469,73.8410339355469,0,0,5.48875284194946,1.03736448287964,
100,0,52.710044860000004,0,0,0,23.98118591,0,2.276961803,0,2.018511057,0,15.70675659,1.26970815658569,0.160640180110931,3.27130174636841,0.524756908416748,2.82003974914551,20.3511123657227,73.8563537597656,0,0,5.49636888504028,1.03846347332001,
101,0,52.7530098,0,0,0,24.00047112,0,2.277862072,0,2.018724442,0,15.71525764,1.27013623714447,0.160657405853271,3.27442216873169,0.525100946426392,2.81640768051147,20.3819141387939,73.8718414306641,0,0,5.50379943847656,1.03950953483582,
102,0,52.79370499,0,0,0,24.01873779,0,2.278713703,0,2.01892662,0,15.72330856,1.27054941654205,0.160674080252647,3.27740335464478,0.525429606437683,2.81321692466736,20.4119758605957,73.8874893188477,0,0,5.51104879379272,1.04050898551941,
103,0,52.83213043,0,0,0,24.0359993,0,2.279516459,0,2.019117594,0,15.73091125,1.27094209194183,0.160689920186996,3.28024649620056,0.525743007659912,2.81043553352356,20.4413070678711,73.9032897949219,0,0,5.5181131362915,1.04146230220795,
104,0,52.86828613,0,0,0,24.05224037,0,2.280272245,0,2.019297123,0,15.7380619,1.27131330966949,0.160704880952835,3.2829532623291,0.526041150093079,2.80803322792053,20.4699230194092,73.9192276000977,0,0,5.52498912811279,1.04236996173859,
105,0,52.9021759,0,0,0,24.06746292,0,2.280979156,0,2.019465446,0,15.74476147,1.27166247367859,0.160718947649002,3.28552436828613,0.526324033737183,2.80598163604736,20.4978332519531,73.935302734375,0,0,5.53167295455933,1.04323208332062,
106,0,52.93380737,0,0,0,24.08168221,0,2.281637907,0,2.019622564,0,15.75101471,1.27198934555054,0.160732135176659,3.28796076774597,0.526591777801514,2.80425405502319,20.5250492095947,73.9515151977539,0,0,5.53816175460815,1.0440491437912,
107,0,52.96542358,0,0,0,24.09589195,0,2.282295942,0,2.019779682,0,15.75726509,1.27230143547058,0.16074475646019,3.29027652740479,0.52684611082077,2.80282521247864,20.551586151123,73.9678573608398,0,0,5.54446029663086,1.04482579231262,
108,0,52.99478912,0,0,0,24.10908508,0,2.282907248,0,2.019925594,0,15.76306534,1.27260148525238,0.160756945610046,3.29248261451721,0.527088403701782,2.80167150497437,20.5774574279785,73.9843215942383,0,0,5.55057287216187,1.04556572437286,
109,0,53.02414322,0,0,0,24.12228394,0,2.283518314,0,2.020071507,0,15.76886559,1.27289009094238,0.160768672823906,3.29458832740784,0.527319669723511,2.80077075958252,20.6026782989502,74.0009002685547,0,0,5.55650329589844,1.04627180099487,
110,0,53.0512352,0,0,0,24.13446426,0,2.284081459,0,2.020205975,0,15.774217609999999,1.27316761016846,0.160779938101768,3.2966001033783,0.527540683746338,2.80010223388672,20.6272640228271,74.0176010131836,0,0,5.56225538253784,1.04694652557373,
111,0,53.07606888,0,0,0,24.1456356,0,2.284598112,0,2.020329475,0,15.77912235,1.27342653274536,0.160790413618088,3.29851031303406,0.527750372886658,2.79964685440063,20.6512222290039,74.0344009399414,0,0,5.56782531738281,1.04758739471436,
112,0,53.10090256,0,0,0,24.15680313,0,2.285111904,0,2.020452976,0,15.7840271,1.27367174625397,0.160800367593765,3.30032658576965,0.527949631214142,2.79938650131226,20.6745662689209,74.0513000488281,0,0,5.57321739196777,1.04819667339325,
113,0,53.12346649,0,0,0,24.16695023,0,2.285580158,0,2.020565033,0,15.78848076,1.27390503883362,0.160809844732285,3.30205464363098,0.528139114379883,2.79930400848389,20.6973114013672,74.0682983398438,0,0,5.57843446731567,1.04877638816833,
114,0,53.14603424,0,0,0,24.17710114,0,2.286048174,0,2.02067709,0,15.79293633,1.27412736415863,0.160818889737129,3.30369877815247,0.528319299221039,2.79938316345215,20.7194690704346,74.0853881835938,0,0,5.58347988128662,1.04932796955109,
115,0,53.16634369,0,0,0,24.18624115,0,2.286468029,0,2.020777941,0,15.79694653,1.27433860301971,0.160827472805977,3.30526304244995,0.528490662574768,2.79960942268372,20.7410488128662,74.1025695800781,0,0,5.58835649490356,1.0498526096344,
116,0,53.18664932,0,0,0,24.19536972,0,2.286889315,0,2.020878792,0,15.80095196,1.27453875541687,0.160835593938828,3.30674982070923,0.528653562068939,2.799968957901,20.7620658874512,74.1198425292969,0,0,5.59306812286377,1.05035138130188,
117,0,53.20469666,0,0,0,24.20349693,0,2.287263632,0,2.020968676,0,15.80451488,1.27472805976868,0.160843282938004,3.30816173553467,0.528808116912842,2.80044865608215,20.7825317382813,74.1371917724609,0,0,5.59761667251587,1.05082499980927,
118,0,53.2227478,0,0,0,24.21161652,0,2.287636995,0,2.021058321,0,15.8080759,1.27490663528442,0.160850569605827,3.3095006942749,0.528954565525055,2.80103635787964,20.8024578094482,74.1546173095703,0,0,5.60200500488281,1.05127418041229,
119,0,53.24079132,0,0,0,24.21974182,0,2.288008451,0,2.021147728,0,15.81163692,1.27508127689362,0.160857707262039,3.31078147888184,0.529094755649567,2.80172085762024,20.8218574523926,74.1721115112305,0,0,5.60624313354492,1.05170392990112,
120,0,53.25658035,0,0,0,24.22684288,0,2.288336039,0,2.021226168,0,15.81475163,1.27524733543396,0.160864487290382,3.31200242042542,0.529228448867798,2.80249166488647,20.8407402038574,74.1896820068359,0,0,5.61033248901367,1.05211353302002,
121,0,53.27236938,0,0,0,24.23395348,0,2.28866148,0,2.021304846,0,15.81786537,1.27540338039398,0.160870835185051,3.31316232681274,0.529355347156525,2.80333948135376,20.8591213226318,74.2073059082031,0,0,5.6142749786377,1.05250263214111,
122,0,53.2881546,0,0,0,24.24105644,0,2.288986921,0,2.021383286,0,15.82098007,1.2755560874939,0.160877123475075,3.31427359580994,0.529477119445801,2.80425500869751,20.877010345459,74.224983215332,0,0,5.618079662323,1.05287551879883,
123,0,53.30168533,0,0,0,24.24715424,0,2.289266348,0,2.02145052,0,15.82364845,1.27570021152496,0.160883009433746,3.31533288955688,0.529593110084534,2.80523014068604,20.8944206237793,74.2427291870117,0,0,5.6217474937439,1.05323100090027,
124,0,53.31520844,0,0,0,24.25323868,0,2.289546013,0,2.021517515,0,15.82631588,1.27583456039429,0.160888448357582,3.31633734703064,0.529702961444855,2.8062572479248,20.9113597869873,74.2605285644531,0,0,5.62527990341187,1.05356812477112,
125,0,53.32873917,0,0,0,24.25933456,0,2.289825201,0,2.021584749,0,15.82898426,1.27596580982208,0.160893812775612,3.31729793548584,0.529808104038239,2.80732893943787,20.9278411865234,74.2783737182617,0,0,5.62868452072144,1.05389046669006,
126,0,53.3400116,0,0,0,24.26441002,0,2.290056944,0,2.021640778,0,15.83120728,1.27608823776245,0.160898804664612,3.31821036338806,0.529907941818237,2.80843877792358,20.9438762664795,74.2962646484375,0,0,5.63196182250977,1.05419671535492,
127,0,53.35128784,0,0,0,24.26948738,0,2.290289402,0,2.021696806,0,15.83343029,1.27620053291321,0.16090339422226,3.3190712928772,0.530001938343048,2.80958080291748,20.9594707489014,74.3142013549805,0,0,5.63511228561401,1.0544855594635,
128,0,53.36256027,0,0,0,24.27456856,0,2.290522814,0,2.021752834,0,15.83565331,1.27630996704102,0.160907864570618,3.31989073753357,0.530091404914856,2.81074929237366,20.9746360778809,74.3321762084961,0,0,5.63814401626587,1.05476057529449,
129,0,53.37382507,0,0,0,24.2796402,0,2.290754557,0,2.021808863,0,15.83787346,1.27641832828522,0.160912334918976,3.32067728042603,0.530177474021912,2.81193900108337,20.989387512207,74.3501815795898,0,0,5.64106416702271,1.05502450466156,
130,0,53.38284302,0,0,0,24.28369713,0,2.290940046,0,2.021853447,0,15.83965015,1.27651882171631,0.160916417837143,3.32142424583435,0.530259132385254,2.81314516067505,21.0037326812744,74.3682250976563,0,0,5.64387226104736,1.05527520179749,
131,0,53.39185715,0,0,0,24.28775978,0,2.291123867,0,2.021898508,0,15.84142685,1.27660918235779,0.160920098423958,3.3221263885498,0.530335664749146,2.81436371803284,21.0176792144775,74.3863067626953,0,0,5.64656734466553,1.05551087856293,
132,0,53.40087509,0,0,0,24.2918148,0,2.291309834,0,2.021943092,0,15.84320354,1.27669656276703,0.160923674702644,3.32279253005981,0.530408322811127,2.81559014320374,21.0312366485596,74.404411315918,0,0,5.64915657043457,1.05573451519012,
133,0,53.40988922,0,0,0,24.2958889,0,2.291496038,0,2.021988153,0,15.84498215,1.27678322792053,0.160927250981331,3.32343029975891,0.530477941036224,2.81682109832764,21.0444145202637,74.4225463867188,0,0,5.65164709091187,1.05594849586487,
134,0,53.41890717,0,0,0,24.29994583,0,2.291682005,0,2.022032738,0,15.84675884,1.27686977386475,0.160930812358856,3.32404565811157,0.530545234680176,2.81805300712585,21.0572280883789,74.4406967163086,0,0,5.65404367446899,1.05615496635437,
135,0,53.42566681,0,0,0,24.30298805,0,2.291820526,0,2.022066355,0,15.84809113,1.27694857120514,0.160934016108513,3.32462954521179,0.53060907125473,2.81928324699402,21.0696811676025,74.458869934082,0,0,5.65634536743164,1.05635094642639,
136,0,53.43243027,0,0,0,24.30603027,0,2.29195857,0,2.022099972,0,15.84942245,1.2770174741745,0.160936817526817,3.32517457008362,0.530668437480927,2.82050919532776,21.0817813873291,74.4770584106445,0,0,5.65855073928833,1.05653381347656,
137,0,53.43918991,0,0,0,24.30908585,0,2.292098999,0,2.022133589,0,15.85075665,1.27708327770233,0.160939499735832,3.32568907737732,0.530724465847015,2.82172799110413,21.0935382843018,74.4952697753906,0,0,5.66066551208496,1.05670654773712,
138,0,53.44594955,0,0,0,24.31212807,0,2.29223752,0,2.022167206,0,15.85208893,1.27714836597443,0.160942181944847,3.32617926597595,0.530777812004089,2.82293748855591,21.104959487915,74.5134963989258,0,0,5.66269493103027,1.05687117576599,
139,0,53.45270538,0,0,0,24.31516838,0,2.292375088,0,2.022200823,0,15.8534193,1.27721273899078,0.160944849252701,3.3266499042511,0.530829191207886,2.82413530349731,21.1160564422607,74.5317306518555,0,0,5.66464471817017,1.05702924728394,
140,0,53.45946503,0,0,0,24.31822395,0,2.292515993,0,2.02223444,0,15.85475349,1.27727735042572,0.160947531461716,3.32710528373718,0.530879020690918,2.82532000541687,21.126838684082,74.5499725341797,0,0,5.66651916503906,1.05718207359314,
141,0,53.463974,0,0,0,24.32024765,0,2.292606831,0,2.022256851,0,15.8556385,1.27733469009399,0.160949856042862,3.32753491401672,0.530925929546356,2.8264901638031,21.1373119354248,74.5682220458984,0,0,5.66831588745117,1.0573263168335,
142,0,53.47073364,0,0,0,24.32328987,0,2.292746544,0,2.02229023,0,15.85697079,1.27738928794861,0.160952091217041,3.32794404029846,0.530970573425293,2.82764434814453,21.1474838256836,74.5864715576172,0,0,5.67003965377808,1.05746352672577,
143,0,53.4752388,0,0,0,24.32532692,0,2.292839766,0,2.022312641,0,15.85786057,1.27744340896606,0.160954311490059,3.32833695411682,0.531013548374176,2.82878112792969,21.1573657989502,74.6047286987305,0,0,5.67169523239136,1.05759537220001,
144,0,53.47974396,0,0,0,24.32735252,0,2.29293251,0,2.022335052,0,15.85874557,1.27749001979828,0.160956189036369,3.3287034034729,0.531053483486176,2.82989954948425,21.1669616699219,74.6229858398438,0,0,5.67327928543091,1.05771839618683,
145,0,53.48424911,0,0,0,24.32938576,0,2.293023348,0,2.022357464,0,15.8596344,1.27753400802612,0.160957992076874,3.32904863357544,0.531091094017029,2.83099865913391,21.1762771606445,74.6412353515625,0,0,5.67479562759399,1.05783426761627,
146,0,53.48875809,0,0,0,24.33141708,0,2.293115854,0,2.022379875,0,15.86052227,1.27757704257965,0.160959780216217,3.32937717437744,0.531126856803894,2.83207750320435,21.1853218078613,74.6594924926758,0,0,5.67624855041504,1.0579446554184,
147,0,53.49325943,0,0,0,24.33345032,0,2.293208599,0,2.022402287,0,15.86141014,1.27762007713318,0.160961553454399,3.32969260215759,0.531161189079285,2.83313536643982,21.1941032409668,74.6777420043945,0,0,5.67764234542847,1.05805051326752,
148,0,53.49776459,0,0,0,24.33548164,0,2.293301582,0,2.022424698,0,15.86229706,1.27766311168671,0.160963356494904,3.32999753952026,0.531194508075714,2.83417177200317,21.2026290893555,74.6959915161133,0,0,5.67898035049438,1.05815279483795,
149,0,53.50227356,0,0,0,24.33750343,0,2.293394089,0,2.022447109,0,15.86318398,1.27770614624023,0.160965129733086,3.33029389381409,0.531226992607117,2.83518648147583,21.2109069824219,74.7142333984375,0,0,5.6802659034729,1.05825221538544,
150,0,53.50452423,0,0,0,24.33852386,0,2.293439865,0,2.022458076,0,15.86362934,1.27774167060852,0.160966545343399,3.33056998252869,0.531257152557373,2.83617877960205,21.2189426422119,74.7324600219727,0,0,5.68149518966675,1.05834484100342,
151,0,53.5090332,0,0,0,24.34056091,0,2.293532848,0,2.022480488,0,15.86451721,1.27777504920959,0.160967901349068,3.33083033561707,0.531285524368286,2.83714866638184,21.2267417907715,74.7506790161133,0,0,5.68267107009888,1.05843222141266,
152,0,53.51128387,0,0,0,24.3415699,0,2.293578148,0,2.022491693,0,15.86495972,1.27780735492706,0.160969242453575,3.33107781410217,0.531312465667725,2.83809590339661,21.2343101501465,74.7688827514648,0,0,5.68379735946655,1.05851519107819,
153,0,53.51578903,0,0,0,24.34360123,0,2.293670177,0,2.022514105,0,15.86584663,1.27783942222595,0.160970568656921,3.33131504058838,0.531338334083557,2.83902025222778,21.2416553497314,74.7870712280273,0,0,5.68487691879272,1.05859482288361,
154,0,53.51804352,0,0,0,24.34461212,0,2.293717384,0,2.022525311,0,15.86628914,1.27787172794342,0.160971894860268,3.3315441608429,0.531363368034363,2.83992171287537,21.2487850189209,74.8052444458008,0,0,5.68591260910034,1.05867171287537,
155,0,53.52029419,0,0,0,24.34563255,0,2.293763161,0,2.022536516,0,15.8667345,1.27789676189423,0.160972893238068,3.33175349235535,0.531386077404022,2.84080028533936,21.2557029724121,74.8234100341797,0,0,5.68689966201782,1.05874192714691,
156,0,53.52479935,0,0,0,24.34766579,0,2.293855906,0,2.022558928,0,15.86762142,1.27792656421661,0.160974144935608,3.33196020126343,0.531408727169037,2.84165596961975,21.262414932251,74.841552734375,0,0,5.6878490447998,1.05881142616272,
157,0,53.52705002,0,0,0,24.34867859,0,2.293901205,0,2.022570133,0,15.86806488,1.27795791625977,0.160975471138954,3.33216524124146,0.531431257724762,2.84248876571655,21.2689304351807,74.8596801757813,0,0,5.68876218795776,1.05888020992279,
158,0,53.5293045,0,0,0,24.34968948,0,2.293948412,0,2.022581339,0,15.86850929,1.2779825925827,0.160976469516754,3.33235502243042,0.531452059745789,2.8432993888855,21.2752513885498,74.8777847290039,0,0,5.68963432312012,1.0589439868927,
159,0,53.53155899,0,0,0,24.35071754,0,2.293994188,0,2.022592545,0,15.8689537,1.27800512313843,0.160977363586426,3.33253335952759,0.531471431255341,2.84408760070801,21.2813816070557,74.895866394043,0,0,5.69046783447266,1.05900382995605,
160,0,53.53380585,0,0,0,24.35172462,0,2.294041157,0,2.02260375,0,15.86939621,1.27802693843842,0.160978272557259,3.33270192146301,0.531489789485931,2.84485363960266,21.2873306274414,74.9139251708984,0,0,5.69126510620117,1.05906045436859,
161,0,53.53606033,0,0,0,24.35273743,0,2.294086456,0,2.022614956,0,15.86983871,1.27804851531982,0.160979136824608,3.33286309242249,0.53150737285614,2.84559774398804,21.293098449707,74.9319686889648,0,0,5.69202852249146,1.05911457538605,
162,0,53.53831482,0,0,0,24.35375404,0,2.294133902,0,2.022626162,0,15.87028408,1.27807009220123,0.160980060696602,3.3330180644989,0.531524300575256,2.84632015228271,21.2986946105957,74.9499816894531,0,0,5.69275999069214,1.05916666984558,
163,0,53.53831482,0,0,0,24.35375404,0,2.294133902,0,2.022626162,0,15.87028408,1.27808427810669,0.160980582237244,3.33315467834473,0.531539082527161,2.84702134132385,21.3041210174561,74.9679641723633,0,0,5.69345378875732,1.05921256542206,
164,0,53.54056931,0,0,0,24.35476685,0,2.294179201,0,2.022637367,0,15.87072659,1.27809596061707,0.160981044173241,3.33327698707581,0.531552135944366,2.84770131111145,21.3093795776367,74.9859313964844,0,0,5.69411277770996,1.05925357341766,
165,0,53.54281616,0,0,0,24.35578918,0,2.294226646,0,2.022648573,0,15.871171,1.27811431884766,0.160981863737106,3.3334014415741,0.531565606594086,2.84836053848267,21.3144779205322,75.0038681030273,0,0,5.69474649429321,1.05929529666901,
166,0,53.54507065,0,0,0,24.35680199,0,2.294271946,0,2.02265954,0,15.87161446,1.27813494205475,0.160982728004456,3.33352756500244,0.531579434871674,2.84899926185608,21.3194236755371,75.0217742919922,0,0,5.69535636901855,1.0593376159668,
167,0,53.54507065,0,0,0,24.35680199,0,2.294271946,0,2.02265954,0,15.87161446,1.27814865112305,0.160983249545097,3.33364129066467,0.531591773033142,2.84961819648743,21.3242168426514,75.0396499633789,0,0,5.69593572616577,1.05937576293945,
168,0,53.54732513,0,0,0,24.35782242,0,2.294317484,0,2.022670984,0,15.87205887,1.27816021442413,0.160983711481094,3.33374524116516,0.53160297870636,2.85021734237671,21.3288631439209,75.0574951171875,0,0,5.69648694992065,1.059410572052,
169,0,53.54957199,0,0,0,24.3588295,0,2.294364452,0,2.022681952,0,15.87249947,1.27817869186401,0.16098453104496,3.33385467529297,0.53161495923996,2.85079717636108,21.3333683013916,75.075309753418,0,0,5.69701957702637,1.05944728851318,
170,0,53.54957199,0,0,0,24.3588295,0,2.294364452,0,2.022681952,0,15.87249947,1.27819180488586,0.160985022783279,3.33395528793335,0.531625926494598,2.85135817527771,21.3377342224121,75.0930938720703,0,0,5.6975269317627,1.05948102474213,
171,0,53.55183029,0,0,0,24.35984612,0,2.29440999,0,2.022693157,0,15.87294388,1.27820324897766,0.160985469818115,3.33404850959778,0.531636118888855,2.85190081596375,21.3419666290283,75.1108474731445,0,0,5.69801092147827,1.05951237678528,
172,0,53.55183029,0,0,0,24.35984612,0,2.29440999,0,2.022693157,0,15.87294388,1.27821409702301,0.160985931754112,3.33413624763489,0.531645655632019,2.85242557525635,21.3460693359375,75.1285705566406,0,0,5.69847249984741,1.0595418214798,
173,0,53.55408096,0,0,0,24.36086655,0,2.294457197,0,2.022704363,0,15.87338924,1.27822494506836,0.160986393690109,3.33421969413757,0.531654715538025,2.8529326915741,21.3500442504883,75.1462631225586,0,0,5.69891309738159,1.05956983566284,
174,0,53.55408096,0,0,0,24.36086655,0,2.294457197,0,2.022704363,0,15.87338924,1.278235912323,0.160986825823784,3.33429980278015,0.531663417816162,2.85342264175415,21.3538970947266,75.1639175415039,0,0,5.69933414459229,1.05959665775299,
175,0,53.55632782,0,0,0,24.36187744,0,2.294502497,0,2.022715569,0,15.87383175,1.27824664115906,0.16098727285862,3.3343768119812,0.531671822071075,2.85389614105225,21.357629776001,75.1815338134766,0,0,5.69973707199097,1.05962252616882,
176,0,53.55632782,0,0,0,24.36187744,0,2.294502497,0,2.022715569,0,15.87383175,1.27825713157654,0.160987719893456,3.33445143699646,0.53167998790741,2.85435342788696,21.3612499237061,75.1991195678711,0,0,5.70012283325195,1.05964756011963,
177,0,53.55858612,0,0,0,24.36289215,0,2.294547796,0,2.022726774,0,15.87427425,1.2782678604126,0.160988181829453,3.33452415466309,0.53168797492981,2.85479497909546,21.3647575378418,75.2166595458984,0,0,5.7004919052124,1.05967199802399,
178,0,53.55858612,0,0,0,24.36289215,0,2.294547796,0,2.022726774,0,15.87427425,1.27827823162079,0.160988599061966,3.33459568023682,0.53169584274292,2.85522103309631,21.3681545257568,75.2341690063477,0,0,5.70084571838379,1.05969595909119,
179,0,53.56083679,0,0,0,24.36390686,0,2.294595242,0,2.02273798,0,15.87471962,1.27828907966614,0.160989060997963,3.33466577529907,0.531703591346741,2.85563230514526,21.3714466094971,75.2516403198242,0,0,5.70118570327759,1.05971944332123,
180,0,53.56083679,0,0,0,24.36390686,0,2.294595242,0,2.02273798,0,15.87471962,1.27830004692078,0.160989493131638,3.33473515510559,0.531711280345917,2.85602903366089,21.3746395111084,75.2690658569336,0,0,5.70151233673096,1.05974280834198,
181,0,53.56083679,0,0,0,24.36390686,0,2.294595242,0,2.02273798,0,15.87471962,1.27830350399017,0.16098958253860499,3.33479022979736,0.53171718120575,2.85641169548035,21.3777313232422,75.2864608764648,0,0,5.70181894302368,1.05976140499115,
182,0,53.56308746,0,0,0,24.36491966,0,2.294640064,0,2.022749186,0,15.87516212,1.27831172943115,0.160989969968796,3.33484768867493,0.531723439693451,2.8567807674408,21.3807277679443,75.3038101196289,0,0,5.70211410522461,1.05978071689606,
183,0,53.56308746,0,0,0,24.36491966,0,2.294640064,0,2.022749186,0,15.87516212,1.27832162380219,0.16099040210247,3.33490681648254,0.531729936599731,2.85713672637939,21.3836307525635,75.3211288452148,0,0,5.70239925384521,1.05980050563812,
184,0,53.56308746,0,0,0,24.36491966,0,2.294640064,0,2.022749186,0,15.87516212,1.27832460403442,0.160990491509438,3.33495378494263,0.531734943389893,2.85747981071472,21.3864402770996,75.3384094238281,0,0,5.70266628265381,1.05981636047363,
185,0,53.56308746,0,0,0,24.36491966,0,2.294640064,0,2.022749186,0,15.87516212,1.27832543849945,0.160990506410599,3.33499121665955,0.531738817691803,2.85781025886536,21.3891582489014,75.3556518554688,0,0,5.70291757583618,1.05982887744904,
186,0,53.56534195,0,0,0,24.36593819,0,2.294687748,0,2.022760391,0,15.87560654,1.27833330631256,0.160990864038467,3.33503460884094,0.53174352645874,2.85812854766846,21.3917922973633,75.3728561401367,0,0,5.70316028594971,1.05984330177307,
187,0,53.56534195,0,0,0,24.36593819,0,2.294687748,0,2.022760391,0,15.87560654,1.27834343910217,0.160991281270981,3.33508253097534,0.53174889087677,2.8584349155426,21.3943462371826,75.3900146484375,0,0,5.7033953666687,1.05985939502716,
188,0,53.56534195,0,0,0,24.36593819,0,2.294687748,0,2.022760391,0,15.87560654,1.2783465385437,0.160991385579109,3.335120677948,0.53175300359726,2.85873031616211,21.3968181610107,75.4071350097656,0,0,5.70361661911011,1.05987226963043,
189,0,53.56534195,0,0,0,24.36593819,0,2.294687748,0,2.022760391,0,15.87560654,1.27834761142731,0.160991385579109,3.33515095710754,0.531756162643433,2.8590145111084,21.3992099761963,75.4242095947266,0,0,5.70382404327393,1.05988240242004,
190,0,53.56759262,0,0,0,24.3669548,0,2.294732809,0,2.022771597,0,15.87604904,1.27835512161255,0.160991758108139,3.33518838882446,0.531760334968567,2.85928773880005,21.4015274047852,75.4412384033203,0,0,5.704026222229,1.05989503860474,
191,0,53.56759262,0,0,0,24.3669548,0,2.294732809,0,2.022771597,0,15.87604904,1.27836465835571,0.160992190241814,3.33523178100586,0.531765222549438,2.85955095291138,21.403772354126,75.4582214355469,0,0,5.70422315597534,1.05990958213806,
192,0,53.56759262,0,0,0,24.3669548,0,2.294732809,0,2.022771597,0,15.87604904,1.27836763858795,0.16099226474762,3.33526611328125,0.531768977642059,2.85980415344238,21.4059467315674,75.4751663208008,0,0,5.70440816879272,1.05992126464844,
193,0,53.56759262,0,0,0,24.3669548,0,2.294732809,0,2.022771597,0,15.87604904,1.27836859226227,0.160992279648781,3.3352937698364298,0.531771898269653,2.86004781723022,21.408052444458,75.492073059082,0,0,5.70458221435547,1.05993056297302,
194,0,53.56759262,0,0,0,24.3669548,0,2.294732809,0,2.022771597,0,15.87604904,1.27836894989014,0.160992279648781,3.3353157043457,0.53177410364151,2.86028218269348,21.4100856781006,75.5089263916016,0,0,5.70474576950073,1.05993783473969,
195,0,53.56984329,0,0,0,24.36796761,0,2.294778109,0,2.022782803,0,15.87649155,1.2783762216568,0.160992637276649,3.33534669876099,0.531777501106262,2.86050724983215,21.4120578765869,75.5257415771484,0,0,5.70490646362305,1.05994808673859,
196,0,53.56984329,0,0,0,24.36796761,0,2.294778109,0,2.022782803,0,15.87649155,1.27838575839996,0.160993069410324,3.33538436889648,0.531781852245331,2.86072397232056,21.413969039917,75.5425109863281,0,0,5.70506477355957,1.05996084213257,
197,0,53.56984329,0,0,0,24.36796761,0,2.294778109,0,2.022782803,0,15.87649155,1.27838861942291,0.160993158817291,3.33541464805603,0.531785190105438,2.86093235015869,21.4158210754395,75.5592422485352,0,0,5.70521354675293,1.05997097492218,
198,0,53.56984329,0,0,0,24.36796761,0,2.294778109,0,2.022782803,0,15.87649155,1.27838957309723,0.160993173718452,3.33543872833252,0.531787753105164,2.86113262176514,21.417610168457,75.5759201049805,0,0,5.70535326004028,1.05997908115387,
199,0,53.56984329,0,0,0,24.36796761,0,2.294778109,0,2.022782803,0,15.87649155,1.27838981151581,0.160993173718452,3.33545780181885,0.531789720058441,2.86132526397705,21.4193420410156,75.5925598144531,0,0,5.70548391342163,1.05998551845551,
200,0,53.56984329,0,0,0,24.36796761,0,2.294778109,0,2.022782803,0,15.87649155,1.27839004993439,0.160993173718452,3.33547306060791,0.531791269779205,2.86151003837585,21.4210186004639,75.6091537475586,0,0,5.70560693740845,1.05999064445496,
201,0,53.57209778,0,0,0,24.36898422,0,2.294825315,0,2.022794008,0,15.87693691,1.27839756011963,0.160993531346321,3.33549857139587,0.531794190406799,2.86168766021729,21.4226417541504,75.6257019042969,0,0,5.70572948455811,1.05999934673309,
202,0,53.57209778,0,0,0,24.36898422,0,2.294825315,0,2.022794008,0,15.87693691,1.27840733528137,0.160993963479996,3.33553242683411,0.531798124313354,2.86185812950134,21.4242153167725,75.642204284668,0,0,5.70585203170776,1.0600106716156,
203,0,53.57209778,0,0,0,24.36898422,0,2.294825315,0,2.022794008,0,15.87693691,1.2784104347229,0.160994052886963,3.33555912971497,0.531801164150238,2.86202216148376,21.4257411956787,75.6586685180664,0,0,5.70596694946289,1.06001961231232,
204,0,53.57209778,0,0,0,24.36898422,0,2.294825315,0,2.022794008,0,15.87693691,1.27841150760651,0.160994067788124,3.33558058738709,0.53180348873138406,2.86217975616455,21.4272174835205,75.6750793457031,0,0,5.70607471466064,1.06002676486969,
205,0,53.57209778,0,0,0,24.36898422,0,2.294825315,0,2.022794008,0,15.87693691,1.27841186523438,0.160994067788124,3.33559775352478,0.531805276870728,2.86233115196228,21.4286441802979,75.6914443969727,0,0,5.70617628097534,1.0600323677063,
206,0,53.57209778,0,0,0,24.36898422,0,2.294825315,0,2.022794008,0,15.87693691,1.27841186523438,0.160994067788124,3.33561134338379,0.531806647777557,2.86247658729553,21.4300231933594,75.707763671875,0,0,5.70627164840698,1.06003701686859,
207,0,53.57209778,0,0,0,24.36898422,0,2.294825315,0,2.022794008,0,15.87693691,1.27841186523438,0.160994067788124,3.33562207221985,0.531807720661163,2.86261630058289,21.4313583374023,75.7240371704102,0,0,5.70636129379272,1.06004059314728,
208,0,53.57209778,0,0,0,24.36898422,0,2.294825315,0,2.022794008,0,15.87693691,1.27841186523438,0.160994067788124,3.33563041687012,0.53180855512619,2.86275029182434,21.4326496124268,75.7402648925781,0,0,5.70644521713257,1.06004345417023,
209,0,53.57209778,0,0,0,24.36898422,0,2.294825315,0,2.022794008,0,15.87693691,1.27841186523438,0.160994067788124,3.33563756942749,0.531809210777283,2.86287879943848,21.4338970184326,75.7564468383789,0,0,5.70652389526367,1.06004571914673,
210,0,53.57209778,0,0,0,24.36898422,0,2.294825315,0,2.022794008,0,15.87693691,1.27841186523438,0.160994067788124,3.33564305305481,0.531809687614441,2.86300182342529,21.4351024627686,75.7725830078125,0,0,5.70659828186035,1.06004762649536,
211,0,53.57434845,0,0,0,24.37000275,0,2.294870853,0,2.022805214,0,15.87737942,1.27841913700104,0.160994410514832,3.33566093444824,0.531811773777008,2.86311984062195,21.4362697601318,75.7886734008789,0,0,5.70667552947998,1.06005358695984,
212,0,53.57434845,0,0,0,24.37000275,0,2.294870853,0,2.022805214,0,15.87737942,1.27842879295349,0.160994857549667,3.33568859100342,0.531815052032471,2.86323308944702,21.437406539917,75.8047256469727,0,0,5.70675468444824,1.06006276607513,
213,0,53.57434845,0,0,0,24.37000275,0,2.294870853,0,2.022805214,0,15.87737942,1.27843177318573,0.160994932055473,3.3357105255127,0.531817615032196,2.86334204673767,21.4385051727295,75.8207321166992,0,0,5.70682954788208,1.06007015705109,
214,0,53.57434845,0,0,0,24.37000275,0,2.294870853,0,2.022805214,0,15.87737942,1.27843272686005,0.160994961857796,3.33572816848755,0.531819581985474,2.8634467124939,21.4395694732666,75.8366928100586,0,0,5.70689964294434,1.06007611751556,
215,0,53.57434845,0,0,0,24.37000275,0,2.294870853,0,2.022805214,0,15.87737942,1.27843308448792,0.160994961857796,3.33574199676514,0.531821072101593,2.8635470867157,21.4405994415283,75.8526000976563,0,0,5.70696544647217,1.06008076667786,
216,0,53.57434845,0,0,0,24.37000275,0,2.294870853,0,2.022805214,0,15.87737942,1.2784332036972,0.160994961857796,3.33575320243835,0.531822204589844,2.86364340782166,21.441593170166,75.8684692382813,0,0,5.70702743530273,1.06008458137512,
217,0,53.57434845,0,0,0,24.37000275,0,2.294870853,0,2.022805214,0,15.87737942,1.2784332036972,0.160994961857796,3.33576202392578,0.531823098659515,2.86373567581177,21.442554473877,75.8842926025391,0,0,5.70708560943604,1.06008744239807,
218,0,53.57434845,0,0,0,24.37000275,0,2.294870853,0,2.022805214,0,15.87737942,1.2784332036972,0.160994961857796,3.33576893806458,0.531823813915253,2.86382436752319,21.4434833526611,75.9000701904297,0,0,5.70713996887207,1.06008982658386,
219,0,53.57434845,0,0,0,24.37000275,0,2.294870853,0,2.022805214,0,15.87737942,1.2784332036972,0.160994961857796,3.33577442169189,0.531824350357056,2.86390924453735,21.4443817138672,75.9157943725586,0,0,5.707190990448,1.0600917339325,
220,0,53.57434845,0,0,0,24.37000275,0,2.294870853,0,2.022805214,0,15.87737942,1.2784332036972,0.160994961857796,3.33577871322632,0.531824767589569,2.86399054527283,21.4452514648438,75.9314727783203,0,0,5.70723915100098,1.06009316444397,
221,0,53.57434845,0,0,0,24.37000275,0,2.294870853,0,2.022805214,0,15.87737942,1.2784332036972,0.160994961857796,3.33578252792358,0.531825065612793,2.86406850814819,21.4460906982422,75.9471054077148,0,0,5.70728445053101,1.06009447574615,
222,0,53.57434845,0,0,0,24.37000275,0,2.294870853,0,2.022805214,0,15.87737942,1.2784332036972,0.160994961857796,3.33578538894653,0.531825304031372,2.86414313316345,21.4469032287598,75.9626922607422,0,0,5.70732688903809,1.06009554862976,
223,0,53.57434845,0,0,0,24.37000275,0,2.294870853,0,2.022805214,0,15.87737942,1.2784332036972,0.160994961857796,3.33578753471375,0.531825482845306,2.86421465873718,21.4476871490479,75.9782333374023,0,0,5.70736694335938,1.06009638309479,
224,0,53.57434845,0,0,0,24.37000275,0,2.294870853,0,2.022805214,0,15.87737942,1.2784332036972,0.160994961857796,3.33578944206238,0.531825602054596,2.86428308486938,21.4484462738037,75.9937286376953,0,0,5.70740413665771,1.06009697914124,
225,0,53.57434845,0,0,0,24.37000275,0,2.294870853,0,2.022805214,0,15.87737942,1.2784332036972,0.160994961857796,3.33579087257385,0.531825721263886,2.86434841156006,21.4491767883301,76.0091781616211,0,0,5.70743942260742,1.06009745597839,
226,0,53.57434845,0,0,0,24.37000275,0,2.294870853,0,2.022805214,0,15.87737942,1.2784332036972,0.160994961857796,3.33579206466675,0.53182578086853,2.86441111564636,21.4498844146729,76.0245819091797,0,0,5.70747232437134,1.06009781360626,
227,0,53.57434845,0,0,0,24.37000275,0,2.294870853,0,2.022805214,0,15.87737942,1.2784332036972,0.160994961857796,3.33579277992249,0.531825840473175,2.86447095870972,21.4505672454834,76.0399322509766,0,0,5.70750331878662,1.06009805202484,
228,0,53.57434845,0,0,0,24.37000275,0,2.294870853,0,2.022805214,0,15.87737942,1.2784332036972,0.160994961857796,3.33579349517822,0.53182590007782,2.8645281791687,21.451229095459,76.0552444458008,0,0,5.70753240585327,1.06009829044342,
229,0,53.57434845,0,0,0,24.37000275,0,2.294870853,0,2.022805214,0,15.87737942,1.2784332036972,0.160994961857796,3.33579421043396,0.531825959682465,2.86458277702332,21.451868057251,76.0705032348633,0,0,5.70755958557129,1.06009840965271,
230,0,53.57434845,0,0,0,24.37000275,0,2.294870853,0,2.022805214,0,15.87737942,1.2784332036972,0.160994961857796,3.33579468727112,0.531826019287109,2.86463499069214,21.4524841308594,76.0857162475586,0,0,5.70758533477783,1.060098528862,
231,0,53.57434845,0,0,0,24.37000275,0,2.294870853,0,2.022805214,0,15.87737942,1.2784332036972,0.160994961857796,3.3357949256897,0.531826019287109,2.86468482017517,21.4530811309814,76.1008834838867,0,0,5.70760917663574,1.06009864807129,
232,0,53.57434845,0,0,0,24.37000275,0,2.294870853,0,2.022805214,0,15.87737942,1.2784332036972,0.160994961857796,3.33579540252686,0.531826019287109,2.86473226547241,21.4536571502686,76.1160049438477,0,0,5.70763206481934,1.06009876728058,
233,0,53.57659912,0,0,0,24.37101936,0,2.29491806,0,2.02281642,0,15.87782383,1.27844083309174,0.160995334386826,3.33580899238586,0.531827807426453,2.86477756500244,21.454216003418,76.1310806274414,0,0,5.70766067504883,1.06010329723358,
234,0,53.57659912,0,0,0,24.37101936,0,2.29491806,0,2.02281642,0,15.87782383,1.27845060825348,0.160995736718178,3.33583307266235,0.531830847263336,2.86482095718384,21.4547634124756,76.146110534668,0,0,5.70769453048706,1.06011140346527,
235,0,53.57659912,0,0,0,24.37101936,0,2.29491806,0,2.02281642,0,15.87782383,1.27845370769501,0.160995826125145,3.33585262298584,0.531833171844482,2.86486291885376,21.4552936553955,76.1610946655273,0,0,5.7077260017395,1.06011784076691,
236,0,53.57659912,0,0,0,24.37101936,0,2.29491806,0,2.02281642,0,15.87782383,1.27845454216003,0.160995855927467,3.33586812019348,0.531834959983826,2.86490321159363,21.4558067321777,76.176025390625,0,0,5.70775604248047,1.06012308597565,
237,0,53.57659912,0,0,0,24.37101936,0,2.29491806,0,2.02281642,0,15.87782383,1.2784548997879,0.160995855927467,3.33588027954102,0.5318363904953,2.86494207382202,21.4563045501709,76.19091796875,0,0,5.7077841758728,1.06012725830078,
238,0,53.57659912,0,0,0,24.37101936,0,2.29491806,0,2.02281642,0,15.87782383,1.27845501899719,0.160995855927467,3.33589005470276,0.531837463378906,2.86497950553894,21.4567832946777,76.2057571411133,0,0,5.7078104019165,1.06013059616089,
239,0,53.57659912,0,0,0,24.37101936,0,2.29491806,0,2.02281642,0,15.87782383,1.27845501899719,0.160995855927467,3.33589792251587,0.531838297843933,2.86501526832581,21.4572486877441,76.2205581665039,0,0,5.70783472061157,1.06013321876526,
240,0,53.57659912,0,0,0,24.37101936,0,2.29491806,0,2.02281642,0,15.87782383,1.27845501899719,0.160995855927467,3.3359041213989298,0.531838953495026,2.86504983901978,21.4576969146729,76.2353057861328,0,0,5.70785808563232,1.06013524532318,
241,0,53.57659912,0,0,0,24.37101936,0,2.29491806,0,2.02281642,0,15.87782383,1.27845501899719,0.160995855927467,3.33590912818909,0.531839430332184,2.86508297920227,21.4581317901611,76.2500076293945,0,0,5.7078800201416,1.06013691425323,
242,0,53.57659912,0,0,0,24.37101936,0,2.29491806,0,2.02281642,0,15.87782383,1.27845501899719,0.160995855927467,3.33591294288635,0.531839787960052,2.86511492729187,21.4585514068604,76.2646713256836,0,0,5.7079005241394,1.06013822555542,
243,0,53.57659912,0,0,0,24.37101936,0,2.29491806,0,2.02281642,0,15.87782383,1.27845501899719,0.160995855927467,3.33591628074646,0.531840085983276,2.86514520645142,21.4589576721191,76.2792816162109,0,0,5.70791959762573,1.06013929843903,
244,0,53.57659912,0,0,0,24.37101936,0,2.29491806,0,2.02281642,0,15.87782383,1.27845501899719,0.160995855927467,3.33591866493225,0.531840324401855,2.86517453193665,21.4593505859375,76.2938461303711,0,0,5.70793771743774,1.06014013290405,
245,0,53.57659912,0,0,0,24.37101936,0,2.29491806,0,2.02281642,0,15.87782383,1.27845501899719,0.160995855927467,3.33592057228088,0.53184050321579,2.8652024269104,21.4597301483154,76.3083648681641,0,0,5.70795488357544,1.0601407289505,
246,0,53.57659912,0,0,0,24.37101936,0,2.29491806,0,2.02281642,0,15.87782383,1.27845501899719,0.160995855927467,3.33592200279236,0.531840622425079,2.86522936820984,21.4600963592529,76.3228378295898,0,0,5.70797109603882,1.06014132499695,
247,0,53.57659912,0,0,0,24.37101936,0,2.29491806,0,2.02281642,0,15.87782383,1.27845501899719,0.160995855927467,3.33592319488525,0.531840741634369,2.86525511741638,21.4604511260986,76.3372650146484,0,0,5.70798635482788,1.06014168262482,
248,0,53.57659912,0,0,0,24.37101936,0,2.29491806,0,2.02281642,0,15.87782383,1.27845501899719,0.160995855927467,3.33592414855957,0.531840801239014,2.86527991294861,21.4607944488525,76.3516464233398,0,0,5.70800018310547,1.06014204025269,
249,0,53.57659912,0,0,0,24.37101936,0,2.29491806,0,2.02281642,0,15.87782383,1.27845501899719,0.160995855927467,3.33592486381531,0.531840860843658,2.86530351638794,21.4611263275146,76.3659896850586,0,0,5.7080135345459,1.06014239788055,
250,0,53.57659912,0,0,0,24.37101936,0,2.29491806,0,2.02281642,0,15.87782383,1.27845501899719,0.160995855927467,3.33592581748962,0.531840920448303,2.86532616615295,21.461446762085,76.3802795410156,0,0,5.70802593231201,1.06014251708984,
251,0,53.57659912,0,0,0,24.37101936,0,2.29491806,0,2.02281642,0,15.87782383,1.27845501899719,0.160995855927467,3.33592653274536,0.531840980052948,2.86534762382507,21.4617557525635,76.3945236206055,0,0,5.70803737640381,1.06014263629913,
252,0,53.57659912,0,0,0,24.37101936,0,2.29491806,0,2.02281642,0,15.87782383,1.27845501899719,0.160995855927467,3.33592677116394,0.531840980052948,2.86536836624146,21.4620532989502,76.4087219238281,0,0,5.70804834365845,1.06014275550842,
253,0,53.57659912,0,0,0,24.37101936,0,2.29491806,0,2.02281642,0,15.87782383,1.27845501899719,0.160995855927467,3.3359272480011,0.531840980052948,2.86538815498352,21.4623413085938,76.4228820800781,0,0,5.70805835723877,1.06014287471771,
254,0,53.57659912,0,0,0,24.37101936,0,2.29491806,0,2.02281642,0,15.87782383,1.27845501899719,0.160995855927467,3.33592748641968,0.531840980052948,2.86540699005127,21.4626197814941,76.4369964599609,0,0,5.70806789398193,1.060142993927,
255,0,53.57659912,0,0,0,24.37101936,0,2.29491806,0,2.02281642,0,15.87782383,1.27845501899719,0.160995855927467,3.33592748641968,0.531840980052948,2.86542510986328,21.4628887176514,76.4510650634766,0,0,5.70807695388794,1.06014311313629,
256,0,53.57659912,0,0,0,24.37101936,0,2.29491806,0,2.02281642,0,15.87782383,1.27845501899719,0.160995855927467,3.33592748641968,0.531840980052948,2.86544227600098,21.4631481170654,76.465087890625,0,0,5.70808506011963,1.06014323234558,
257,0,53.57659912,0,0,0,24.37101936,0,2.29491806,0,2.02281642,0,15.87782383,1.27845501899719,0.160995855927467,3.33592748641968,0.531840980052948,2.86545872688293,21.4633979797363,76.4790649414063,0,0,5.70809316635132,1.06014335155487,
258,0,53.57659912,0,0,0,24.37101936,0,2.29491806,0,2.02281642,0,15.87782383,1.27845501899719,0.160995855927467,3.33592748641968,0.531840980052948,2.86547446250916,21.4636402130127,76.4930038452148,0,0,5.70810031890869,1.06014347076416,
259,0,53.57659912,0,0,0,24.37101936,0,2.29491806,0,2.02281642,0,15.87782383,1.27845501899719,0.160995855927467,3.33592748641968,0.531840980052948,2.86548948287964,21.4638729095459,76.5068969726563,0,0,5.70810747146606,1.06014347076416,
260,0,53.57659912,0,0,0,24.37101936,0,2.29491806,0,2.02281642,0,15.87782383,1.27845501899719,0.160995855927467,3.33592748641968,0.531840980052948,2.86550378799438,21.4640979766846,76.5207443237305,0,0,5.70811367034912,1.06014347076416,
261,0,53.57659912,0,0,0,24.37101936,0,2.29491806,0,2.02281642,0,15.87782383,1.27845501899719,0.160995855927467,3.33592748641968,0.531840980052948,2.86551737785339,21.4643173217773,76.5345458984375,0,0,5.70811986923218,1.06014347076416,
262,0,53.57659912,0,0,0,24.37101936,0,2.29491806,0,2.02281642,0,15.87782383,1.27845501899719,0.160995855927467,3.33592748641968,0.531840980052948,2.86553049087524,21.4645290374756,76.5483016967773,0,0,5.70812606811523,1.06014347076416,
263,0,53.57659912,0,0,0,24.37101936,0,2.29491806,0,2.02281642,0,15.87782383,1.27845501899719,0.160995855927467,3.33592748641968,0.531840980052948,2.86554288864136,21.4647331237793,76.56201171875,0,0,5.70813131332397,1.06014347076416,
264,0,53.57659912,0,0,0,24.37101936,0,2.29491806,0,2.02281642,0,15.87782383,1.27845501899719,0.160995855927467,3.33592748641968,0.531840980052948,2.86555457115173,21.4649295806885,76.57568359375,0,0,5.70813655853271,1.06014347076416,
265,0,53.57659912,0,0,0,24.37101936,0,2.29491806,0,2.02281642,0,15.87782383,1.27845501899719,0.160995855927467,3.33592748641968,0.531840980052948,2.86556577682495,21.4651184082031,76.5893096923828,0,0,5.7081413269043,1.06014347076416,
266,0,53.57659912,0,0,0,24.37101936,0,2.29491806,0,2.02281642,0,15.87782383,1.27845501899719,0.160995855927467,3.33592748641968,0.531840980052948,2.86557650566101,21.4653015136719,76.6028900146484,0,0,5.70814561843872,1.06014347076416,
267,0,53.57659912,0,0,0,24.37101936,0,2.29491806,0,2.02281642,0,15.87782383,1.27845501899719,0.160995855927467,3.33592748641968,0.531840980052948,2.86558675765991,21.4654788970947,76.6164245605469,0,0,5.70814990997314,1.06014347076416,
268,0,53.57659912,0,0,0,24.37101936,0,2.29491806,0,2.02281642,0,15.87782383,1.27845501899719,0.160995855927467,3.33592748641968,0.531840980052948,2.86559653282166,21.465648651123,76.6299133300781,0,0,5.70815420150757,1.06014347076416,
269,0,53.57659912,0,0,0,24.37101936,0,2.29491806,0,2.02281642,0,15.87782383,1.27845501899719,0.160995855927467,3.33592748641968,0.531840980052948,2.86560559272766,21.4658126831055,76.6433563232422,0,0,5.70815801620483,1.06014347076416,
270,0,53.57659912,0,0,0,24.37101936,0,2.29491806,0,2.02281642,0,15.87782383,1.27845501899719,0.160995855927467,3.33592748641968,0.531840980052948,2.86561441421509,21.465970993042,76.6567611694336,0,0,5.70816135406494,1.06014347076416,
271,0,53.57659912,0,0,0,24.37101936,0,2.29491806,0,2.02281642,0,15.87782383,1.27845501899719,0.160995855927467,3.33592748641968,0.531840980052948,2.86562275886536,21.4661254882813,76.6701278686523,0,0,5.70816469192505,1.06014347076416,
272,0,53.57659912,0,0,0,24.37101936,0,2.29491806,0,2.02281642,0,15.87782383,1.27845501899719,0.160995855927467,3.33592748641968,0.531840980052948,2.86563086509705,21.466272354126,76.6834487915039,0,0,5.70816802978516,1.06014347076416,
273,0,53.57659912,0,0,0,24.37101936,0,2.29491806,0,2.02281642,0,15.87782383,1.27845501899719,0.160995855927467,3.33592748641968,0.531840980052948,2.86563849449158,21.4664154052734,76.6967239379883,0,0,5.70817089080811,1.06014347076416,
274,0,53.57659912,0,0,0,24.37101936,0,2.29491806,0,2.02281642,0,15.87782383,1.27845501899719,0.160995855927467,3.33592748641968,0.531840980052948,2.86564588546753,21.466552734375,76.7099533081055,0,0,5.7081732749939,1.06014347076416,
275,0,53.57659912,0,0,0,24.37101936,0,2.29491806,0,2.02281642,0,15.87782383,1.27845501899719,0.160995855927467,3.33592748641968,0.531840980052948,2.86565279960632,21.4666862487793,76.72314453125,0,0,5.70817565917969,1.06014347076416,
276,0,53.57659912,0,0,0,24.37101936,0,2.29491806,0,2.02281642,0,15.87782383,1.27845501899719,0.160995855927467,3.33592748641968,0.531840980052948,2.86565923690796,21.466817855835,76.7362899780273,0,0,5.70817804336548,1.06014347076416,
277,0,53.57659912,0,0,0,24.37101936,0,2.29491806,0,2.02281642,0,15.87782383,1.27845501899719,0.160995855927467,3.33592748641968,0.531840980052948,2.86566543579102,21.4669437408447,76.7493896484375,0,0,5.70818042755127,1.06014347076416,
278,0,53.57659912,0,0,0,24.37101936,0,2.29491806,0,2.02281642,0,15.87782383,1.27845501899719,0.160995855927467,3.33592748641968,0.531840980052948,2.86567139625549,21.4670658111572,76.762451171875,0,0,5.7081823348999,1.06014347076416,
279,0,53.57659912,0,0,0,24.37101936,0,2.29491806,0,2.02281642,0,15.87782383,1.27845501899719,0.160995855927467,3.33592748641968,0.531840980052948,2.86567687988281,21.4671821594238,76.7754669189453,0,0,5.70818424224854,1.06014347076416,
280,0,53.57659912,0,0,0,24.37101936,0,2.29491806,0,2.02281642,0,15.87782383,1.27845501899719,0.160995855927467,3.33592748641968,0.531840980052948,2.86568236351013,21.4672946929932,76.7884368896484,0,0,5.70818614959717,1.06014347076416,
281,0,53.57659912,0,0,0,24.37101936,0,2.29491806,0,2.02281642,0,15.87782383,1.27845501899719,0.160995855927467,3.33592748641968,0.531840980052948,2.86568760871887,21.4674034118652,76.8013763427734,0,0,5.7081880569458,1.06014347076416,
282,0,53.57659912,0,0,0,24.37101936,0,2.29491806,0,2.02281642,0,15.87782383,1.27845501899719,0.160995855927467,3.33592748641968,0.531840980052948,2.86569237709045,21.46750831604,76.8142700195313,0,0,5.70818948745728,1.06014347076416,
283,0,53.57659912,0,0,0,24.37101936,0,2.29491806,0,2.02281642,0,15.87782383,1.27845501899719,0.160995855927467,3.33592748641968,0.531840980052948,2.86569690704346,21.4676094055176,76.8271255493164,0,0,5.70819091796875,1.06014347076416,
284,0,53.57659912,0,0,0,24.37101936,0,2.29491806,0,2.02281642,0,15.87782383,1.27845501899719,0.160995855927467,3.33592748641968,0.531840980052948,2.86570119857788,21.4677085876465,76.8399353027344,0,0,5.70819234848022,1.06014347076416,
285,0,53.57659912,0,0,0,24.37101936,0,2.29491806,0,2.02281642,0,15.87782383,1.27845501899719,0.160995855927467,3.33592748641968,0.531840980052948,2.8657054901123,21.4678020477295,76.8526992797852,0,0,5.7081937789917,1.06014347076416,
286,0,53.57659912,0,0,0,24.37101936,0,2.29491806,0,2.02281642,0,15.87782383,1.27845501899719,0.160995855927467,3.33592748641968,0.531840980052948,2.86570954322815,21.4678936004639,76.8654251098633,0,0,5.70819520950317,1.06014347076416,
287,0,53.57659912,0,0,0,24.37101936,0,2.29491806,0,2.02281642,0,15.87782383,1.27845501899719,0.160995855927467,3.33592748641968,0.531840980052948,2.86571335792542,21.467981338501,76.8781051635742,0,0,5.70819616317749,1.06014347076416,
288,0,53.57659912,0,0,0,24.37101936,0,2.29491806,0,2.02281642,0,15.87782383,1.27845501899719,0.160995855927467,3.33592748641968,0.531840980052948,2.8657169342041,21.4680671691895,76.8907470703125,0,0,5.70819711685181,1.06014347076416,
289,0,53.57659912,0,0,0,24.37101936,0,2.29491806,0,2.02281642,0,15.87782383,1.27845501899719,0.160995855927467,3.33592748641968,0.531840980052948,2.86572027206421,21.4681491851807,76.9033508300781,0,0,5.70819807052612,1.06014347076416,
290,0,53.57659912,0,0,0,24.37101936,0,2.29491806,0,2.02281642,0,15.87782383,1.27845501899719,0.160995855927467,3.33592748641968,0.531840980052948,2.86572337150574,21.4682273864746,76.9159088134766,0,0,5.70819902420044,1.06014347076416,
291,0,53.57659912,0,0,0,24.37101936,0,2.29491806,0,2.02281642,0,15.87782383,1.27845501899719,0.160995855927467,3.33592748641968,0.531840980052948,2.86572647094727,21.4683036804199,76.9284286499023,0,0,5.70819997787476,1.06014347076416,
292,0,53.57659912,0,0,0,24.37101936,0,2.29491806,0,2.02281642,0,15.87782383,1.27845501899719,0.160995855927467,3.33592748641968,0.531840980052948,2.86572933197021,21.4683780670166,76.9409027099609,0,0,5.70820093154907,1.06014347076416,
293,0,53.57659912,0,0,0,24.37101936,0,2.29491806,0,2.02281642,0,15.87782383,1.27845501899719,0.160995855927467,3.33592748641968,0.531840980052948,2.86573219299316,21.468448638916,76.9533386230469,0,0,5.70820188522339,1.06014347076416,
294,0,53.57659912,0,0,0,24.37101936,0,2.29491806,0,2.02281642,0,15.87782383,1.27845501899719,0.160995855927467,3.33592748641968,0.531840980052948,2.86573481559753,21.4685173034668,76.9657287597656,0,0,5.70820283889771,1.06014347076416,
295,0,53.57659912,0,0,0,24.37101936,0,2.29491806,0,2.02281642,0,15.87782383,1.27845501899719,0.160995855927467,3.33592748641968,0.531840980052948,2.86573719978333,21.4685840606689,76.9780807495117,0,0,5.70820379257202,1.06014347076416,
296,0,53.57659912,0,0,0,24.37101936,0,2.29491806,0,2.02281642,0,15.87782383,1.27845501899719,0.160995855927467,3.33592748641968,0.531840980052948,2.86573958396912,21.4686489105225,76.9904022216797,0,0,5.70820426940918,1.06014347076416,
297,0,53.57659912,0,0,0,24.37101936,0,2.29491806,0,2.02281642,0,15.87782383,1.27845501899719,0.160995855927467,3.33592748641968,0.531840980052948,2.86574172973633,21.4687118530273,77.0026779174805,0,0,5.70820474624634,1.06014347076416,
298,0,53.57659912,0,0,0,24.37101936,0,2.29491806,0,2.02281642,0,15.87782383,1.27845501899719,0.160995855927467,3.33592748641968,0.531840980052948,2.86574363708496,21.468770980835,77.0149154663086,0,0,5.7082052230835,1.06014347076416,
299,0,53.57659912,0,0,0,24.37101936,0,2.29491806,0,2.02281642,0,15.87782383,1.27845501899719,0.160995855927467,3.33592748641968,0.531840980052948,2.86574554443359,21.4688282012939,77.0271148681641,0,0,5.70820569992065,1.06014347076416,
300,0,53.57659912,0,0,0,24.37101936,0,2.29491806,0,2.02281642,0,15.87782383,1.27845501899719,0.160995855927467,3.33592748641968,0.531840980052948,2.86574745178223,21.4688835144043,77.0392761230469,0,0,5.70820617675781,1.06014347076416,
