"Time Step","Softwood Merchantable","Hardwood Merchantable","Softwood Submerchantable","Hardwood Submerchantable","Softwood Other","Hardwood Other","Softwood Foliage","Hardwood Foliage","Softwood Fine Roots","Hardwood Fine Roots","Softwood Coarse Roots","Hardwood Coarse Roots","Aboveground Very Fast DOM","Belowground Very Fast DOM","Aboveground Fast DOM","Belowground Fast DOM","Medium DOM","Aboveground Slow DOM","Belowground Slow DOM","Softwood Stem Snag","Softwood Branch Snag","Hardwood Stem Snag","Hardwood Branch Snag",
0,0,0,0,0,0,0,0,0,0,0,0,0,0.854008972644806,1.08685302734375,9.10435199737549,8.23823738098145,7.08255481719971,6.63755702972412,54.7156105041504,54.7521209716797,13.1482000350952,0,0,
1,0.01037292555,0,0,0,0.0747563988,0,0.02663269825,0,0.01054335386,0,0.01426781528,0,0.172009617090225,0.118985444307327,7.75661849975586,6.13235950469971,8.24602603912354,7.56292581558228,55.1018104553223,51.2345542907715,10.3212289810181,0,0,
2,0.04908888042,0,0,0,0.2553852499,0,0.07405936718,0,0.03549914435,0,0.04853529111,0,0.0374904982745647,0.0138124572113156,6.54600524902344,4.56498527526855,9.22692012786865,8.22835826873779,55.2543411254883,47.9431343078613,8.10326480865479,0,0,
3,0.1217847317,0,0,0,0.5151320696,0,0.1342186928,0,0.07169126719,0,0.09950081259,0,0.0140962740406394,0.00338739692233503,5.48499536514282,3.39859414100647,10.0441551208496,8.74198055267334,55.327205657959,44.8635368347168,6.36415529251099,0,0,
4,0.2318650633,0,0,0,0.8391672373,0,0.2040207386,0,0.1172261834,0,0.1658355892,0,0.013985900208354,0.00367943220771849,4.5727105140686,2.53080296516418,10.7149610519409,9.14305019378662,55.3521614074707,41.9823837280273,5.00155830383301,0,0,
5,0.3817410469,0,0,0,1.216481924,0,0.2815364003,0,0.1705322415,0,0.2467743307,0,0.0193561296910048,0.00544269755482674,3.80058360099792,1.88539230823517,11.2550210952759,9.45436859130859,55.3437881469727,39.2871742248535,3.93502283096313,0,0,
6,0.573174715,0,0,0,1.638010144,0,0.3653605878,0,0.230191052,0,0.3418020606,0,0.0264903102070093,0.00761418091133237,3.15601921081543,1.40562224388123,11.678599357605,9.69308280944824,55.3119659423828,36.766227722168,3.10131144523621,0,0,
7,0.8074295521,0,0,0,2.095883369,0,0.4543843865,0,0.2948894501,0,0.4505193233,0,0.0345174670219421,0.0100298374891281,2.62474226951599,1.04925346374512,11.9986610412598,9.87314510345459,55.2639350891113,34.4086151123047,2.45071029663086,0,0,
8,1.085350394,0,0,0,2.583072424,0,0.5476898551,0,0.3634078503,0,0.5725691915,0,0.0431510470807552,0.0126273734495044,2.19225716590881,0.784841775894165,12.2269821166992,10.00608253479,55.2050666809082,32.2041320800781,1.94413149356842,0,0,
9,1.407410622,0,0,0,3.093193054,0,0.6444934011,0,0.4346204698,0,0.7075910568,0,0.0522326119244099,0.0153588959947228,1.84471189975739,0.588978171348572,12.3742475509644,10.1014156341553,55.1393394470215,30.1432189941406,1.55083286762238,0,0,
10,1.773742795,0,0,0,3.620398998,0,0.7441123128,0,0.5074999332,0,0.8551925421,0,0.0616391412913799,0.0181814543902874,1.56936740875244,0.444234818220139,12.4501466751099,10.1669673919678,55.0697021484375,28.2169418334961,1.24663007259369,0,0,
11,2.184161186,0,0,0,4.159315109,0,0.8459436297,0,0.5811213255,0,1.014929891,0,0.0712638720870018,0.0210561566054821,1.35481262207031,0.337635904550552,12.463454246521,10.2091379165649,54.9983139038086,26.416934967041,1.01249027252197,0,0,
12,2.638179541,0,0,0,4.705001354,0,0.9494498372,0,0.6546657085,0,1.18629849,0,0.0810122117400169,0.0239482074975967,1.19101810455322,0.259519070386887,12.4221134185791,10.2331323623657,54.9267539978027,24.7353706359863,0.833428084850311,0,0,
13,3.13502574,0,0,0,5.25292635,0,1.054148436,0,0.7274202704,0,1.368726015,0,0.0908006057143211,0.0268269702792168,1.06929278373718,0.202687934041023,12.3333015441895,10.2431659698486,54.8561592102051,23.1649188995361,0.697639346122742,0,0,
14,3.67365694,0,0,0,5.798955917,0,1.159604907,0,0.7987778783,0,1.561574459,0,0.100556075572968,0.0296659730374813,0.982187569141388,0.161781206727028,12.2035007476807,10.2426290512085,54.7873382568359,21.6987171173096,0.595820307731628,0,0,
15,4.252773285,0,0,0,6.339339256,0,1.265426874,0,0.8682330251,0,1.764140844,0,0.110215812921524,0.0324428379535675,0.923371970653534,0.132803097367287,12.0385551452637,10.2342367172241,54.7208366394043,20.3303318023682,0.520633518695831,0,0,
16,4.870832443,0,0,0,6.870705128,0,1.371259451,0,0.9353762865,0,1.975664735,0,0.119726575911045,0.0351390913128853,0.887502610683441,0.112773813307285,11.8437280654907,10.2201490402222,54.6570281982422,19.0537357330322,0.466288208961487,0,0,
17,5.526065826,0,0,0,7.390053272,0,1.476782084,0,0.9998884797,0,2.195335627,0,0.129044100642204,0.0377399474382401,0.870093822479248,0.099469430744648,11.6237506866455,10.2020692825317,54.596134185791,17.8632793426514,0.428210973739624,0,0,
18,6.216495037,0,0,0,7.894747734,0,1.581705213,0,1.061532378,0,2.422301769,0,0.138132438063622,0.0402340516448021,0.867397129535675,0.0912283509969711,11.3828725814819,10.1813316345215,54.5382843017578,16.7536640167236,0.402787387371063,0,0,
19,6.939947605,0,0,0,8.382509232,0,1.685768127,0,1.120144248,0,2.65568161,0,0.146963253617287,0.0426131300628185,0.876292049884796,0.0868072733283043,11.1249017715454,10.158971786499,54.4835166931152,15.7199153900146,0.387158751487732,0,0,
20,7.694077969,0,0,0,8.851408005,0,1.788736224,0,1.175625324,0,2.894571781,0,0.155514940619469,0.0448716804385185,0.894189178943634,0.0852740705013275,10.8532409667969,10.1357822418213,54.4318199157715,14.7573652267456,0.379062712192535,0,0,
21,8.476385117,0,0,0,9.299848557,0,1.890399456,0,1.227933049,0,3.138059616,0,0.163771957159042,0.0470066368579865,0.918946623802185,0.0859281420707703,10.570930480957,10.1123609542847,54.3831367492676,13.8616304397583,0.376708030700684,0,0,
22,9.28423214,0,0,0,9.7265625,0,1.990570784,0,1.27707231,0,3.385231018,0,0.171724006533623,0.0490169934928417,0.948797821998596,0.0882411748170853,10.2806739807129,10.0891494750977,54.3373832702637,13.0285930633545,0.378676205873489,0,0,
23,10.11487103,0,0,0,10.13059044,0,2.089084148,0,1.323087811,0,3.635181427,0,0.179365292191505,0.0509035140275955,0.982290625572205,0.0918131470680237,9.9848747253418,10.0664672851563,54.2944564819336,12.2543811798096,0.383843928575516,0,0,
24,11.38974857,0,0,0,10.09671497,0,2.149599075,0,1.365226865,0,3.881978989,0,0.186122804880142,0.0526538789272308,1.01358819007874,0.0963208377361298,9.68565845489502,10.0438346862793,54.2542152404785,11.5367279052734,0.389514625072479,0,0,
25,12.18389893,0,0,0,10.33006573,0,2.22444582,0,1.398886323,0,4.093040943,0,0.191950023174286,0.0541729331016541,1.04123866558075,0.101380318403244,9.38494205474854,10.020658493042,54.2163581848145,10.8718814849854,0.394835859537125,0,0,
26,12.98464203,0,0,0,10.55828857,0,2.299187422,0,1.43081975,0,4.306130409,0,0.197476655244827,0.0554879307746887,1.06894934177399,0.106725081801414,9.0844030380249,9.99704170227051,54.1806106567383,10.2549123764038,0.401025742292404,0,0,
27,13.79000664,0,0,0,10.781362530000001,0,2.373739481,0,1.4610545639999999,0,4.520758629,0,0.202828496694565,0.0567206367850304,1.09666800498962,0.112295486032963,8.78545951843262,9.97316455841064,54.1468620300293,9.68278312683105,0.407852649688721,0,0,
28,14.60031509,0,0,0,10.99984169,0,2.448220968,0,1.489704728,0,4.737035275,0,0.208035886287689,0.0578868389129639,1.12434303760529,0.118045687675476,8.48934364318848,9.9492130279541,54.1150245666504,9.15264415740967,0.415137141942978,0,0,
29,15.41364384,0,0,0,11.21362019,0,2.522532701,0,1.516799808,0,4.954454899,0,0.213109761476517,0.0589907690882683,1.15192627906799,0.123940125107765,8.19712257385254,9.92536449432373,54.0850105285645,8.66182136535645,0.422740250825882,0,0,
30,16.22595215,0,0,0,11.42204189,0,2.596379757,0,1.542312384,0,5.171938896,0,0.218046516180038,0.0600329376757145,1.17935717105865,0.129946425557137,7.90970993041992,9.90177631378174,54.0567474365234,8.20779609680176,0.430549651384354,0,0,
31,17.03980637,0,0,0,11.62613964,0,2.670060873,0,1.566425085,0,5.39016819,0,0.222850412130356,0.0610161162912846,1.20658493041992,0.13603900372982,7.62788581848145,9.87859630584717,54.0301475524902,7.78820705413818,0.438478738069534,0,0,
32,17.85123825,0,0,0,11.82523441,0,2.74327445,0,1.589117646,0,5.608066082,0,0.227527529001236,0.0619434528052807,1.23356783390045,0.142197355628014,7.35230541229248,9.85595893859863,54.0051383972168,7.40083789825439,0.446461081504822,0,0,
33,18.6606369,0,0,0,12.0197401,0,2.816109419,0,1.610499263,0,5.825720787,0,0.232078671455383,0.0628168359398842,1.26026320457458,0.148402512073517,7.08351516723633,9.83398628234863,53.9816474914551,7.04360437393188,0.454443424940109,0,0,
34,19.46626282,0,0,0,12.2095232,0,2.888456583,0,1.630617023,0,6.042644978,0,0.236508801579475,0.063639223575592,1.28663682937622,0.154638901352882,6.82196283340454,9.8127908706665,53.959602355957,6.71455192565918,0.462385177612305,0,0,
35,20.266407010000002,0,0,0,12.39445496,0,2.960205078,0,1.649521112,0,6.258356094,0,0.24081870913505601,0.0644126385450363,1.31265389919281,0.16089129447937,6.5680079460144,9.79246997833252,53.9389419555664,6.41183948516846,0.47025328874588,0,0,
36,21.06144905,0,0,0,12.57487202,0,3.031425953,0,1.66730845,0,6.472931385,0,0.245012655854225,0.0651398822665215,1.33828663825989,0.167146846652031,6.32193088531494,9.77311515808105,53.9196014404297,6.13374137878418,0.478022754192352,0,0,
37,21.85173798,0,0,0,12.75107765,0,3.102186203,0,1.684066534,0,6.686443329,0,0.249099537730217,0.065824493765831,1.36352050304413,0.173396572470665,6.08394241333008,9.75481033325195,53.9015235900879,5.87864398956299,0.485676765441895,0,0,
38,22.63354111,0,0,0,12.9224596,0,3.172178268,0,1.699795008,0,6.897861481,0,0.253080278635025,0.0664683729410172,1.38833618164063,0.179630219936371,5.85419034957886,9.73762893676758,53.8846473693848,5.64502620697021,0.493200689554214,0,0,
39,23.40924072,0,0,0,13.08974648,0,3.24164319,0,1.714616776,0,7.107803345,0,0.2569580078125,0.0670738890767097,1.41271793842316,0.185838609933853,5.63276767730713,9.72163677215576,53.8689308166504,5.43146181106567,0.500583648681641,0,0,
40,24.17714119,0,0,0,13.25274086,0,3.310451508,0,1.728566885,0,7.315787315,0,0.260740131139755,0.0676440522074699,1.43665981292725,0.192015424370766,5.41971826553345,9.7068920135498,53.8543281555176,5.23661661148071,0.507819354534149,0,0,
41,24.93558884,0,0,0,13.41128635,0,3.378474474,0,1.741682172,0,7.521346092,0,0.264426589012146,0.0681804716587067,1.46014940738678,0.198152408003807,5.21504306793213,9.69344520568848,53.8407859802246,5.05923223495483,0.514901340007782,0,0,
42,25.6849041,0,0,0,13.56562424,0,3.445757627,0,1.754031539,0,7.724544048,0,0.268019407987595,0.0686851590871811,1.48317646980286,0.204241931438446,5.01870632171631,9.68133735656738,53.8282661437988,4.89812707901001,0.521824896335602,0,0,
43,26.42539024,0,0,0,13.71596241,0,3.512342215,0,1.765676737,0,7.925443649,0,0.271524608135223,0.0691606178879738,1.50573825836182,0.210278794169426,4.83063840866089,9.67060565948486,53.8167304992676,4.75219678878784,0.528588354587555,0,0,
44,27.15345192,0,0,0,13.8617363,0,3.577917337,0,1.776617527,0,8.123052597,0,0.274941295385361,0.0696082189679146,1.52782547473907,0.216255649924278,4.65074157714844,9.66127681732178,53.8061447143555,4.62039709091187,0.535188794136047,0,0,
45,27.87326431,0,0,0,14.00392628,0,3.642867088,0,1.786967278,0,8.31848526,0,0.278273940086365,0.0700300708413124,1.54943609237671,0.222167506814003,4.47889375686646,9.6533727645874,53.7964668273926,4.50175380706787,0.541625678539276,0,0,
46,28.58314705,0,0,0,14.14232063,0,3.707050085,0,1.796746135,0,8.51127243,0,0.281531512737274,0.0704287812113762,1.57057917118073,0.228013008832932,4.31495141983032,9.64691543579102,53.7876777648926,4.39536285400391,0.547902047634125,0,0,
47,29.28144836,0,0,0,14.2767334,0,3.770321131,0,1.80597508,0,8.70095253,0,0.284712761640549,0.0708053037524223,1.59125435352325,0.233787715435028,4.15875387191772,9.64191722869873,53.7797431945801,4.30036735534668,0.554018497467041,0,0,
48,29.96842766,0,0,0,14.40732956,0,3.832709074,0,1.814698577,0,8.887580872,0,0.287817746400833,0.0711609274148941,1.61145913600922,0.239486813545227,4.01012516021729,9.63838386535645,53.772632598877,4.21596145629883,0.559975326061249,0,0,
49,30.64432335,0,0,0,14.53427696,0,3.894236565,0,1.8229568,0,9.071212769,0,0.290849983692169,0.0714972466230392,1.63119614124298,0.245107114315033,3.86887764930725,9.63631820678711,53.7663269042969,4.14139175415039,0.565774381160736,0,0,
50,31.309375760000002,0,0,0,14.65771866,0,3.954928637,0,1.830786586,0,9.25190258,0,0.293813496828079,0.0718158185482025,1.65047097206116,0.250646650791168,3.73481369018555,9.63571739196777,53.760799407959,4.07595539093018,0.571418404579163,0,0,
51,31.9619236,0,0,0,14.77746487,0,4.014635563,0,1.838200331,0,9.429192543,0,0.296708643436432,0.0721176564693451,1.66928660869598,0.256102472543716,3.60772705078125,9.63657760620117,53.7560348510742,4.01899003982544,0.576909303665161,0,0,
52,32.60218811,0,0,0,14.89364624,0,4.073371887,0,1.84523046,0,9.603134155,0,0.299534976482391,0.072403647005558,1.6876425743103,0.261470854282379,3.48740577697754,9.63888359069824,53.7520027160645,3.96987128257751,0.582248330116272,0,0,
53,33.23223495,0,0,0,15.0067482,0,4.131330013,0,1.851926208,0,9.774283409,0,0.302298158407211,0.072675347328186,1.70554804801941,0.266751319169998,3.37363362312317,9.64262199401855,53.7486877441406,3.92802166938782,0.587439179420471,0,0,
54,33.85038757,0,0,0,15.11652756,0,4.188351631,0,1.858293414,0,9.942175865,0,0.305001527070999,0.0729338601231575,1.72301340103149,0.271943807601929,3.26619148254395,9.64777755737305,53.7460746765137,3.89290308952332,0.592485785484314,0,0,
55,34.45684052,0,0,0,15.22312164,0,4.244452477,0,1.864356875,0,10.10686302,0,0.307644695043564,0.0731798559427261,1.74004340171814,0.277046740055084,3.1648588180542,9.65433025360107,53.7441482543945,3.86400628089905,0.597390830516815,0,0,
56,35.04993439,0,0,0,15.32631874,0,4.299472809,0,1.870121121,0,10.26789093,0,0.310226261615753,0.0734139233827591,1.75663983821869,0.282057493925095,3.06941413879395,9.66225337982178,53.7428894042969,3.84085083007813,0.602156043052673,0,0,
57,35.63349915,0,0,0,15.42686462,0,4.353764534,0,1.875642061,0,10.42629433,0,0.312750846147537,0.0736371874809265,1.7728123664856,0.286976218223572,2.97963666915894,9.67152214050293,53.7422866821289,3.822993516922,0.60678505897522,0,0,
58,36.20403671,0,0,0,15.52422142,0,4.406998634,0,1.880903125,0,10.58112335,0,0.315220981836319,0.0738504528999329,1.7885707616806,0.291803389787674,2.89530730247498,9.68210983276367,53.7423286437988,3.81002068519592,0.61128169298172,0,0,
59,36.76171494,0,0,0,15.6184988,0,4.45918417,0,1.885923147,0,10.73242283,0,0.317632377147675,0.0740538537502289,1.80391466617584,0.296535938978195,2.81620860099792,9.6939811706543,53.742992401123,3.80153512954712,0.615647077560425,0,0,
60,37.31029129,0,0,0,15.71039009,0,4.510666847,0,1.890749335,0,10.88121033,0,0.319991707801819,0.0742485597729683,1.81885671615601,0.301175624132156,2.74212622642517,9.70710563659668,53.7442741394043,3.7971773147583,0.619885683059692,0,0,
61,37.84449387,0,0,0,15.79907513,0,4.560945988,0,1.895348907,0,11.02605438,0,0.322298437356949,0.0744349509477615,1.8334037065506,0.305722117424011,2.67284965515137,9.7214469909668,53.7461624145508,3.79660558700562,0.624000310897827,0,0,
62,38.36985016,0,0,0,15.88553715,0,4.610537052,0,1.899781108,0,11.16845417,0,0.324553430080414,0.0746135264635086,1.84756302833557,0.310175478458405,2.6081714630127,9.73696994781494,53.7486381530762,3.79950213432312,0.627993941307068,0,0,
63,38.88288498,0,0,0,15.96924877,0,4.65910387,0,1.904027224,0,11.30746841,0,0.32676100730896,0.074785053730011,1.8613475561142,0.314537823200226,2.54788875579834,9.75364017486572,53.7517013549805,3.80557513237,0.631870925426483,0,0,
64,39.38372803,0,0,0,16.05029297,0,4.706653118,0,1.908098459,0,11.44313145,0,0.328916728496552,0.0749495029449463,1.87475883960724,0.318807333707809,2.49180388450623,9.7714147567749,53.7553367614746,3.81454133987427,0.635632753372192,0,0,
65,39.87427521,0,0,0,16.12903786,0,4.75335741,0,1.912019491,0,11.57596111,0,0.331023573875427,0.0751074701547623,1.88780522346497,0.322984725236893,2.43972325325012,9.79025554656982,53.7595329284668,3.82614207267761,0.639282464981079,0,0,
66,40.35461807,0,0,0,16.20552635,0,4.799219608,0,1.915798545,0,11.70598125,0,0.333085894584656,0.0752596110105515,1.90049982070923,0.327072560787201,2.3914589881897,9.81012344360352,53.7642822265625,3.84014177322388,0.642824351787567,0,0,
67,40.82133102,0,0,0,16.27927399,0,4.843905926,0,1.919416785,0,11.8322649,0,0.335099160671234,0.0754058212041855,1.91284441947937,0.331069320440292,2.34682822227478,9.83097648620605,53.7695770263672,3.85630893707275,0.646259844303131,0,0,
68,41.27980804,0,0,0,16.35117722,0,4.887924671,0,1.922922492,0,11.95627594,0,0.3370660841465,0.0755465850234032,1.9248468875885,0.334975957870483,2.3056538105011,9.85277271270752,53.7754096984863,3.87443375587463,0.649591743946075,0,0,
69,41.72660446,0,0,0,16.4207325,0,4.930940628,0,1.9262954,0,12.07708263,0,0.338990718126297,0.0756824612617493,1.93651986122131,0.338795125484467,2.2677640914917,9.87547206878662,53.7817687988281,3.89432573318481,0.6528240442276,0,0,
70,42.16357422,0,0,0,16.48827171,0,4.973124504,0,1.929554701,0,12.19518852,0,0.34087136387825,0.0758134871721268,1.94786942005157,0.342527210712433,2.23299288749695,9.89903163909912,53.7886505126953,3.91580152511597,0.655959129333496,0,0,
71,42.58903503,0,0,0,16.55357361,0,5.014307022,0,1.932693481,0,12.31014156,0,0.342708051204681,0.0759398862719536,1.95890176296234,0.346172660589218,2.20117974281311,9.92340850830078,53.7960357666016,3.93869042396545,0.658999383449554,0,0,
72,43.00657272,0,0,0,16.6172123,0,5.054829121,0,1.9357421399999999,0,12.42290974,0,0.344504207372665,0.0760620832443237,1.96962749958038,0.349733769893646,2.17216968536377,9.94856357574463,53.8039283752441,3.96283888816834,0.661948204040527,0,0,
73,43.41275406,0,0,0,16.67871475,0,5.094352245,0,1.938679457,0,12.53257275,0,0.346260726451874,0.0761802867054939,1.98005604743958,0.353212416172028,2.14581346511841,9.97445487976074,53.812313079834,3.98810315132141,0.664808630943298,0,0,
74,43.80766678,0,0,0,16.73811531,0,5.132876873,0,1.941510439,0,12.63915157,0,0.347972333431244,0.0762942507863045,1.99018633365631,0.356606632471085,2.12196803092957,10.0010375976563,53.8211898803711,4.01433897018433,0.66758120059967,0,0,
75,44.19484711,0,0,0,16.7959938,0,5.170743465,0,1.944263577,0,12.74360847,0,0.349644064903259,0.0764045268297195,2.00002837181091,0.359918653964996,2.1004946231842,10.0282716751099,53.8305435180664,4.04142141342163,0.670269072055817,0,0,
76,44.57261658,0,0,0,16.85210419,0,5.207780361,0,1.946929693,0,12.84548473,0,0.351280093193054,0.0765115022659302,2.00959539413452,0.363151967525482,2.08126091957092,10.0561170578003,53.8403739929199,4.06924152374268,0.672876060009003,0,0,
77,44.93930435,0,0,0,16.90624809,0,5.243819237,0,1.949499846,0,12.94434071,0,0.352875620126724,0.0766149163246155,2.0188889503479,0.366305828094482,2.06413960456848,10.0845327377319,53.8506698608398,4.09768486022949,0.675403237342834,0,0,
78,45.29842758,0,0,0,16.95894814,0,5.27919817,0,1.952000976,0,13.04111958,0,0.354432791471481,0.0767150521278381,2.02791595458984,0.369381606578827,2.04900860786438,10.1134786605835,53.8614234924316,4.12665128707886,0.677852928638458,0,0,
79,45.6483078,0,0,0,17.01000786,0,5.313746929,0,1.954423666,0,13.13537407,0,0.35595515370369,0.076812244951725,2.03668737411499,0.372382134199142,2.03575086593628,10.1429166793823,53.8726272583008,4.15605306625366,0.680228292942047,0,0,
80,45.9889946,0,0,0,17.05945206,0,5.347467422,0,1.956770301,0,13.22712421,0,0.357440561056137,0.0769064128398895,2.04520773887634,0.37530791759491,2.02425456047058,10.1728086471558,53.8842735290527,4.18580198287964,0.682531177997589,0,0,
81,46.32225418,0,0,0,17.10753632,0,5.380527496,0,1.95905447,0,13.3168354,0,0.358891755342484,0.0769978240132332,2.05348587036133,0.378161191940308,2.01441264152527,10.2031164169312,53.8963584899902,4.21582269668579,0.684764266014099,0,0,
82,46.6446991,0,0,0,17.15382957,0,5.412584305,0,1.961254954,0,13.40361214,0,0.360306322574615,0.077086366713047,2.0615246295929,0.380941957235336,2.00612306594849,10.2338027954102,53.9088745117188,4.24603796005249,0.686928689479828,0,0,
83,46.96151352,0,0,0,17.19906425,0,5.444150448,0,1.963408113,0,13.48884106,0,0.361686915159225,0.0771723091602325,2.06933164596558,0.383652031421661,1.99928832054138,10.2648305892944,53.9218101501465,4.2763819694519,0.689026892185211,0,0,
84,47.26760483,0,0,0,17.24255753,0,5.474714279,0,1.965481162,0,13.57116222,0,0.363034129142761,0.0772557258605957,2.07691359519959,0.386292904615402,1.99381518363953,10.2961664199829,53.9351577758789,4.30679416656494,0.691060781478882,0,0,
85,47.56813431,0,0,0,17.28504372,0,5.504784584,0,1.967509747,0,13.65195847,0,0.364348083734512,0.0773366913199425,2.08427596092224,0.388865798711777,1.98961508274078,10.3277740478516,53.948917388916,4.33721685409546,0.693032264709473,0,0,
86,47.85972595,0,0,0,17.32606506,0,5.534019947,0,1.96947217,0,13.73032665,0,0.365631908178329,0.0774154514074326,2.09142756462097,0.3913733959198,1.98660349845886,10.3596229553223,53.9630813598633,4.36760234832764,0.694944024085999,0,0,
87,48.14411545,0,0,0,17.36588097,0,5.562590599,0,1.97138083,0,13.80673313,0,0.366883277893066,0.0774918720126152,2.09837222099304,0.393816024065018,1.98470020294189,10.3916807174683,53.9776344299316,4.39790105819702,0.69679719209671,0,0,
88,48.41963196,0,0,0,17.40428352,0,5.590322971,0,1.973225713,0,13.8807354,0,0.368101686239243,0.0775659680366516,2.1051127910614,0.396194070577621,1.9838285446167,10.4239130020142,53.9925727844238,4.42806673049927,0.698592960834503,0,0,
89,48.68971252,0,0,0,17.44175911,0,5.617560863,0,1.975030303,0,13.9532547,0,0.369290143251419,0.0776379927992821,2.11165618896484,0.398509532213211,1.98391592502594,10.4562902450562,54.0078964233398,4.45806074142456,0.700333476066589,0,0,
90,48.95097733,0,0,0,17.47785759,0,5.643959522,0,1.976772785,0,14.02338791,0,0.370449244976044,0.0777080059051514,2.11800909042358,0.400764018297195,1.98489332199097,10.4887809753418,54.0235939025879,4.48784875869751,0.702020585536957,0,0,
91,49.20685196,0,0,0,17.513057709999998,0,5.669859886,0,1.978476524,0,14.09205341,0,0.371579110622406,0.0777760222554207,2.1241762638092,0.402958750724792,1.98669540882111,10.5213594436646,54.0396575927734,4.5173978805542,0.70365583896637,0,0,
92,49.4556694,0,0,0,17.54714394,0,5.695091724,0,1.980130792,0,14.15880394,0,0.372682720422745,0.0778422653675079,2.13016629219055,0.405096501111984,1.98925983905792,10.5539979934692,54.056079864502,4.54668283462524,0.705241620540619,0,0,
93,49.69745255,0,0,0,17.58013153,0,5.719654083,0,1.981736302,0,14.22365093,0,0.373757749795914,0.0779066160321236,2.135981798172,0.407177537679672,1.99252820014954,10.586669921875,54.0728569030762,4.57567453384399,0.706778883934021,0,0,
94,49.93221664,0,0,0,17.61203575,0,5.743541241,0,1.983293414,0,14.28659821,0,0.374803721904755,0.0779690444469452,2.14162516593933,0.409202218055725,1.99644482135773,10.6193494796753,54.0899810791016,4.60434722900391,0.708268642425537,0,0,
95,50.16168213,0,0,0,17.64310646,0,5.766929626,0,1.984814048,0,14.34810829,0,0.375823497772217,0.0780297815799713,2.14710330963135,0.411172568798065,2.00095701217651,10.6520109176636,54.1074409484863,4.63268136978149,0.709712624549866,0,0,
96,50.38417435,0,0,0,17.6731205,0,5.789644718,0,1.986287236,0,14.40773296,0,0.376817643642426,0.0780888646841049,2.15242147445679,0.413090109825134,2.0060148239135702,10.6846323013306,54.1252365112305,4.66065883636475,0.711112558841705,0,0,
97,50.60140228,0,0,0,17.70231819,0,5.811858177,0,1.987724781,0,14.46593475,0,0.377786368131638,0.0781463086605072,2.15758395195007,0.414956003427505,2.01157116889954,10.7171907424927,54.1433525085449,4.68826246261597,0.712469637393951,0,0,
98,50.81337738,0,0,0,17.73069954,0,5.833564758,0,1.989126682,0,14.5227108,0,0.378732472658157,0.0782023146748543,2.16259860992432,0.416772812604904,2.01758170127869,10.7496671676636,54.1617889404297,4.71548271179199,0.713786005973816,0,0,
99,51.01843262,0,0,0,17.7580719,0,5.854598999,0,1.99048233,0,14.57762337,0,0.379653722047806,0.0782567486166954,2.16746759414673,0.418540894985199,2.02400493621826,10.782039642334,54.1805381774902,4.74230432510376,0.715062439441681,0,0,
100,51.21827316,0,0,0,17.7846508,0,5.875125885,0,1.991803169,0,14.63112545,0,0.380549609661102,0.0783095806837082,2.17219305038452,0.420260488986969,2.03080129623413,10.8142881393433,54.1995964050293,4.768714427948,0.716299653053284,0,0,
101,51.41291046,0,0,0,17.81045723,0,5.895146847,0,1.993089199,0,14.68322182,0,0.381422966718674,0.0783610120415688,2.17678046226501,0.421933531761169,2.03793358802795,10.8463935852051,54.2189521789551,4.79470539093018,0.717499315738678,0,0,
102,51.60067749,0,0,0,17.83527184,0,5.914489269,0,1.99432981,0,14.73346901,0,0.382271379232407,0.0784109011292458,2.18123054504395,0.423559844493866,2.04536724090576,10.8783378601074,54.238597869873,4.82026481628418,0.718661785125732,0,0,
103,51.78494644,0,0,0,17.85954475,0,5.933495522,0,1.995547056,0,14.78276539,0,0.383097290992737,0.0784594044089317,2.18554830551147,0.425140887498856,2.05306887626648,10.910101890564,54.2585334777832,4.84538698196411,0.719788312911987,0,0,
104,51.96405792,0,0,0,17.88308144,0,5.951996326,0,1.996730447,0,14.83067703,0,0.383904248476028,0.0785067528486252,2.18974184989929,0.42667955160141,2.0610077381134,10.9416732788086,54.278751373291,4.87007188796997,0.720881104469299,0,0,
105,52.13633728,0,0,0,17.90563583,0,5.969814301,0,1.997868776,0,14.87674809,0,0.384686976671219,0.0785526037216187,2.19380903244019,0.428174674510956,2.06915497779846,10.9730348587036,54.2992362976074,4.89430856704712,0.721939861774445,0,0,
106,52.30681992,0,0,0,17.92790031,0,5.987468719,0,1.998995304,0,14.92233086,0,0.385450273752213,0.0785972848534584,2.19775676727295,0.429628759622574,2.07748341560364,11.0041732788086,54.3199920654297,4.91809844970703,0.722966432571411,0,0,
107,52.47050476,0,0,0,17.94921875,0,6.004438877,0,2.000077248,0,14.96608639,0,0.386195123195648,0.0786408558487892,2.20159101486206,0.431043595075607,2.08596754074097,11.0350751876831,54.3410034179688,4.94144201278687,0.723962366580963,0,0,
108,52.63073349,0,0,0,17.97002602,0,6.021071911,0,2.001136541,0,15.00891113,0,0.386918753385544,0.0786831304430962,2.20531177520752,0.432419002056122,2.09458351135254,11.065728187561,54.3622703552246,4.96433448791504,0.72492778301239,0,0,
109,52.78586578,0,0,0,17.99012756,0,6.037194252,0,2.002162695,0,15.05036545,0,0.387623578310013,0.0787242725491524,2.20892357826233,0.433756530284882,2.10330939292908,11.0961198806763,54.3837852478027,4.98677778244019,0.725863993167877,0,0,
110,52.93588638,0,0,0,18.00951004,0,6.052803516,0,2.003155231,0,15.09044647,0,0.388307094573975,0.0787641257047653,2.21242618560791,0.435055613517761,2.11212420463562,11.1262369155884,54.4055442810059,5.00876760482788,0.726771116256714,0,0,
111,53.08248901,0,0,0,18.02841377,0,6.06807375,0,2.004125357,0,15.12960815,0,0.388971716165543,0.0788028612732887,2.21582341194153,0.436317533254623,2.12100839614868,11.1560688018799,54.4275398254395,5.03030490875244,0.727650105953217,0,0,
112,53.22566605,0,0,0,18.04681969,0,6.083003521,0,2.005073309,0,15.16784668,0,0.389620870351791,0.0788406953215599,2.21912217140198,0.437544941902161,2.12994408607483,11.1856079101563,54.449764251709,5.0513973236084,0.728502869606018,0,0,
113,53.36377716,0,0,0,18.06453133,0,6.097418785,0,2.005988121,0,15.2047224,0,0.390252292156219,0.0788774639368057,2.22232413291931,0.438738167285919,2.13891434669495,11.2148456573486,54.4722099304199,5.07204532623291,0.729329705238342,0,0,
114,53.49847412,0,0,0,18.08177185,0,6.111494541,0,2.006880522,0,15.24068546,0,0.390865594148636,0.0789131373167038,2.2254304885864298,0.439897447824478,2.14790368080139,11.2437715530396,54.494873046875,5.09225034713745,0.730131208896637,0,0,
115,53.62977219,0,0,0,18.09854507,0,6.125227451,0,2.007750988,0,15.27573586,0,0.391463458538055,0.0789479091763496,2.22844672203064,0.441024720668793,2.15689754486084,11.2723808288574,54.5177459716797,5.11201858520508,0.730908691883087,0,0,
116,53.75769043,0,0,0,18.11483574,0,6.138620377,0,2.00859952,0,15.30987453,0,0.39204666018486,0.0789818316698074,2.23137640953064,0.442121297121048,2.16588282585144,11.300666809082,54.5408248901367,5.13135623931885,0.731663167476654,0,0,
117,53.88055038,0,0,0,18.13045883,0,6.15149498,0,2.009414911,0,15.34266281,0,0.392612159252167,0.0790146812796593,2.23421883583069,0.443186670541763,2.1748468875885,11.3286209106445,54.5641059875488,5.15026330947876,0.732394576072693,0,0,
118,54.00003433,0,0,0,18.14562225,0,6.164026737,0,2.01020813,0,15.37454224,0,0.39315938949585,0.079046443104744,2.23697352409363,0.444220364093781,2.1837785243988,11.3562364578247,54.5875816345215,5.16874122619629,0.733102977275848,0,0,
119,54.11780167,0,0,0,18.16053391,0,6.176391125,0,2.01099062,0,15.40596008,0,0.393694251775742,0.0790775194764137,2.23964786529541,0.445225387811661,2.19266700744629,11.3835096359253,54.6112442016602,5.18680000305176,0.733790159225464,0,0,
120,54.23053741,0,0,0,18.17478371,0,6.188236237,0,2.011739731,0,15.43603134,0,0.394214898347855,0.0791077464818954,2.24224448204041,0.446202367544174,2.20150279998779,11.4104356765747,54.6350898742676,5.20444536209106,0.734456777572632,0,0,
121,54.34157181,0,0,0,18.1887989,0,6.199913979,0,2.012478352,0,15.46564484,0,0.394720911979675,0.0791371092200279,2.24476456642151,0.447151750326157,2.21027684211731,11.4370107650757,54.6591110229492,5.22168159484863,0.735103309154511,0,0,
122,54.44758606,0,0,0,18.20214272,0,6.211071968,0,2.013183594,0,15.49391556,0,0.395212292671204,0.0791656076908112,2.2472095489502,0.448073893785477,2.21898102760315,11.4632301330566,54.6833038330078,5.23851346969604,0.735730111598969,0,0,
123,54.55189514,0,0,0,18.21525192,0,6.222058296,0,2.013878107,0,15.52172661,0,0.395688891410828,0.0791932418942451,2.2495801448822,0.448969006538391,2.22760796546936,11.4890899658203,54.7076644897461,5.25494432449341,0.736337542533875,0,0,
124,54.65285492,0,0,0,18.22792244,0,6.232702732,0,2.014550686,0,15.5486412,0,0.396153748035431,0.079220212996006,2.25188159942627,0.449838995933533,2.23615121841431,11.5145883560181,54.7321853637695,5.27098512649536,0.736926734447479,0,0,
125,54.75212097,0,0,0,18.24036217,0,6.243174076,0,2.015212297,0,15.57510471,0,0.396607488393784,0.0792465358972549,2.25411748886108,0.450685262680054,2.24460434913635,11.5397243499756,54.7568664550781,5.28664302825928,0.737498700618744,0,0,
126,54.84637833,0,0,0,18.25214958,0,6.253125668,0,2.015840769,0,15.60022736,0,0.397047132253647,0.0792720019817352,2.25628709793091,0.451507180929184,2.25296187400818,11.5644950866699,54.7816925048828,5.30192184448242,0.738053381443024,0,0,
127,54.94060516,0,0,0,18.2639122,0,6.263081074,0,2.016469479,0,15.6253376,0,0.397475123405457,0.0792968049645424,2.25839304924011,0.452305972576141,2.2612190246582,11.5889005661011,54.8066711425781,5.31682968139648,0.738591432571411,0,0,
128,55.02984238,0,0,0,18.27504349,0,6.272515297,0,2.017065287,0,15.64911842,0,0.397891968488693,0.0793209746479988,2.26043844223022,0.453082501888275,2.26937127113342,11.6129388809204,54.831787109375,5.331374168396,0.739113688468933,0,0,
129,55.11739349,0,0,0,18.28594017,0,6.281777859,0,2.017650127,0,15.6724453,0,0.398294717073441,0.0793442949652672,2.26242113113403,0.453835874795914,2.27741479873657,11.6366081237793,54.8570365905762,5.34555673599243,0.739619672298431,0,0,
130,55.20161057,0,0,0,18.29641342,0,6.29069519,0,2.018213034,0,15.69488335,0,0.398685812950134,0.0793669372797012,2.26434350013733,0.454567015171051,2.28534579277039,11.6599063873291,54.8824195861816,5.35938453674316,0.740110039710999,0,0,
131,55.28415298,0,0,0,18.30665779,0,6.299438477,0,2.018764734,0,15.71687126,0,0.39906570315361,0.0793889462947845,2.2662076950073202,0.45527657866478,2.29316139221191,11.6828355789185,54.9079284667969,5.37286329269409,0.740585267543793,0,0,
132,55.36501694,0,0,0,18.31667709,0,6.308008671,0,2.019305706,0,15.73840714,0,0.399437427520752,0.0794105008244514,2.26801896095276,0.455966770648956,2.30085921287537,11.7053956985474,54.9335594177246,5.38600540161133,0.741046726703644,0,0,
133,55.44255066,0,0,0,18.32626915,0,6.316232681,0,2.019824982,0,15.75905609,0,0.399798631668091,0.0794314220547676,2.26977753639221,0.456637531518936,2.30843639373779,11.7275896072388,54.9593086242676,5.39881610870361,0.741494476795197,0,0,
134,55.51841736,0,0,0,18.33565903,0,6.324284077,0,2.020333052,0,15.7792635,0,0.400148868560791,0.0794517025351524,2.27148389816284,0.457288861274719,2.31589150428772,11.7494163513184,54.9851722717285,5.41130113601685,0.741928696632385,0,0,
135,55.59260941,0,0,0,18.34481812,0,6.332163334,0,2.020830154,0,15.79901886,0,0.400491058826447,0.0794715285301209,2.27314233779907,0.457922428846359,2.32322311401367,11.7708787918091,55.0111427307129,5.42346954345703,0.742350459098816,0,0,
136,55.66348267,0,0,0,18.35356522,0,6.339694023,0,2.021305323,0,15.81789207,0,0.400822728872299,0.0794907212257385,2.27475190162659,0.458537817001343,2.3304295539856,11.7919759750366,55.0372161865234,5.43532562255859,0.742759644985199,0,0,
137,55.73269653,0,0,0,18.36208153,0,6.347049713,0,2.021769524,0,15.83631611,0,0.401143312454224,0.0795092657208443,2.27631187438965,0.459134727716446,2.33750987052917,11.8127107620239,55.0633888244629,5.44687366485596,0.7431560754776,0,0,
138,55.80023575,0,0,0,18.37039566,0,6.354233742,0,2.022222996,0,15.85429764,0,0.401455789804459,0.0795273780822754,2.27782607078552,0.459714531898499,2.34446334838867,11.8330841064453,55.0896606445313,5.45812273025513,0.743540644645691,0,0,
139,55.86446762,0,0,0,18.37828445,0,6.361069202,0,2.022654057,0,15.87139511,0,0.401757776737213,0.0795448496937752,2.27929329872131,0.460276693105698,2.35128974914551,11.8530979156494,55.116024017334,5.46907615661621,0.743913233280182,0,0,
140,55.92868423,0,0,0,18.38617897,0,6.367906094,0,2.023085594,0,15.88848972,0,0.402051687240601,0.0795618668198586,2.28071665763855,0.460822403430939,2.35798835754395,11.8727540969849,55.1424713134766,5.47974157333374,0.74427455663681,0,0,
141,55.98958588,0,0,0,18.39364052,0,6.374393463,0,2.02349472,0,15.90469742,0,0.402338057756424,0.0795784518122673,2.28209853172302,0.461352556943893,2.36455917358398,11.8920555114746,55.1689987182617,5.4901270866394,0.744625151157379,0,0,
142,56.05047989,0,0,0,18.40110397,0,6.38088274,0,2.023904324,0,15.92090225,0,0.402617007493973,0.079594612121582,2.28344058990479,0.461867809295654,2.3710024356842,11.9110069274902,55.1956062316895,5.50023984909058,0.744965374469757,0,0,
143,56.10807037,0,0,0,18.40815353,0,6.387022495,0,2.024291515,0,15.9362278,0,0.402888506650925,0.0796103328466415,2.28474426269531,0.462368726730347,2.37731862068176,11.9296092987061,55.2222900390625,5.51008653640747,0.745295703411102,0,0,
144,56.16399765,0,0,0,18.41498375,0,6.392987728,0,2.024667978,0,15.95110893,0,0.403149574995041,0.0796254351735115,2.28600668907166,0.462854027748108,2.38350796699524,11.9478664398193,55.2490463256836,5.5196681022644,0.745615541934967,0,0,
145,56.21990967,0,0,0,18.42182159,0,6.398954868,0,2.025044441,0,15.96598911,0,0.403405576944351,0.0796402618288994,2.28723359107971,0.463326007127762,2.38957118988037,11.9657802581787,55.2758712768555,5.52899646759033,0.745926260948181,0,0,
146,56.2725296,0,0,0,18.42823792,0,6.404571533,0,2.02539897,0,15.97998714,0,0.40365469455719,0.0796546936035156,2.28842544555664,0.46378481388092,2.3955090045929,11.9833564758301,55.3027572631836,5.53807687759399,0.746227920055389,0,0,
147,56.32349014,0,0,0,18.43444824,0,6.410013676,0,2.025742292,0,15.99354267,0,0.403893411159515,0.0796684920787811,2.28957867622375,0.464228898286819,2.40132236480713,12.0005960464478,55.329704284668,5.54690980911255,0.746519804000854,0,0,
148,56.374443050000004,0,0,0,18.44066048,0,6.415458202,0,2.026085854,0,16.00709915,0,0.404127091169357,0.0796820372343063,2.29069828987122,0.464660376310349,2.40701246261597,12.017502784729,55.3567123413086,5.55550479888916,0.746803104877472,0,0,
149,56.42209625,0,0,0,18.44646072,0,6.420550823,0,2.026407242,0,16.01977539,0,0.404353827238083,0.0796951577067375,2.2917845249176,0.46507915854454,2.41258001327515,12.0340805053711,55.3837699890137,5.56386661529541,0.747077882289886,0,0,
150,56.46974182,0,0,0,18.45226097,0,6.425644875,0,2.026728868,0,16.03244781,0,0.404573142528534,0.0797078534960747,2.29283761978149,0.465485274791718,2.41802668571472,12.0503311157227,55.4108810424805,5.57200002670288,0.747344136238098,0,0,
151,56.51573563,0,0,0,18.4578495,0,6.43056488,0,2.027039051,0,16.04468346,0,0.404788076877594,0.0797203183174133,2.293860912323,0.465880274772644,2.42335319519043,12.0662612915039,55.4380340576172,5.57991409301758,0.747602880001068,0,0,
152,56.5600853,0,0,0,18.46323204,0,6.43530941,0,2.027338505,0,16.05647659,0,0.404996126890183,0.079732358455658,2.29485392570496,0.466263711452484,2.4285612106323202,12.0818748474121,55.4652328491211,5.58761262893677,0.747853815555573,0,0,
153,56.60441971,0,0,0,18.46860695,0,6.440056324,0,2.027637959,0,16.06826782,0,0.40519991517067,0.0797441601753235,2.2958197593689,0.466636925935745,2.43365216255188,12.0971765518188,55.4924697875977,5.5951042175293,0.748097598552704,0,0,
154,56.64546585,0,0,0,18.47358513,0,6.444448948,0,2.027915478,0,16.07918167,0,0.40539675951004,0.0797555595636368,2.29675674438477,0.466999232769012,2.43862771987915,12.1121692657471,55.5197486877441,5.60239028930664,0.748334228992462,0,0,
155,56.68650436,0,0,0,18.47855568,0,6.448844433,0,2.028192759,0,16.09009552,0,0.405586242675781,0.0797665193676949,2.29766416549683,0.46735018491745,2.44348931312561,12.1268548965454,55.5470581054688,5.60947418212891,0.748563289642334,0,0,
156,56.72589874,0,0,0,18.48332977,0,6.453066349,0,2.028459311,0,16.10056877,0,0.405771344900131,0.0797772482037544,2.29854512214661,0.467691004276276,2.44823861122131,12.1412401199341,55.5744018554688,5.61636352539063,0.748785555362701,0,0,
157,56.76528549,0,0,0,18.48809814,0,6.457287312,0,2.028725624,0,16.11104584,0,0.405952543020248,0.0797877535223961,2.2994019985199,0.468022674322128,2.45287752151489,12.1553287506104,55.6017723083496,5.62306547164917,0.749001681804657,0,0,
158,56.80138397,0,0,0,18.49245834,0,6.461156368,0,2.028969765,0,16.1206398,0,0.406126976013184,0.0797978416085243,2.30023264884949,0.468344241380692,2.45740723609924,12.1691236495972,55.6291694641113,5.62958097457886,0.749211192131042,0,0,
159,56.83747482,0,0,0,18.49682236,0,6.465027332,0,2.029214144,0,16.13023567,0,0.406294077634811,0.0798075050115585,2.30103540420532,0.468655049800873,2.46182990074158,12.1826286315918,55.6565856933594,5.63591194152832,0.749413669109344,0,0,
160,56.87356567,0,0,0,18.50117302,0,6.46889782,0,2.029458284,0,16.13982773,0,0.406459778547287,0.0798171162605286,2.30181670188904,0.468957811594009,2.46614694595337,12.1958503723145,55.684024810791,5.64206981658936,0.749610602855682,0,0,
161,56.90800476,0,0,0,18.50532913,0,6.4725914,0,2.029691696,0,16.148983,0,0.40662208199501,0.0798265263438225,2.30257773399353,0.469252943992615,2.47036027908325,12.2087926864624,55.711483001709,5.64806079864502,0.749802231788635,0,0,
162,56.94080353,0,0,0,18.5092926,0,6.476113319,0,2.029913902,0,16.1577034,0,0.406777828931808,0.0798355415463448,2.30331563949585,0.469539165496826,2.47447204589844,12.2214603424072,55.738956451416,5.65388441085815,0.74998813867569,0,0,
163,56.97359848,0,0,0,18.51324463,0,6.479632378,0,2.030136108,0,16.16642189,0,0.40692925453186,0.0798443108797073,2.30403184890747,0.469817131757736,2.4784836769104,12.2338571548462,55.7664375305176,5.65954637527466,0.75016862154007,0,0,
164,57.0047493,0,0,0,18.51699638,0,6.482976913,0,2.030347347,0,16.17470169,0,0.407076805830002,0.0798528641462326,2.30472779273987,0.470087319612503,2.48239731788635,12.2459869384766,55.7939338684082,5.66505146026611,0.750343859195709,0,0,
165,57.0342598,0,0,0,18.5205574,0,6.486146927,0,2.03054738,0,16.18254662,0,0.407217562198639,0.079861007630825,2.30540060997009,0.470348447561264,2.48621439933777,12.2578535079956,55.8214378356934,5.67039918899536,0.750513255596161,0,0,
166,57.06375885,0,0,0,18.52410316,0,6.489315033,0,2.030747414,0,16.19038773,0,0.40735399723053,0.0798688903450966,2.30605173110962,0.470601201057434,2.48993682861328,12.2694597244263,55.8489456176758,5.67559480667114,0.750677227973938,0,0,
167,57.09326553,0,0,0,18.52766037,0,6.492486,0,2.030947685,0,16.19823074,0,0.407489538192749,0.0798767730593681,2.30668640136719,0.470847696065903,2.4935667514801,12.2808122634888,55.8764572143555,5.68064785003662,0.750836968421936,0,0,
168,57.11948776,0,0,0,18.53079987,0,6.495304108,0,2.031125546,0,16.20519638,0,0.407618969678879,0.079884260892868,2.30730056762695,0.471086323261261,2.49710559844971,12.2919149398804,55.9039649963379,5.68555641174316,0.750991523265839,0,0,
169,57.14733887,0,0,0,18.53414917,0,6.498297691,0,2.031314611,0,16.2125988,0,0.407744169235229,0.0798915028572083,2.30789518356323,0.471317380666733,2.50055527687073,12.302770614624,55.9314727783203,5.6903247833252,0.751141130924225,0,0,
170,57.17355347,0,0,0,18.53731155,0,6.501117229,0,2.03149271,0,16.21956825,0,0.407868474721909,0.0798987224698067,2.30847501754761,0.471542924642563,2.5039176940918,12.3133859634399,55.9589805603027,5.69496202468872,0.751286923885345,0,0,
171,57.19812775,0,0,0,18.54025459,0,6.50375843,0,2.031659603,0,16.2260952,0,0.407986611127853,0.0799055546522141,2.30903601646423,0.471761018037796,2.50719451904297,12.3237638473511,55.9864807128906,5.69946622848511,0.751428067684174,0,0,
172,57.22269821,0,0,0,18.54320908,0,6.506401062,0,2.031826258,0,16.23262596,0,0.408100515604019,0.0799121484160423,2.30957865715027,0.471971958875656,2.5103874206543,12.3339061737061,56.013973236084,5.70383977890015,0.751564562320709,0,0,
173,57.24727249,0,0,0,18.54615784,0,6.509045124,0,2.031993389,0,16.23915672,0,0.408213645219803,0.0799187198281288,2.31010723114014,0.472177594900131,2.51349830627441,12.3438205718994,56.0414543151855,5.70809125900269,0.751697421073914,0,0,
174,57.27019882,0,0,0,18.54890633,0,6.511512756,0,2.032149076,0,16.24524879,0,0.408323585987091,0.0799250900745392,2.3106210231781,0.47237765789032,2.51652884483337,12.3535108566284,56.0689239501953,5.71222352981567,0.751826524734497,0,0,
175,57.29312897,0,0,0,18.55164909,0,6.513979912,0,2.032304764,0,16.251338959999998,0,0.408429861068726,0.0799312442541122,2.31111979484558,0.472571939229965,2.51948094367981,12.3629808425903,56.0963821411133,5.7162389755249,0.751951813697815,0,0,
176,57.31441116,0,0,0,18.55420494,0,6.516270638,0,2.032449722,0,16.25699615,0,0.408532381057739,0.079937182366848,2.311603307724,0.472760230302811,2.52235651016235,12.3722343444824,56.1238212585449,5.72013998031616,0.752073287963867,0,0,
177,57.33570099,0,0,0,18.55674934,0,6.518561363,0,2.032594442,0,16.26264954,0,0.408631175756454,0.0799429044127464,2.31207132339478,0.472942501306534,2.5251567363739,12.381275177002,56.1512451171875,5.72392797470093,0.752190887928009,0,0,
178,57.356987,0,0,0,18.55930138,0,6.520853043,0,2.032739162,0,16.26830673,0,0.408729195594788,0.0799485892057419,2.3125274181366,0.473120272159576,2.52788376808167,12.3901081085205,56.1786499023438,5.72761058807373,0.752305448055267,0,0,
179,57.37662888,0,0,0,18.56165886,0,6.5229702,0,2.032872915,0,16.27352715,0,0.408824145793915,0.079954095184803,2.31297063827515,0.473293095827103,2.53053903579712,12.3987369537354,56.2060356140137,5.73118877410889,0.752416789531708,0,0,
180,57.39627838,0,0,0,18.5640049,0,6.525085449,0,2.03300643,0,16.27874565,0,0.408915430307388,0.0799593776464462,2.31340026855469,0.473460584878922,2.53312420845032,12.4071655273438,56.2333984375,5.73466396331787,0.752524673938751,0,0,
181,57.41428375,0,0,0,18.56616211,0,6.527024746,0,2.033128977,0,16.28352928,0,0.409002959728241,0.0799644440412521,2.31381559371948,0.473622471094131,2.53564095497131,12.415397644043,56.2607345581055,5.73803806304932,0.752629041671753,0,0,
182,57.43392563,0,0,0,18.56851196,0,6.529141903,0,2.03326273,0,16.28874779,0,0.409089744091034,0.0799694880843163,2.31422019004822,0.47378021478653,2.53809070587158,12.4234371185303,56.2880439758301,5.74131727218628,0.75273060798645,0,0,
183,57.45029068,0,0,0,18.57046318,0,6.530903816,0,2.033374071,0,16.29309273,0,0.409173369407654,0.0799743309617043,2.31461238861084,0.47393324971199,2.54047536849976,12.4312877655029,56.3153305053711,5.74450254440308,0.752829134464264,0,0,
184,57.46828842,0,0,0,18.57261848,0,6.53284502,0,2.033496618,0,16.29787636,0,0.40925332903862,0.0799789577722549,2.31499147415161,0.474081128835678,2.54279613494873,12.4389514923096,56.342586517334,5.74759483337402,0.75292432308197,0,0,
185,57.48465729,0,0,0,18.57456779,0,6.534607887,0,2.03360796,0,16.30222321,0,0.409332603216171,0.0799835473299026,2.31536078453064,0.474225163459778,2.54505467414856,12.4464340209961,56.3698120117188,5.7505989074707,0.753017008304596,0,0,
186,57.50102234,0,0,0,18.57652664,0,6.536372662,0,2.03371954,0,16.30657005,0,0.409408718347549,0.079987958073616,2.31571841239929,0.474364757537842,2.54725241661072,12.4537391662598,56.3970031738281,5.75351667404175,0.753106772899628,0,0,
187,57.51738739,0,0,0,18.57848167,0,6.538135529,0,2.033830881,0,16.31092072,0,0.409484267234802,0.0799923539161682,2.3160674571991,0.474501043558121,2.54939103126526,12.4608707427979,56.4241676330566,5.75635290145874,0.753194332122803,0,0,
188,57.53210831,0,0,0,18.58023643,0,6.539723873,0,2.033931255,0,16.31482697,0,0.40955662727356,0.0799965411424637,2.31640601158142,0.474633187055588,2.55147194862366,12.4678325653076,56.4512939453125,5.75910806655884,0.753279209136963,0,0,
189,57.54683304,0,0,0,18.5819912,0,6.541311741,0,2.03403163,0,16.31873894,0,0.409625321626663,0.0800005123019218,2.31673240661621,0.474760711193085,2.55349636077881,12.4746265411377,56.478385925293,5.76178073883057,0.75336110591888406,0,0,
190,57.56155396,0,0,0,18.58375359,0,6.542900562,0,2.034131765,0,16.32265091,0,0.409693360328674,0.0800044611096382,2.317049741745,0.47488471865654,2.55546569824219,12.4812574386597,56.5054397583008,5.76437711715698,0.753440737724304,0,0,
191,57.574646,0,0,0,18.5853138,0,6.54431057,0,2.034221172,0,16.3261261,0,0.409758150577545,0.0800082087516785,2.3173565864563,0.475004494190216,2.55738162994385,12.4877271652222,56.5324554443359,5.76689720153809,0.753517746925354,0,0,
192,57.58936691,0,0,0,18.58707619,0,6.545899868,0,2.034321547,0,16.33003998,0,0.409822374582291,0.0800119414925575,2.31765532493591,0.475121200084686,2.55924510955811,12.4940395355225,56.5594291687012,5.7693452835083,0.753592669963837,0,0,
193,57.60245132,0,0,0,18.58863449,0,6.547311306,0,2.034410715,0,16.33351517,0,0.409886479377747,0.0800156742334366,2.31794786453247,0.475235521793365,2.56105732917786,12.5002002716064,56.586368560791,5.77172613143921,0.75366598367691,0,0,
194,57.61553955,0,0,0,18.59019279,0,6.548724174,0,2.034499884,0,16.33698845,0,0.409947603940964,0.0800192058086395,2.31823182106018,0.475346475839615,2.56281995773315,12.5062112808228,56.6132659912109,5.77403879165649,0.753737092018127,0,0,
195,57.62698364,0,0,0,18.59155846,0,6.549957752,0,2.034577847,0,16.34002876,0,0.41000497341156,0.0800225138664246,2.31850552558899,0.475453317165375,2.56453418731689,12.5120754241943,56.6401176452637,5.77628231048584,0.753805696964264,0,0,
196,57.64007187,0,0,0,18.59311295,0,6.551369667,0,2.034667253,0,16.34350395,0,0.410061687231064,0.080025814473629,2.31877088546753,0.475557118654251,2.56620144844055,12.5177946090698,56.6669273376465,5.77846097946167,0.753872275352478,0,0,
197,57.65151978,0,0,0,18.59448242,0,6.552606106,0,2.034745455,0,16.34654427,0,0.410118252038956,0.0800291076302528,2.31903052330017,0.475658625364304,2.56782269477844,12.5233745574951,56.6936912536621,5.78057909011841,0.753937304019928,0,0,
198,57.66296387,0,0,0,18.59584808,0,6.553841591,0,2.034823418,0,16.34958649,0,0.410171806812286,0.0800322070717812,2.31928181648254,0.475756853818893,2.56939911842346,12.5288181304932,56.7204132080078,5.78263521194458,0.754000246524811,0,0,
199,57.67277527,0,0,0,18.59700966,0,6.554900169,0,2.034890175,0,16.35218811,0,0.410221725702286,0.0800350829958916,2.31952261924744,0.475850939750671,2.57093191146851,12.534125328064,56.7470855712891,5.78462839126587,0.754060685634613,0,0,
200,57.68422318,0,0,0,18.59837151,0,6.556136131,0,2.034968376,0,16.35522842,0,0.410270899534225,0.0800379365682602,2.31975555419922,0.475941985845566,2.57242202758789,12.5392999649048,56.7737121582031,5.78656244277954,0.754119157791138,0,0,
201,57.69403458,0,0,0,18.5995388,0,6.557195187,0,2.035035372,0,16.35783577,0,0.410319924354553,0.0800407901406288,2.31998252868652,0.476030766963959,2.57387065887451,12.5443458557129,56.80029296875,5.7884407043457,0.754176080226898,0,0,
202,57.70384216,0,0,0,18.60071182,0,6.558255196,0,2.035102367,0,16.36044121,0,0.410365968942642,0.0800434499979019,2.32020139694214,0.476116269826889,2.57527875900269,12.5492649078369,56.8268203735352,5.79026174545288,0.754230976104736,0,0,
203,57.71365356,0,0,0,18.60187912,0,6.559314251,0,2.035169363,0,16.36304665,0,0.410411357879639,0.0800460800528526,2.32041382789612,0.476199299097061,2.57664752006531,12.5540609359741,56.8532981872559,5.79202938079834,0.754284262657166,0,0,
204,57.72346115,0,0,0,18.60304451,0,6.560373306,0,2.035236359,0,16.36565018,0,0.410456627607346,0.0800487250089645,2.32062149047852,0.476280510425568,2.57797789573669,12.5587368011475,56.8797264099121,5.79374694824219,0.75433623790741,0,0,
205,57.73327637,0,0,0,18.60421753,0,6.561431885,0,2.035303354,0,16.36825943,0,0.41050186753273,0.0800513550639153,2.32082533836365,0.476360350847244,2.57927107810974,12.5632963180542,56.9061050415039,5.79541826248169,0.754387259483337,0,0,
206,57.74144745,0,0,0,18.60518265,0,6.562313557,0,2.035358906,0,16.37042809,0,0.410544067621231,0.080053798854351,2.32102251052856,0.476437538862228,2.58052802085876,12.567741394043,56.932430267334,5.79703998565674,0.754436612129211,0,0,
207,57.75125504,0,0,0,18.60634804,0,6.563373566,0,2.035425901,0,16.37303162,0,0.410585671663284,0.0800562053918839,2.32121467590332,0.476512789726257,2.58174967765808,12.572075843811,56.9587020874023,5.79861545562744,0.754484593868256,0,0,
208,57.75942993,0,0,0,18.60732269,0,6.564256191,0,2.035481691,0,16.37520218,0,0.41062718629837,0.0800586193799973,2.32140278816223,0.476586580276489,2.58293700218201,12.576301574707,56.9849166870117,5.80014896392822,0.754531681537628,0,0,
209,57.76760483,0,0,0,18.60829735,0,6.565139771,0,2.03553772,0,16.37737465,0,0.410665661096573,0.0800608396530151,2.32158422470093,0.476657688617706,2.58409094810486,12.5804204940796,57.0110816955566,5.80163669586182,0.754577159881592,0,0,
210,57.77577591,0,0,0,18.60926628,0,6.566022396,0,2.03559351,0,16.3795433,0,0.410703539848328,0.0800630450248718,2.32176065444946,0.476726740598679,2.58521246910095,12.584436416626,57.0371894836426,5.80308151245117,0.75462132692337,0,0,
211,57.7823143,0,0,0,18.61004829,0,6.566729069,0,2.035638094,0,16.38127899,0,0.410738259553909,0.0800650417804718,2.32192921638489,0.4767926633358,2.58630228042603,12.5883483886719,57.0632400512695,5.80448150634766,0.754663527011871,0,0,
212,57.79048538,0,0,0,18.61101913,0,6.567611694,0,2.035693884,0,16.38344955,0,0.410772353410721,0.0800670087337494,2.32209205627441,0.476856291294098,2.58736133575439,12.5921602249146,57.0892333984375,5.8058385848999,0.754704415798187,0,0,
213,57.79702377,0,0,0,18.61179161,0,6.568318367,0,2.035738468,0,16.38518524,0,0.410806328058243,0.0800689905881882,2.32225012779236,0.476918190717697,2.5883903503418,12.595874786377,57.1151695251465,5.80715608596802,0.754744052886963,0,0,
214,57.80519485,0,0,0,18.61276436,0,6.569200993,0,2.035794258,0,16.3873558,0,0.410840302705765,0.0800709649920464,2.3224048614502,0.476978838443756,2.58939027786255,12.5994939804077,57.1410484313965,5.80843687057495,0.754782795906067,0,0,
215,57.81173325,0,0,0,18.61353874,0,6.569907188,0,2.035839081,0,16.38909149,0,0.410874247550964,0.0800729468464851,2.32255697250366,0.477038472890854,2.59036183357239,12.6030225753784,57.1668701171875,5.80968284606934,0.754820883274078,0,0,
216,57.81827545,0,0,0,18.61432266,0,6.570614338,0,2.035883904,0,16.39083099,0,0.410905182361603,0.0800747275352478,2.32270336151123,0.47709584236145,2.59130597114563,12.6064596176147,57.1926345825195,5.81089115142822,0.754857540130615,0,0,
217,57.82481003,0,0,0,18.61509132,0,6.571320534,0,2.035928249,0,16.39256287,0,0.410935491323471,0.0800764858722687,2.32284545898438,0.477151423692703,2.59222316741943,12.609808921814,57.2183380126953,5.81206464767456,0.754893064498901,0,0,
218,57.8313446,0,0,0,18.61587143,0,6.57202673,0,2.035973072,0,16.39429855,0,0.410965651273727,0.0800782442092896,2.32298398017883,0.477205723524094,2.59311437606812,12.6130714416504,57.2439804077148,5.81320476531982,0.754927754402161,0,0,
219,57.83624649,0,0,0,18.61644745,0,6.572557926,0,2.036006451,0,16.39559937,0,0.410992860794067,0.0800798013806343,2.32311630249023,0.477257460355759,2.59398007392883,12.6162490844727,57.2695655822754,5.81430816650391,0.754960834980011,0,0,
220,57.84278488,0,0,0,18.61723137,0,6.573263645,0,2.036051273,0,16.39733696,0,0.411019414663315,0.0800813436508179,2.32324361801147,0.477307230234146,2.5948212146759,12.6193437576294,57.2950859069824,5.81537771224976,0.754992723464966,0,0,
221,57.84768677,0,0,0,18.61781693,0,6.573793888,0,2.036084652,0,16.39863777,0,0.411045849323273,0.0800828784704208,2.32336735725403,0.477355599403381,2.59563827514648,12.6223583221436,57.3205451965332,5.81641626358032,0.755023717880249,0,0,
222,57.85422516,0,0,0,18.61858368,0,6.574501038,0,2.036129475,0,16.40037346,0,0.411072283983231,0.0800844207406044,2.32348823547363,0.477402895689011,2.59643173217773,12.6252946853638,57.345947265625,5.81742477416992,0.755053997039795,0,0,
223,57.85912704,0,0,0,18.61916924,0,6.575031757,0,2.036162853,0,16.40167618,0,0.411098688840866,0.0800859555602074,2.32360672950745,0.47744944691658,2.59720277786255,12.6281547546387,57.3712844848633,5.81840515136719,0.755083680152893,0,0,
224,57.86402893,0,0,0,18.61975098,0,6.575561523,0,2.03619647,0,16.4029789,0,0.411122113466263,0.0800872892141342,2.32371997833252,0.477493762969971,2.59795141220093,12.6309385299683,57.3965606689453,5.81935453414917,0.755112051963806,0,0,
225,57.86893082,0,0,0,18.62033653,0,6.576091766,0,2.036229849,0,16.40427971,0,0.411144912242889,0.0800886228680611,2.32382917404175,0.47753643989563,2.59867882728577,12.6336488723755,57.4217758178711,5.8202748298645,0.755139410495758,0,0,
226,57.8738327,0,0,0,18.62091255,0,6.576621056,0,2.036263466,0,16.40558243,0,0.411167591810226,0.0800899341702461,2.32393503189087,0.477577894926071,2.59938502311707,12.636287689209,57.4469261169434,5.82116794586182,0.755165874958038,0,0,
227,57.87873459,0,0,0,18.62149811,0,6.577151299,0,2.036296844,0,16.40688324,0,0.411190181970596,0.0800912529230118,2.32403826713562,0.477618426084518,2.60007095336914,12.6388578414917,57.4720153808594,5.82203531265259,0.755191743373871,0,0,
228,57.88363647,0,0,0,18.62207413,0,6.577680588,0,2.036330462,0,16.40818214,0,0.411212801933289,0.0800925642251968,2.32413983345032,0.477658271789551,2.60073685646057,12.6413612365723,57.4970397949219,5.82287883758545,0.755217134952545,0,0,
229,57.88853836,0,0,0,18.62266541,0,6.578211784,0,2.036364079,0,16.40948677,0,0.411235481500626,0.0800938904285431,2.32424020767212,0.477697670459747,2.60138392448425,12.6437997817993,57.5220031738281,5.82369995117188,0.755242168903351,0,0,
230,57.89180374,0,0,0,18.6230526,0,6.578564644,0,2.036386251,0,16.41035271,0,0.411255121231079,0.0800950154662132,2.32433581352234,0.477735042572021,2.60201239585876,12.6461744308472,57.5469017028809,5.82449436187744,0.755266070365906,0,0,
231,57.89670944,0,0,0,18.62363052,0,6.57909441,0,2.036419868,0,16.41165924,0,0.411274164915085,0.080096110701561,2.32442736625671,0.477770984172821,2.60262250900269,12.6484842300415,57.5717315673828,5.82526445388794,0.755289077758789,0,0,
232,57.90161133,0,0,0,18.62421608,0,6.57962513,0,2.036453247,0,16.41295815,0,0.41129606962204,0.0800974071025848,2.32451987266541,0.477807402610779,2.60321521759033,12.6507358551025,57.5965003967285,5.82601642608643,0.755312204360962,0,0,
233,57.90487671,0,0,0,18.62459755,0,6.579977512,0,2.036475658,0,16.41382217,0,0.411315530538559,0.080098532140255,2.32460951805115,0.477842599153519,2.60379076004028,12.6529273986816,57.6212043762207,5.82674694061279,0.755334556102753,0,0,
234,57.90814209,0,0,0,18.62498474,0,6.580330372,0,2.03649807,0,16.41468811,0,0.411331444978714,0.0800994336605072,2.32469296455383,0.477875232696533,2.60434985160828,12.6550607681274,57.6458396911621,5.82745218276978,0.755355417728424,0,0,
235,57.91304779,0,0,0,18.62556267,0,6.580860138,0,2.036531687,0,16.41599274,0,0.411349713802338,0.0801005139946938,2.3247754573822,0.477907598018646,2.60489249229431,12.6571378707886,57.67041015625,5.82813787460327,0.755376100540161,0,0,
236,57.91631699,0,0,0,18.62595177,0,6.581213951,0,2.03655386,0,16.41685867,0,0.411368489265442,0.0801016166806221,2.32485723495483,0.477939754724503,2.60541963577271,12.659161567688,57.6949157714844,5.82880592346191,0.75539642572403,0,0,
237,57.91957855,0,0,0,18.62634087,0,6.581566811,0,2.036576271,0,16.41772842,0,0.41138431429863,0.0801025107502937,2.32493472099304,0.477970153093338,2.60593152046204,12.6611299514771,57.719352722168,5.82945203781128,0.755415856838226,0,0,
238,57.92284393,0,0,0,18.62673378,0,6.581920624,0,2.036598444,0,16.41859245,0,0.411399513483047,0.0801033824682236,2.32500910758972,0.477999210357666,2.60642862319946,12.6630449295044,57.743724822998,5.830078125,0.755434513092041,0,0,
239,57.92611694,0,0,0,18.62712288,0,6.582274914,0,2.036620855,0,16.4194622,0,0.411414682865143,0.0801042690873146,2.32508087158203,0.47802734375,2.60691142082214,12.6649084091187,57.7680282592773,5.83068513870239,0.755452573299408,0,0,
240,57.92938232,0,0,0,18.62750816,0,6.582627296,0,2.036643267,0,16.42033005,0,0.411429792642593,0.080105148255825,2.32515096664429,0.478054702281952,2.60738015174866,12.6667222976685,57.7922668457031,5.83127403259277,0.755470097064972,0,0,
241,57.93264771,0,0,0,18.62789345,0,6.58298111,0,2.03666544,0,16.42119598,0,0.411444902420044,0.0801060274243355,2.32521939277649,0.478081554174423,2.60783505439758,12.6684885025024,57.8164405822754,5.83184671401978,0.755487203598022,0,0,
242,57.93592072,0,0,0,18.62828255,0,6.583334923,0,2.036688089,0,16.42206573,0,0.41145995259285,0.0801069065928459,2.3252866268158,0.478107988834381,2.60827684402466,12.6702070236206,57.8405494689941,5.83240365982056,0.755504071712494,0,0,
243,57.93918228,0,0,0,18.62866592,0,6.583687305,0,2.036710262,0,16.42292976,0,0.4114750623703,0.080107793211937,2.32535314559937,0.478134125471115,2.60870599746704,12.6718797683716,57.8645858764648,5.83294582366943,0.755520701408386,0,0,
244,57.94081879,0,0,0,18.62885857,0,6.583864212,0,2.036721468,0,16.42336464,0,0.411487132310867,0.0801084712147713,2.32541513442993,0.478158384561539,2.60912275314331,12.6735067367554,57.8885612487793,5.83346939086914,0.755536198616028,0,0,
245,57.94408035,0,0,0,18.62924767,0,6.584217072,0,2.036743879,0,16.42423248,0,0.411498606204987,0.0801091343164444,2.32547378540039,0.478181302547455,2.60952734947205,12.6750888824463,57.9124717712402,5.83397483825684,0.755550980567932,0,0,
246,57.94735336,0,0,0,18.62963676,0,6.584570885,0,2.036766291,0,16.42510033,0,0.4115130007267,0.080109991133213,2.32553362846375,0.478204846382141,2.60992002487183,12.6766290664673,57.9363098144531,5.83446931838989,0.755565941333771,0,0,
247,57.94898605,0,0,0,18.62982559,0,6.584746838,0,2.036777496,0,16.42553329,0,0.411524891853333,0.0801106691360474,2.32559061050415,0.478227227926254,2.61030125617981,12.6781282424927,57.9600830078125,5.83494758605957,0.755580186843872,0,0,
248,57.95225525,0,0,0,18.63020706,0,6.585102081,0,2.036799669,0,16.42639732,0,0.411536365747452,0.0801113247871399,2.32564544677734,0.478248685598373,2.61067128181458,12.6795854568481,57.9837875366211,5.83541059494019,0.755593836307526,0,0,
249,57.95388412,0,0,0,18.63040733,0,6.585278988,0,2.036810875,0,16.42683411,0,0.411547750234604,0.080111987888813,2.3256983757019,0.4782694876194,2.61103081703186,12.6810035705566,58.0074272155762,5.83586025238037,0.755607128143311,0,0,
250,57.95715714,0,0,0,18.63079453,0,6.585633278,0,2.036833286,0,16.42770386,0,0.411559075117111,0.0801126509904861,2.32575011253357,0.478289872407913,2.61137962341309,12.6823835372925,58.0309982299805,5.83629655838013,0.755620121955872,0,0,
251,57.95878601,0,0,0,18.63098907,0,6.585809231,0,2.036844492,0,16.42813492,0,0.411570429801941,0.0801133140921593,2.3258011341095,0.478309869766235,2.61171817779541,12.6837272644043,58.054500579834,5.83672142028809,0.755632817745209,0,0,
252,57.96205521,0,0,0,18.63137817,0,6.586163044,0,2.036866903,0,16.42900276,0,0.411581695079803,0.0801139697432518,2.32585144042969,0.478329569101334,2.61204695701599,12.6850337982178,58.0779342651367,5.83713436126709,0.755645334720612,0,0,
253,57.96368408,0,0,0,18.63157845,0,6.586339951,0,2.036877871,0,16.42943764,0,0.411593019962311,0.0801146253943443,2.32590103149414,0.478349089622498,2.61236619949341,12.6863059997559,58.1012992858887,5.83753681182861,0.75565767288208,0,0,
254,57.96531677,0,0,0,18.63176727,0,6.58651638,0,2.036889076,0,16.42987061,0,0.411601364612579,0.0801150798797607,2.32594656944275,0.478366851806641,2.61267614364624,12.6875429153442,58.1245994567871,5.83792400360107,0.755669116973877,0,0,
255,57.96858597,0,0,0,18.63214684,0,6.586868763,0,2.036911488,0,16.43073845,0,0.411612063646317,0.0801157280802727,2.32599258422852,0.47838494181633,2.61297702789307,12.6887454986572,58.1478309631348,5.83830213546753,0.755680620670319,0,0,
256,57.97021866,0,0,0,18.63234329,0,6.58704567,0,2.036922693,0,16.43116951,0,0.411623239517212,0.0801163911819458,2.32603883743286,0.478403210639954,2.61326909065247,12.6899175643921,58.1709976196289,5.83867168426514,0.75569212436676,0,0,
257,57.97185516,0,0,0,18.63253403,0,6.587222576,0,2.036933899,0,16.43160248,0,0.411631524562836,0.0801168456673622,2.3260817527771,0.478420048952103,2.6135528087616,12.6910572052002,58.1940956115723,5.83902788162231,0.75570285320282,0,0,
258,57.97348404,0,0,0,18.63272858,0,6.587398529,0,2.036945105,0,16.43203735,0,0.411639213562012,0.0801173001527786,2.32612204551697,0.478435784578323,2.61382818222046,12.6921653747559,58.2171249389648,5.83937168121338,0.755712926387787,0,0,
259,57.97511673,0,0,0,18.63292503,0,6.587575436,0,2.03695631,0,16.43247032,0,0.411646783351898,0.0801177322864532,2.3261604309082,0.478450745344162,2.61409544944763,12.6932420730591,58.2400856018066,5.83970403671265,0.75572258234024,0,0,
260,57.97675323,0,0,0,18.63311577,0,6.587752819,0,2.036967278,0,16.43290329,0,0.411654323339462,0.0801181644201279,2.32619714736938,0.478465110063553,2.61435484886169,12.6942882537842,58.2629776000977,5.84002590179443,0.755731821060181,0,0,
261,57.97838593,0,0,0,18.63331413,0,6.587929726,0,2.036978483,0,16.43334007,0,0.411661893129349,0.0801186114549637,2.32623267173767,0.478478997945786,2.61460661888123,12.6953058242798,58.2858047485352,5.84033727645874,0.755740761756897,0,0,
262,57.98001862,0,0,0,18.63349915,0,6.588105679,0,2.036989689,0,16.43377113,0,0.411669433116913,0.0801190435886383,2.32626748085022,0.478492587804794,2.6148509979248,12.6962957382202,58.3085594177246,5.84063959121704,0.755749464035034,0,0,
263,57.98165512,0,0,0,18.63369751,0,6.588283062,0,2.037000895,0,16.43420601,0,0.411677002906799,0.0801194980740547,2.32630133628845,0.478505939245224,2.61508798599243,12.6972589492798,58.3312492370605,5.84093284606934,0.755757987499237,0,0,
264,57.98328781,0,0,0,18.63389587,0,6.588459969,0,2.0370121,0,16.43464088,0,0.411684542894363,0.0801199302077293,2.32633495330811,0.478519111871719,2.61531805992126,12.6981945037842,58.3538703918457,5.8412184715271,0.75576639175415,0,0,
265,57.98491669,0,0,0,18.63408089,0,6.588635445,0,2.037023306,0,16.43507195,0,0.41169211268425,0.0801203697919846,2.3263680934906,0.478532165288925,2.6155412197113,12.699104309082,58.3764228820801,5.84149599075317,0.755774617195129,0,0,
266,57.98655319,0,0,0,18.63428116,0,6.588812828,0,2.037034512,0,16.43550491,0,0.411699622869492,0.0801208093762398,2.32640075683594,0.478545069694519,2.61575770378113,12.6999893188477,58.3989067077637,5.84176635742188,0.755782842636108,0,0,
267,57.9881897,0,0,0,18.63446999,0,6.588989258,0,2.037045717,0,16.43593979,0,0.411707162857056,0.0801212564110756,2.32643342018127,0.478557884693146,2.6159679889679,12.7008514404297,58.4213218688965,5.84203004837036,0.755790948867798,0,0,
268,57.98981857,0,0,0,18.63466263,0,6.589166164,0,2.037056923,0,16.43637466,0,0.41171473264694203,0.0801216959953308,2.32646584510803,0.47857066988945,2.61617207527161,12.7016906738281,58.4436721801758,5.84228706359863,0.755798935890198,0,0,
269,57.99145508,0,0,0,18.63486099,0,6.589343548,0,2.03706789,0,16.43680763,0,0.411722272634506,0.0801221281290054,2.32649803161621,0.478583455085754,2.61637043952942,12.702507019043,58.4659538269043,5.84253835678101,0.755806922912598,0,0,
270,57.99308777,0,0,0,18.63505173,0,6.589519978,0,2.037079096,0,16.43724251,0,0.411729842424393,0.0801225677132607,2.32653021812439,0.478596180677414,2.61656284332275,12.7033023834229,58.488166809082,5.84278392791748,0.755814909934998,0,0,
271,57.99308777,0,0,0,18.63505173,0,6.589519978,0,2.037079096,0,16.43724251,0,0.411734372377396,0.0801228135824203,2.32655835151672,0.478607267141342,2.61674976348877,12.7040739059448,58.510311126709,5.84301900863647,0.755822002887726,0,0,
272,57.99471664,0,0,0,18.63524437,0,6.58969593,0,2.037090302,0,16.43767357,0,0.41173830628395103,0.0801230296492577,2.32658386230469,0.478617131710052,2.61693143844604,12.7048234939575,58.5323905944824,5.8432445526123,0.755828380584717,0,0,
273,57.99635315,0,0,0,18.63543701,0,6.589872837,0,2.037101507,0,16.43810844,0,0.411745131015778,0.0801234543323517,2.32661080360413,0.4786277115345,2.617107629776,12.7055530548096,58.5544052124023,5.84346532821655,0.755835115909576,0,0,
274,57.99798965,0,0,0,18.63563347,0,6.590049744,0,2.037112713,0,16.43854332,0,0.411752492189407,0.0801238864660263,2.32663893699646,0.478638827800751,2.6172788143158,12.7062644958496,58.5763511657715,5.84368324279785,0.755842089653015,0,0,
275,57.99798965,0,0,0,18.63563347,0,6.590049744,0,2.037112713,0,16.43854332,0,0.41175702214241,0.080124132335186,2.32666420936584,0.478648722171783,2.61744499206543,12.7069549560547,58.5982284545898,5.84389209747314,0.755848407745361,0,0,
276,57.99961472,0,0,0,18.63582802,0,6.590226173,0,2.03712368,0,16.43897629,0,0.411760896444321,0.0801243484020233,2.32668733596802,0.4786576628685,2.61760640144348,12.7076253890991,58.6200370788574,5.84409284591675,0.755854249000549,0,0,
277,58.00125504,0,0,0,18.63601875,0,6.590403557,0,2.037135124,0,16.43941116,0,0.41176775097847,0.0801247581839561,2.32671236991882,0.478667557239532,2.61776304244995,12.7082786560059,58.6417808532715,5.84429168701172,0.755860507488251,0,0,
278,58.00125504,0,0,0,18.63601875,0,6.590403557,0,2.037135124,0,16.43941116,0,0.411772131919861,0.0801250115036964,2.32673525810242,0.478676527738571,2.61791515350342,12.7089138031006,58.6634559631348,5.84448289871216,0.755866229534149,0,0,
279,58.00288773,0,0,0,18.63621521,0,6.590580463,0,2.03714633,0,16.43984413,0,0.411776065826416,0.0801252424716949,2.32675647735596,0.47868487238884,2.61806273460388,12.7095308303833,58.6850662231445,5.84466648101807,0.755871534347534,0,0,
280,58.00288773,0,0,0,18.63621521,0,6.590580463,0,2.03714633,0,16.43984413,0,0.411779850721359,0.0801254510879517,2.3267765045166,0.478692680597305,2.61820602416992,12.710129737854,58.7066078186035,5.84484434127808,0.75587660074234,0,0,
281,58.0045166,0,0,0,18.63640976,0,6.590755939,0,2.037157536,0,16.44027901,0,0.41178360581398,0.0801256746053696,2.32679557800293,0.47870010137558,2.61834526062012,12.7107105255127,58.728084564209,5.84501552581787,0.755881369113922,0,0,
282,58.00615311,0,0,0,18.63660049,0,6.590933323,0,2.037168503,0,16.44071007,0,0.411790400743485,0.080126091837883,2.32681775093079,0.478708833456039,2.61848020553589,12.711277961731,58.7494964599609,5.84518671035767,0.755886852741241,0,0,
283,58.00615311,0,0,0,18.63660049,0,6.590933323,0,2.037168503,0,16.44071007,0,0.411794751882553,0.0801263302564621,2.32683825492859,0.478716939687729,2.61861133575439,12.7118291854858,58.7708396911621,5.84535217285156,0.755891978740692,0,0,
284,58.0077858,0,0,0,18.63679695,0,6.591110229,0,2.037179708,0,16.44114304,0,0.411798626184464,0.08012655377388,2.32685780525208,0.47872456908226,2.61873865127563,12.7123651504517,58.7921180725098,5.84551191329956,0.755896866321564,0,0,
285,58.0077858,0,0,0,18.63679695,0,6.591110229,0,2.037179708,0,16.44114304,0,0.411802500486374,0.0801267698407173,2.32687640190125,0.478731900453568,2.61886215209961,12.7128868103027,58.8133239746094,5.84566688537598,0.755901575088501,0,0,
286,58.00941467,0,0,0,18.63698196,0,6.59128809,0,2.037190914,0,16.441576,0,0.41180628538131703,0.0801269859075546,2.32689428329468,0.478738963603973,2.6189820766449,12.7133922576904,58.8344688415527,5.84581708908081,0.755906045436859,0,0,
287,58.00941467,0,0,0,18.63698196,0,6.59128809,0,2.037190914,0,16.441576,0,0.41181007027626,0.0801272094249725,2.32691168785095,0.478745818138123,2.6190984249115,12.7138843536377,58.8555488586426,5.84596300125122,0.755910396575928,0,0,
288,58.01105118,0,0,0,18.63718033,0,6.591463566,0,2.03720212,0,16.44201088,0,0.411813825368881,0.0801274329423904,2.32692885398865,0.47875252366066,2.61921143531799,12.7143630981445,58.8765602111816,5.84610509872437,0.755914628505707,0,0,
289,58.01105118,0,0,0,18.63718033,0,6.591463566,0,2.03720212,0,16.44201088,0,0.411817580461502,0.0801276490092278,2.32694578170776,0.47875913977623,2.61932134628296,12.7148284912109,58.8975028991699,5.84624338150024,0.755918860435486,0,0,
290,58.01268768,0,0,0,18.63737869,0,6.59164238,0,2.037213326,0,16.44244766,0,0.411821395158768,0.0801278725266457,2.3269624710083,0.478765696287155,2.6194281578064,12.7152814865112,58.9183807373047,5.84637784957886,0.755923092365265,0,0,
291,58.01268768,0,0,0,18.63737869,0,6.59164238,0,2.037213326,0,16.44244766,0,0.411825209856033,0.0801280960440636,2.32697916030884,0.478772193193436,2.61953163146973,12.7157230377197,58.9391975402832,5.84650850296021,0.755927205085754,0,0,
292,58.01268768,0,0,0,18.63737869,0,6.59164238,0,2.037213326,0,16.44244766,0,0.411825984716415,0.0801281183958054,2.32699179649353,0.478777080774307,2.61963224411011,12.7161493301392,58.9599494934082,5.84663105010986,0.755930483341217,0,0,
293,58.01431656,0,0,0,18.63756371,0,6.591817856,0,2.037224531,0,16.44287682,0,0.411829143762589,0.0801283195614815,2.32700514793396,0.478782266378403,2.61972975730896,12.7165641784668,58.9806327819824,5.84675121307373,0.75593376159668,0,0,
294,58.01431656,0,0,0,18.63756371,0,6.591817856,0,2.037224531,0,16.44287682,0,0.41183277964592,0.0801285356283188,2.32701897621155,0.4787877202034,2.61982440948486,12.7169675827026,59.0012512207031,5.84686851501465,0.755937218666077,0,0,
295,58.01594925,0,0,0,18.63776016,0,6.591994762,0,2.037235737,0,16.44330978,0,0.411836504936218,0.0801287516951561,2.32703328132629,0.478793382644653,2.61991596221924,12.7173595428467,59.021800994873,5.84698390960693,0.755940735340118,0,0,
296,58.01594925,0,0,0,18.63776016,0,6.591994762,0,2.037235737,0,16.44330978,0,0.411840289831162,0.0801289677619934,2.3270480632782,0.478799253702164,2.62000513076782,12.7177419662476,59.0422897338867,5.84709739685059,0.75594437122345,0,0,
297,58.01594925,0,0,0,18.63776016,0,6.591994762,0,2.037235737,0,16.44330978,0,0.411841034889221,0.0801289975643158,2.32705926895142,0.478803604841232,2.62009167671204,12.7181119918823,59.0627136230469,5.84720325469971,0.755947232246399,0,0,
298,58.01758575,0,0,0,18.63795853,0,6.5921731,0,2.037246704,0,16.44374466,0,0.411844193935394,0.0801291912794113,2.32707166671753,0.478808492422104,2.62017560005188,12.7184715270996,59.0830688476563,5.84730815887451,0.755950391292572,0,0,
299,58.01758575,0,0,0,18.63795853,0,6.5921731,0,2.037246704,0,16.44374466,0,0.41184788942337,0.0801294073462486,2.32708501815796,0.478813707828522,2.62025690078735,12.7188215255737,59.1033630371094,5.84741115570068,0.755953729152679,0,0,
300,58.01758575,0,0,0,18.63795853,0,6.5921731,0,2.037246704,0,16.44374466,0,0.411848604679108,0.0801294296979904,2.32709503173828,0.478817611932755,2.62033605575562,12.7191610336304,59.123592376709,5.84750747680664,0.75595635175705,0,0,
