"Time Step","Softwood Merchantable","Hardwood Merchantable","Softwood Submerchantable","Hardwood Submerchantable","Softwood Other","Hardwood Other","Softwood Foliage","Hardwood Foliage","Softwood Fine Roots","Hardwood Fine Roots","Softwood Coarse Roots","Hardwood Coarse Roots","Aboveground Very Fast DOM","Belowground Very Fast DOM","Aboveground Fast DOM","Belowground Fast DOM","Medium DOM","Aboveground Slow DOM","Belowground Slow DOM","Softwood Stem Snag","Softwood Branch Snag","Hardwood Stem Snag","Hardwood Branch Snag",
0,0,0,0,0,0,0,0,0,0,0,0,0,0.497851997613907,1.3930389881134,10.3321599960327,7.70479297637939,3.6363160610199,15.9032697677612,113.07209777832,0,0,31.8764991760254,26.0332794189453,
1,0,5.18849236e-4,0,0,0,2.651576757,0,0.7488353252,0,0.8506630063,0,1.711414814,0.524149060249329,0.59507828950882,10.7074012756348,6.36098909378052,4.44359111785889,16.4469261169434,113.185676574707,0,0,30.1514587402344,21.3880920410156,
2,0,0.003297330812,0,0,0,4.775513172,0,1.163692236,0,1.08754921,0,2.523645163,0.923048436641693,0.352401912212372,10.7032556533813,5.26319694519043,5.16129875183105,16.9793338775635,113.197998046875,0,0,28.5197792053223,17.5957012176514,
3,0,0.00972519815,0,0,0,6.661650181,0,1.488987803,0,1.231854916,0,3.15709877,1.35277986526489,0.281744480133057,10.4426536560059,4.36383867263794,5.79638290405273,17.5074634552002,113.16227722168,0,0,26.9764175415039,14.5000505447388,
4,0,0.02094585821,0,0,0,8.376317978,0,1.761580229,0,1.33259964,0,3.689310074,1.75150287151337,0.269531279802322,10.0218019485474,3.62696886062622,6.35531616210938,18.0296115875244,113.100028991699,0,0,25.5166187286377,11.9746284484863,
5,0,0.03797028586,0,0,0,9.952728271,0,1.997606635,0,1.407966971,0,4.152300835,2.10550379753113,0.275760352611542,9.51128768920898,3.02339577674866,6.84412956237793,18.5427932739258,113.021003723145,0,0,24.1358814239502,9.91601085662842,
6,0,0.0617169477,0,0,0,11.4114275,0,2.206094265,0,1.466848135,0,4.563435555,2.4161479473114,0.286554992198944,8.96166038513184,2.52924990653992,7.26844263076782,19.0447788238525,112.930335998535,0,0,22.8299541473389,8.23952007293701,
7,0,0.09303105623,0,0,0,12.76662159,0,2.392784834,0,1.51426661,0,4.933558941,2.68905305862427,0.297383427619934,8.40817165374756,2.12496280670166,7.63348627090454,19.5344562530518,112.831237792969,0,0,21.594820022583,6.87578439712524,
8,0,0.1326949,0,0,0,14.02883148,0,2.561635971,0,1.553332329,0,5.270062447,2.93032479286194,0.306989401578903,7.87455224990845,1.79447197914124,7.94413042068481,20.0116786956787,112.725997924805,0,0,20.4266815185547,5.76795721054077,
9,0,0.1814335287,0,0,0,15.20622826,0,2.715530872,0,1.586095095,0,5.5782938,3.14535331726074,0.315205931663513,7.37596797943115,1.52458369731903,8.20490741729736,20.4769763946533,112.61637878418,0,0,19.3219547271729,4.86944675445557,
10,0,0.2399177253,0,0,0,16.30538368,0,2.856656313,0,1.613972187,0,5.862293243,3.33856320381165,0.32218411564827,6.92130470275879,1.30445623397827,8.4200325012207,20.931303024292,112.503791809082,0,0,18.2772445678711,4.14206171035767,
11,0,0.308765173,0,0,0,17.33172417,0,2.986722946,0,1.637979031,0,6.125217915,3.51348280906677,0.328134506940842,6.51491832733154,1.12517833709717,8.59342479705811,21.3758316040039,112.389381408691,0,0,17.2893524169922,3.55449962615967,
12,0,0.3885406852,0,0,0,18.28982735,0,3.107102156,0,1.658864856,0,6.369597435,3.67290687561035,0.333249092102051,6.15796756744385,0.97942453622818,8.72872543334961,21.8117923736572,112.27409362793,0,0,16.3552494049072,3.08110356330872,
13,0,0.4797555208,0,0,0,19.18362617,0,3.218914986,0,1.677195549,0,6.597498894,3.81905269622803,0.337684452533722,5.84941577911377,0.861172735691071,8.82931804656982,22.240385055542,112.15869140625,0,0,15.472071647644,2.70084428787231,
14,0,0.5828661919,0,0,0,20.01655579,0,3.323092222,0,1.693407178,0,6.81064415,3.95369577407837,0.341564118862152,5.58678102493286,0.765472292900085,8.89834499359131,22.6627235412598,112.043800354004,0,0,14.6371145248413,2.39648938179016,
15,0,0.6982731819,0,0,0,20.79164886,0,3.420418262,0,1.707841754,0,7.010485649,4.07827377319336,0.344984620809555,5.36668825149536,0.68825364112854,8.93871879577637,23.0797863006592,111.929931640625,0,0,13.8478231430054,2.15391778945923,
16,0,0.8263189793,0,0,0,21.51163101,0,3.511561155,0,1.720771074,0,7.198264122,4.19396448135376,0.348021805286407,5.18527221679688,0.626171827316284,8.95314502716064,23.4924087524414,111.817504882813,0,0,13.1017808914185,1.96156191825867,
17,0,0.967286706,0,0,0,22.17897034,0,3.597095728,0,1.732414484,0,7.375048637,4.30174732208252,0.350735783576965,5.03846454620361,0.576477885246277,8.94412994384766,23.9012794494629,111.706848144531,0,0,12.3967027664185,1.80994653701782,
18,0,1.121398211,0,0,0,22.79593277,0,3.677520752,0,1.742950678,0,7.541772842,4.40244436264038,0.353174775838852,4.92219686508179,0.53691303730011,8.91399478912354,24.3069400787354,111.59822845459,0,0,11.7304306030273,1.69131314754486,
19,0,1.288812518,0,0,0,23.364620209999998,0,3.753272295,0,1.752526402,0,7.699251175,4.49675321578979,0.355377852916718,4.83253383636475,0.505621790885925,8.86489009857178,24.7098064422607,111.49186706543,0,0,11.1009206771851,1.5993115901947,
20,0,1.469624162,0,0,0,23.88700104,0,3.824734688,0,1.761263967,0,7.848209381,4.58527183532715,0.357376992702484,4.7657642364502,0.481080323457718,8.79880523681641,25.1101684570313,111.387916564941,0,0,10.5062437057495,1.52874600887299,
21,0,1.663862228,0,0,0,24.36493683,0,3.892247677,0,1.769265652,0,7.9892869,4.66851949691772,0.359198600053787,4.71845149993896,0.462037563323975,8.71758079528809,25.5082149505615,111.286514282227,0,0,9.94457340240479,1.47536742687225,
22,0,1.871489286,0,0,0,24.80020332,0,3.956114054,0,1.776617765,0,8.123057365,4.74694776535034,0.360864758491516,4.68746185302734,0.447466790676117,8.62291622161865,25.9040412902832,111.18775177002,0,0,9.41418075561523,1.43570387363434,
23,0,2.092400312,0,0,0,25.19450951,0,4.0166049,0,1.78339386,0,8.25003624,4.82095336914063,0.362394034862518,4.66997146606445,0.436525881290436,8.51637935638428,26.2976627349854,111.091697692871,0,0,8.91343402862549,1.40692019462585,
24,0,2.326423168,0,0,0,25.54951477,0,4.073963165,0,1.789656281,0,8.370687485,4.89088821411133,0.363802075386047,4.66346406936646,0.428524225950241,8.39941883087158,26.689037322998,110.998413085938,0,0,8.44078636169434,1.38670408725739,
25,0,2.573317528,0,0,0,25.86683464,0,4.128408909,0,1.79545939,0,8.485432625,4.95706415176392,0.365102291107178,4.66571807861328,0.42289611697197,8.27336978912354,27.0780639648438,110.907928466797,0,0,7.99477386474609,1.37317144870758,
26,0,2.832776546,0,0,0,26.14806175,0,4.180140495,0,1.800849676,0,8.59465313,5.01976108551025,0.366306155920029,4.67478847503662,0.419178277254105,8.13945960998535,27.4646015167236,110.820251464844,0,0,7.57401132583618,1.36479020118713,
27,0,3.104426384,0,0,0,26.39476013,0,4.229338169,0,1.805867553,0,8.69869709,5.07922840118408,0.367423564195633,4.68898725509644,0.416991651058197,7.99882030487061,27.848482131958,110.735404968262,0,0,7.17718648910522,1.36031663417816,
28,0,3.387829542,0,0,0,26.60848618,0,4.276167393,0,1.810548663,0,8.797883987,5.13569259643555,0.368463128805161,4.70686101913452,0.416026413440704,7.85248851776123,28.229513168335,110.653388977051,0,0,6.80305671691895,1.35874366760254,
29,0,3.68248415,0,0,0,26.79078293,0,4.320777893,0,1.814924121,0,8.892504692,5.18935871124268,0.369432330131531,4.72716903686523,0.416029512882233,7.70141887664795,28.6074810028076,110.574180603027,0,0,6.45044469833374,1.35925853252411,
30,0,4.326143742,0,0,0,25.77788734,0,5.132480621,0,1.818552494,0,8.972414017,5.43383407592773,0.370308518409729,4.73440456390381,0.416751712560654,7.54648399353027,29.0125522613525,110.497932434082,0,0,6.11897706985474,1.35589241981506,
31,0,4.612825871,0,0,0,25.67328644,0,5.102135658,0,1.819779634,0,8.999740601,5.76022577285767,0.370952218770981,4.72671222686768,0.417789459228516,7.38850688934326,29.4566020965576,110.424819946289,0,0,5.80749273300171,1.34803080558777,
32,0,4.903728485,0,0,0,25.58063507,0,5.075999737,0,1.821161151,0,9.030691147,5.91907072067261,0.371365338563919,4.71752023696899,0.418885558843613,7.22823619842529,29.9118061065674,110.354858398438,0,0,5.51413536071777,1.34067583084106,
33,0,5.19887495,0,0,0,25.49888229,0,5.053703785,0,1.822682381,0,9.064997673,5.99124622344971,0.371707081794739,4.70744514465332,0.420058578252792,7.066330909729,30.3640232086182,110.287979125977,0,0,5.23794174194336,1.33384108543396,
34,0,5.498283386,0,0,0,25.42711639,0,5.03492403,0,1.824329734,0,9.102425575,6.01940155029297,0.372037619352341,4.69696998596191,0.42132169008255,6.90338945388794,30.8063335418701,110.224128723145,0,0,4.97800207138062,1.32752871513367,
35,0,5.805088997,0,0,0,25.36396217,0,5.019234657,0,1.826110005,0,9.143192291,6.0259313583374,0.372379958629608,4.68646383285522,0.422685772180557,6.73995542526245,31.2355861663818,110.163215637207,0,0,4.73346185684204,1.3217301368713399,
36,0,6.113042831,0,0,0,25.31001854,0,5.006705761,0,1.827975988,0,9.186285019,6.02260112762451,0.372740536928177,4.67621898651123,0.424156486988068,6.57652187347412,31.6506195068359,110.105163574219,0,0,4.50350713729858,1.3164347410202,
37,0,6.425294876,0,0,0,25.26399422,0,4.996937752,0,1.829935551,0,9.231946945,6.01555395126343,0.373119384050369,4.66646289825439,0.425735324621201,6.41353416442871,32.0512809753418,110.049880981445,0,0,4.28736019134521,1.31163060665131,
38,0,6.741850853,0,0,0,25.22535896,0,4.989733696,0,1.831980228,0,9.280033112,6.00789308547974,0.373516470193863,4.65736055374146,0.427423924207687,6.25139379501343,32.4379348754883,109.997276306152,0,0,4.0842924118042,1.30729973316193,
39,0,7.059668541,0,0,0,25.19391441,0,4.984953403,0,1.834081173,0,9.329927444,6.00117444992065,0.373929470777512,4.64903402328491,0.429220467805862,6.09046077728271,32.8111839294434,109.947280883789,0,0,3.89360904693604,1.30342400074005,
40,0,7.381831169,0,0,0,25.16884422,0,4.982362747,0,1.836250663,0,9.381973267,5.99612522125244,0.37435644865036,4.64156913757324,0.431122332811356,5.93105888366699,33.1717300415039,109.899810791016,0,0,3.7146520614624,1.29998385906219,
41,0,7.705323219,0,0,0,25.14994812,0,4.981821537,0,1.838461995,0,9.435565948,5.99303579330444,0.374795734882355,4.6350212097168,0.433126360177994,5.77347564697266,33.5203170776367,109.854782104492,0,0,3.54679894447327,1.29695856571198,
42,0,8.03018856,0,0,0,25.13673592,0,4.983152866,0,1.840708375,0,9.490582466,5.99197673797607,0.375244617462158,4.62942218780518,0.435226857662201,5.61796760559082,33.8576736450195,109.812133789063,0,0,3.38945508003235,1.29432797431946,
43,0,8.359454155,0,0,0,25.12874031,0,4.986238956,0,1.843004823,0,9.547437668,5.99291229248047,0.375702559947968,4.62478685379028,0.43742036819458,5.46476030349731,34.1845092773438,109.77180480957,0,0,3.24206399917603,1.29207134246826,
44,0,8.687169075,0,0,0,25.12573051,0,4.990888119,0,1.845304847,0,9.605006218,5.99574327468872,0.376167327165604,4.62111377716064,0.439701080322266,5.31405305862427,34.5014839172363,109.733726501465,0,0,3.10409379005432,1.29016816616058,
45,0,9.019325256,0,0,0,25.12731171,0,4.997058868,0,1.847645879,0,9.664246559,6.00035810470581,0.376637548208237,4.61839199066162,0.442063599824905,5.16601896286011,34.8092384338379,109.69783782959,0,0,2.97504067420959,1.28859889507294,
46,0,9.35002327,0,0,0,25.13315201,0,5.004533291,0,1.849982023,0,9.724025726,6.00663042068481,0.377112179994583,4.61660051345825,0.444502621889114,5.02080869674683,35.1083717346191,109.664085388184,0,0,2.85442900657654,1.28734421730042,
47,0,9.682260513,0,0,0,25.14299011,0,5.013261318,0,1.852331042,0,9.784804344,6.01442432403564,0.377589017152786,4.61571025848389,0.447011172771454,4.87855005264282,35.3994331359863,109.632423400879,0,0,2.74180173873901,1.28638553619385,
48,0,10.01606274,0,0,0,25.15657616,0,5.023157597,0,1.854689598,0,9.846520424,6.0236349105835,0.378068059682846,4.61569213867188,0.449584990739822,4.73935270309448,35.6829490661621,109.602798461914,0,0,2.63673400878906,1.28570532798767,
49,0,10.34854221,0,0,0,25.17354202,0,5.034041405,0,1.857034564,0,9.908574104,6.03413820266724,0.378547787666321,4.61650943756104,0.452217906713486,4.60330772399902,35.9594078063965,109.575157165527,0,0,2.5388171672821,1.28528606891632,
50,0,10.68265438,0,0,0,25.19379234,0,5.045928478,0,1.859384418,0,9.971455574,6.04582500457764,0.379027158021927,4.61812400817871,0.454904317855835,4.47048902511597,36.2292633056641,109.549468994141,0,0,2.44766449928284,1.28511166572571,
51,0,11.01552486,0,0,0,25.21694565,0,5.058640003,0,1.861716866,0,10.03457069,6.05859756469727,0.379505634307861,4.62049770355225,0.457639276981354,4.34095573425293,36.4929428100586,109.525672912598,0,0,2.36291122436523,1.28516638278961,
52,0,11.34720516,0,0,0,25.24277687,0,5.072100639,0,1.86403048,0,10.09787464,6.07233858108521,0.379981517791748,4.62358713150024,0.460415989160538,4.21475315093994,36.7508392333984,109.50373840332,0,0,2.28420543670654,1.28543472290039,
53,0,11.68060589,0,0,0,25.27134895,0,5.086368084,0,1.866344094,0,10.16188145,6.08698081970215,0.380455195903778,4.62735509872437,0.463230818510056,4.09191417694092,37.0033149719238,109.483627319336,0,0,2.21122121810913,1.28590321540833,
54,0,12.01002216,0,0,0,25.30197716,0,5.101135254,0,1.868617177,0,10.22545052,6.10242652893066,0.380925506353378,4.63175916671753,0.466078191995621,3.97245979309082,37.2507209777832,109.465309143066,0,0,2.14364409446716,1.28655803203583,
55,0,12.34122181,0,0,0,25.3350296,0,5.116602898,0,1.870888233,0,10.28965569,6.11859512329102,0.381391853094101,4.63675975799561,0.468953162431717,3.85640025138855,37.4933700561523,109.448745727539,0,0,2.08117628097534,1.28738617897034,
56,0,12.67137527,0,0,0,25.37010002,0,5.132594109,0,1.873137236,0,10.35391617,6.13545274734497,0.38185515999794,4.64232444763184,0.471853822469711,3.74373626708984,37.7315635681152,109.433898925781,0,0,2.02354288101196,1.28837692737579,
57,0,12.99767876,0,0,0,25.4067173,0,5.148921013,0,1.875344396,0,10.41765118,6.15288591384888,0.382313281297684,4.64840936660767,0.474773675203323,3.63446044921875,37.9655723571777,109.420745849609,0,0,1.97047173976898,1.28951740264893,
58,0,13.32584381,0,0,0,25.44540215,0,5.165826797,0,1.877548218,0,10.48194981,6.17084980010986,0.382766574621201,4.65498113632202,0.477709531784058,3.52855730056763,38.1956520080566,109.409248352051,0,0,1.92171156406403,1.29079735279083,
59,0,13.65024376,0,0,0,25.48537064,0,5.182981968,0,1.879710197,0,10.545681,6.1892991065979,0.383215188980103,4.66200733184814,0.480658531188965,3.42600440979004,38.4220428466797,109.399383544922,0,0,1.87702488899231,1.29220712184906,
60,0,13.97373581,0,0,0,25.52684593,0,5.200498581,0,1.881849766,0,10.60938263,6.20815372467041,0.383657962083817,4.6694507598877,0.483615964651108,3.32677316665649,38.6449661254883,109.391120910645,0,0,1.83618092536926,1.29373621940613,
61,0,14.29634953,0,0,0,25.56973457,0,5.218345642,0,1.883966684,0,10.67303658,6.22739362716675,0.384095668792725,4.6772837638855,0.486580014228821,3.23082900047302,38.8646202087402,109.384429931641,0,0,1.79896783828735,1.29537665843964,
62,0,14.61811161,0,0,0,25.61395454,0,5.236496449,0,1.886061192,0,10.7366333,6.24699306488037,0.384528577327728,4.68548107147217,0.489549070596695,3.13813233375549,39.0812072753906,109.379287719727,0,0,1.76518523693085,1.29712104797363,
63,0,14.93625641,0,0,0,25.65901566,0,5.254765034,0,1.888115644,0,10.79960442,6.2668833732605,0.384955704212189,4.69401121139526,0.492519468069077,3.04864001274109,39.2948989868164,109.375671386719,0,0,1.73463785648346,1.29896056652069,
64,0,15.25082779,0,0,0,25.70482254,0,5.273120403,0,1.890130401,0,10.86194229,6.28697299957275,0.385375618934631,4.70283842086792,0.495485782623291,2.96230411529541,39.505859375,109.373565673828,0,0,1.70713460445404,1.30088555812836,
65,0,15.56464291,0,0,0,25.75170517,0,5.291704178,0,1.892124176,0,10.92419052,6.30724191665649,0.385788977146149,4.71193695068359,0.498445719480515,2.87907361984253,39.714225769043,109.372932434082,0,0,1.68250131607056,1.30288887023926,
66,0,15.87495041,0,0,0,25.79916763,0,5.310328484,0,1.894079924,0,10.9857893,6.32766819000244,0.386196076869965,4.72128343582153,0.501397371292114,2.79889416694641,39.9201354980469,109.37377166748,0,0,1.66057324409485,1.30496430397034,
67,0,16.18455124,0,0,0,25.84757233,0,5.32914257,0,1.896015167,0,11.04728508,6.34823036193848,0.386597096920013,4.7308554649353,0.504339098930359,2.72170853614807,40.1237182617188,109.376045227051,0,0,1.64119482040405,1.30710577964783,
68,0,16.4907093,0,0,0,25.89641762,0,5.347958565,0,1.897913694,0,11.10811901,6.36890840530396,0.386992216110229,4.74063301086426,0.507269442081451,2.64745831489563,40.3250923156738,109.379730224609,0,0,1.62421882152557,1.30930769443512,
69,0,16.79620361,0,0,0,25.94609261,0,5.366930485,0,1.899793029,0,11.16883945,6.38968324661255,0.387381494045258,4.75059795379639,0.510187268257141,2.57608246803284,40.5243721008301,109.384819030762,0,0,1.6095062494278,1.31156504154205,
70,0,17.09830856,0,0,0,25.99609756,0,5.385874748,0,1.90163672,0,11.22889233,6.41053628921509,0.387765109539032,4.76073312759399,0.513091504573822,2.50751876831055,40.7216567993164,109.391288757324,0,0,1.59692573547363,1.31387341022491,
71,0,17.39705658,0,0,0,26.04636765,0,5.404773235,0,1.903445601,0,11.28827858,6.43140649795532,0.388142138719559,4.77101469039917,0.515978991985321,2.4417040348053,40.9170379638672,109.399124145508,0,0,1.58634698390961,1.31622612476349,
72,0,17.69247818,0,0,0,26.09685516,0,5.423614979,0,1.905220389,0,11.3469944,6.45225381851196,0.388512283563614,4.78142118453979,0.518847227096558,2.37857365608215,41.110595703125,109.408302307129,0,0,1.57764720916748,1.31861758232117,
73,0,17.98459816,0,0,0,26.14750481,0,5.442386627,0,1.906962395,0,11.4050436,6.47305154800415,0.388875603675842,4.79193258285522,0.52169406414032,2.31806230545044,41.3023986816406,109.418815612793,0,0,1.57070994377136,1.32104253768921,
74,0,18.27616882,0,0,0,26.19875145,0,5.461253166,0,1.90868783,0,11.46296406,6.49382543563843,0.389233201742172,4.80253982543945,0.524519979953766,2.2601041793823202,41.4925193786621,109.430625915527,0,0,1.56543147563934,1.32349848747253,
75,0,18.56176949,0,0,0,26.24959755,0,5.479851723,0,1.910365462,0,11.51967716,6.51453733444214,0.389584511518478,4.81322526931763,0.527323126792908,2.20463347434998,41.6810264587402,109.443733215332,0,0,1.56170761585236,1.32598090171814,
76,0,18.84685898,0,0,0,26.30096817,0,5.498527527,0,1.912028193,0,11.57625961,6.53516340255737,0.389929533004761,4.82397365570068,0.530101954936981,2.1515836715698202,41.8679656982422,109.458114624023,0,0,1.55943989753723,1.32848560810089,
77,0,19.12874413,0,0,0,26.35234261,0,5.517093658,0,1.913660288,0,11.63217545,6.55573129653931,0.390269190073013,4.83477926254272,0.532857418060303,2.10088872909546,42.0533981323242,109.473762512207,0,0,1.55854141712189,1.33101069927216,
78,0,19.40744781,0,0,0,26.40369034,0,5.535545826,0,1.915262818,0,11.68742657,6.57620763778687,0.390603065490723,4.84562730789185,0.535588145256042,2.05248284339905,42.2373733520508,109.490653991699,0,0,1.55892407894135,1.33355259895325,
79,0,19.68298721,0,0,0,26.45497322,0,5.553873539,0,1.916836143,0,11.74201488,6.59657049179077,0.390930980443954,4.85650539398193,0.53829300403595,2.00630044937134,42.4199295043945,109.508781433105,0,0,1.56050455570221,1.33610808849335,
80,0,19.95539093,0,0,0,26.50616837,0,5.572071552,0,1.918381214,0,11.79594421,6.61680459976196,0.391253024339676,4.86740207672119,0.540971100330353,1.96227669715881,42.6011123657227,109.528121948242,0,0,1.56320428848267,1.33867383003235,
81,0,20.22467422,0,0,0,26.55723953,0,5.590132713,0,1.919898629,0,11.84921074,6.63689851760864,0.391569286584854,4.87830686569214,0.54362165927887,1.92034721374512,42.7809524536133,109.54866027832,0,0,1.56694889068604,1.34124708175659,
82,0,20.49085999,0,0,0,26.60816002,0,5.608053207,0,1.921388745,0,11.9018259,6.65684413909912,0.391879856586456,4.88921022415161,0.546244084835052,1.88044798374176,42.9594802856445,109.570388793945,0,0,1.57166814804077,1.34382510185242,
83,0,20.75396729,0,0,0,26.65891266,0,5.62582922,0,1.922852635,0,11.95378876,6.67663478851318,0.392184942960739,4.90010356903076,0.548837959766388,1.84251594543457,43.1367225646973,109.593292236328,0,0,1.57729578018188,1.3464058637619,
84,0,21.01400948,0,0,0,26.70946312,0,5.643451691,0,1.924290419,0,12.00509834,6.69626379013062,0.392484575510025,4.9109787940979,0.551402866840363,1.80648910999298,43.3127098083496,109.61735534668,0,0,1.58376896381378,1.34898710250854,
85,0,21.27100945,0,0,0,26.75980377,0,5.660922527,0,1.925703168,0,12.0557642,6.71572637557983,0.392778903245926,4.92182874679565,0.553938567638397,1.77230620384216,43.4874572753906,109.642555236816,0,0,1.59102857112885,1.35156679153442,
86,0,21.52498055,0,0,0,26.80990028,0,5.678233624,0,1.927090764,0,12.10578632,6.73501825332642,0.393068015575409,4.93264627456665,0.556444883346558,1.7399069070816,43.6609916687012,109.668891906738,0,0,1.59901869297028,1.3541431427002,
87,0,21.77327538,0,0,0,26.85920906,0,5.6952009200000004,0,1.928439975,0,12.15464211,6.75408697128296,0.393351137638092,4.94341707229614,0.558919429779053,1.70923221111298,43.8333206176758,109.696342468262,0,0,1.6076807975769,1.35671198368073,
88,0,22.02124596,0,0,0,26.90877724,0,5.712185383,0,1.929779768,0,12.20338917,6.77295160293579,0.393628984689713,4.95413732528687,0.561362624168396,1.6802237033844,44.004451751709,109.724899291992,0,0,1.61696517467499,1.35927224159241,
89,0,22.26623344,0,0,0,26.95804787,0,5.729002953,0,1.931096315,0,12.25150108,6.79166841506958,0.393902748823166,4.96481132507324,0.563776850700378,1.65282428264618,44.1744079589844,109.754554748535,0,0,1.62683093547821,1.36182546615601,
90,0,22.50559998,0,0,0,27.00647163,0,5.745466709,0,1.932376027,0,12.29846191,6.81017017364502,0.394171178340912,4.97542476654053,0.566159784793854,1.62697815895081,44.3432006835938,109.785278320313,0,0,1.63722777366638,1.36436748504639,
91,0,22.74467468,0,0,0,27.05511093,0,5.761940479,0,1.933647513,0,12.34531879,6.82846784591675,0.394434690475464,4.98597478866577,0.568511784076691,1.60263061523438,44.5108375549316,109.817070007324,0,0,1.64811372756958,1.36689758300781,
92,0,22.97816086,0,0,0,27.10287476,0,5.7780580520000004,0,1.934883237,0,12.39103317,6.84656715393066,0.394693553447723,4.99645757675171,0.570833086967468,1.57972800731659,44.6773223876953,109.849914550781,0,0,1.65944969654083,1.36941480636597,
93,0,23.20872688,0,0,0,27.15027809,0,5.793999672,0,1.936097503,0,12.43613052,6.86442232131958,0.394947052001953,5.00686168670654,0.573121845722198,1.55821812152863,44.8426628112793,109.883804321289,0,0,1.67119240760803,1.37191581726074,
94,0,23.43638611,0,0,0,27.19731712,0,5.809762478,0,1.937290907,0,12.4806118,6.88205528259277,0.395195782184601,5.0171856880188,0.575378715991974,1.53804969787598,45.0068550109863,109.918716430664,0,0,1.68330717086792,1.37440025806427,
95,0,23.66379547,0,0,0,27.24452591,0,5.825530052,0,1.938477397,0,12.52499866,6.8995246887207,0.395440965890884,5.02743673324585,0.577606320381165,1.51917278766632,45.1699142456055,109.954635620117,0,0,1.69576680660248,1.37687003612518,
96,0,23.88567352,0,0,0,27.29079819,0,5.840931416,0,1.939629912,0,12.56826115,6.91681337356567,0.395682245492935,5.03761196136475,0.57980477809906,1.5015389919281,45.3318519592285,109.991569519043,0,0,1.70853984355927,1.37932455539703,
97,0,24.10204315,0,0,0,27.33612251,0,5.855969429,0,1.940749168,0,12.61040497,6.93381690979004,0.395917803049088,5.04769086837769,0.581969976425171,1.48510110378265,45.4926528930664,110.029487609863,0,0,1.72158527374268,1.38175773620605,
98,0,24.31819344,0,0,0,27.38158035,0,5.871006489,0,1.941862464,0,12.65246105,6.95057487487793,0.396148651838303,5.05767345428467,0.584102749824524,1.46981275081635,45.6523170471191,110.068382263184,0,0,1.73487555980682,1.38416981697083,
99,0,24.53149605,0,0,0,27.42663002,0,5.88586092,0,1.942956567,0,12.69392204,6.96715307235718,0.396376073360443,5.0675687789917,0.586205899715424,1.45562875270844,45.810848236084,110.108245849609,0,0,1.74839091300964,1.38656318187714,
100,0,24.74195671,0,0,0,27.47124863,0,5.900529861,0,1.944031835,0,12.73478794,6.98354148864746,0.39659982919693,5.0773754119873,0.588279843330383,1.44250559806824,45.9682540893555,110.149055480957,0,0,1.76210653781891,1.38893735408783,
101,0,24.94696236,0,0,0,27.51487541,0,5.914829731,0,1.945075274,0,12.774553299999999,6.99968528747559,0.396819055080414,5.08708238601685,0.590322613716125,1.43040096759796,46.1245231628418,110.190811157227,0,0,1.77599334716797,1.39128935337067,
102,0,25.14915085,0,0,0,27.55804443,0,5.928943157,0,1.946100593,0,12.81373024,7.01555585861206,0.397033333778381,5.09668016433716,0.592332720756531,1.41927361488342,46.2796516418457,110.233489990234,0,0,1.79002380371094,1.39361667633057,
103,0,25.35115433,0,0,0,27.6013279,0,5.943053722,0,1.947121263,0,12.85283184,7.03123188018799,0.397244304418564,5.10617971420288,0.594313144683838,1.40908312797546,46.4336357116699,110.277084350586,0,0,1.80418372154236,1.3959219455719,
104,0,25.54773712,0,0,0,27.64360046,0,5.956795216,0,1.948110938,0,12.890848159999999,7.04670858383179,0.397451728582382,5.1155800819397,0.596264362335205,1.39979076385498,46.586483001709,110.321586608887,0,0,1.81845366954803,1.39820504188538,
105,0,25.74153328,0,0,0,27.6853981,0,5.970347404,0,1.949083447,0,12.92828465,7.06193542480469,0.39765477180481,5.12487173080444,0.598184585571289,1.39135873317719,46.7381820678711,110.366981506348,0,0,1.83280968666077,1.40046322345734,
106,0,25.93516159,0,0,0,27.72728348,0,5.983894348,0,1.950051665,0,12.96565151,7.07697820663452,0.397854834794998,5.13406419754028,0.600076615810394,1.38375043869019,46.8887367248535,110.41325378418,0,0,1.84724068641663,1.40269911289215,
107,0,26.12340164,0,0,0,27.76813126,0,5.997070789,0,1.9509902,0,13.00194168,7.09182691574097,0.398051530122757,5.1431565284729,0.601940631866455,1.37693047523499,47.0381507873535,110.460403442383,0,0,1.86173021793365,1.40491247177124,
108,0,26.30887604,0,0,0,27.80849075,0,6.010059357,0,1.951911807,0,13.03766346,7.10642862319946,0.398244082927704,5.15213871002197,0.603774726390839,1.37086462974548,47.1864128112793,110.508399963379,0,0,1.87625730037689,1.40710020065308,
109,0,26.49159431,0,0,0,27.84836388,0,6.022858143,0,1.952817202,0,13.07282066,7.12080144882202,0.39843288064003,5.16101121902466,0.605579555034637,1.36551952362061,47.3335189819336,110.557235717773,0,0,1.89080762863159,1.40926253795624,
110,0,26.6715641,0,0,0,27.88773918,0,6.035469532,0,1.953706264,0,13.10741425,7.13495540618896,0.398618280887604,5.16977405548096,0.607355535030365,1.36086308956146,47.4794616699219,110.606910705566,0,0,1.9053680896759,1.4113997220993,
111,0,26.84879303,0,0,0,27.92661095,0,6.047891617,0,1.954579353,0,13.14144897,7.14889621734619,0.398800224065781,5.17842769622803,0.609103083610535,1.3568639755249,47.6242408752441,110.657409667969,0,0,1.91992592811584,1.41351139545441,
112,0,27.023283,0,0,0,27.96498108,0,6.060124874,0,1.955436587,0,13.1749258,7.16262674331665,0.39897894859314,5.18697261810303,0.610822677612305,1.35349225997925,47.7678527832031,110.708717346191,0,0,1.93446922302246,1.41559767723083,
113,0,27.19244576,0,0,0,28.00227165,0,6.071987152,0,1.95626545,0,13.20735073,7.176100730896,0.399153649806976,5.19539880752563,0.612512528896332,1.35071873664856,47.910285949707,110.76082611084,0,0,1.94898104667664,1.41765594482422,
114,0,27.36149025,0,0,0,28.03961563,0,6.083841324,0,1.95709157,0,13.2397213,7.18934011459351,0.399324804544449,5.20370769500732,0.614173233509064,1.34851515293121,48.0515365600586,110.81371307373,0,0,1.96345090866089,1.41968631744385,
115,0,27.52782059,0,0,0,28.07644844,0,6.095508099,0,1.957902431,0,13.2715416,7.20240640640259,0.399493455886841,5.21190929412842,0.615807473659515,1.34685409069061,48.1916046142578,110.867378234863,0,0,1.97787535190582,1.42169189453125,
116,0,27.69143867,0,0,0,28.11275291,0,6.106986046,0,1.958698273,0,13.30281734,7.21528244018555,0.399659276008606,5.22000360488892,0.617415368556976,1.34570944309235,48.3304901123047,110.921806335449,0,0,1.99224460124969,1.42367231845856,
117,0,27.85235405,0,0,0,28.1485405,0,6.118276596,0,1.959478855,0,13.33354759,7.22796058654785,0.39982208609581,5.22798919677734,0.618996977806091,1.34505581855774,48.468189239502,110.976982116699,0,0,2.0065495967865,1.42562735080719,
118,0,28.01057434,0,0,0,28.18379593,0,6.129377842,0,1.960244775,0,13.36373711,7.24043703079224,0.399981886148453,5.2358660697937,0.620552480220795,1.34486889839172,48.6047019958496,111.032897949219,0,0,2.02078223228455,1.42755675315857,
119,0,28.16610336,0,0,0,28.2185173,0,6.140289783,0,1.960995913,0,13.39338589,7.25270938873291,0.400138676166534,5.24363374710083,0.622081995010376,1.34512519836426,48.7400245666504,111.089546203613,0,0,2.03493452072144,1.42946016788483,
120,0,28.31894493,0,0,0,28.25270462,0,6.151013374,0,1.961732745,0,13.4224968,7.26477575302124,0.400292426347733,5.25129079818726,0.623585641384125,1.34580194950104,48.874153137207,111.146919250488,0,0,2.04899859428406,1.43133735656738,
121,0,28.46910477,0,0,0,28.28635788,0,6.161549091,0,1.962454796,0,13.45107269,7.27663612365723,0.400443226099014,5.25883722305298,0.625063538551331,1.34687733650208,49.0070838928223,111.20499420166,0,0,2.0629677772522,1.43318819999695,
122,0,28.61917877,0,0,0,28.32005119,0,6.172079563,0,1.963175297,0,13.47961044,7.28833675384521,0.400591850280762,5.26628160476685,0.626517832279205,1.34833014011383,49.1388206481934,111.263771057129,0,0,2.07684135437012,1.4350152015686,
123,0,28.76399231,0,0,0,28.35261536,0,6.182240009,0,1.963868976,0,13.50712109,7.2998571395874,0.400737851858139,5.27362251281738,0.627948224544525,1.35014021396637,49.2693634033203,111.323226928711,0,0,2.09061217308044,1.43681752681732,
124,0,28.90614128,0,0,0,28.38463593,0,6.192213535,0,1.964548707,0,13.53410435,7.31113719940186,0.400880306959152,5.28084850311279,0.629352509975433,1.35228800773621,49.3987045288086,111.383354187012,0,0,2.10426902770996,1.43859207630157,
125,0,29.04821205,0,0,0,28.41669655,0,6.202180386,0,1.965227008,0,13.56105328,7.32224082946777,0.401020437479019,5.28796911239624,0.630733013153076,1.35475468635559,49.5268363952637,111.444145202637,0,0,2.11781167984009,1.44034135341644,
126,0,29.18504333,0,0,0,28.44761467,0,6.211778641,0,1.965878844,0,13.58698463,7.33315467834473,0.401157885789871,5.29498243331909,0.632089495658875,1.35752236843109,49.6537628173828,111.505584716797,0,0,2.13123464584351,1.44206500053406,
127,0,29.32180214,0,0,0,28.47857094,0,6.221371174,0,1.966529369,0,13.61288452,7.34387111663818,0.401292592287064,5.30188751220703,0.633421838283539,1.36057341098785,49.779483795166,111.567657470703,0,0,2.1445324420929,1.44376254081726,
128,0,29.45590973,0,0,0,28.50896835,0,6.23077774,0,1.967166066,0,13.63826084,7.35443305969238,0.401425242424011,5.30869245529175,0.634732067584991,1.36389124393463,49.9040031433105,111.63037109375,0,0,2.15770626068115,1.44543635845184,
129,0,29.58737564,0,0,0,28.53880882,0,6.239996433,0,1.967789412,0,13.66311741,7.36481714248657,0.401555448770523,5.31539440155029,0.636019647121429,1.36745965480804,50.0273170471191,111.693702697754,0,0,2.17075109481812,1.44708549976349,
130,0,29.71619797,0,0,0,28.56809616,0,6.24903059,0,1.968399286,0,13.68745899,7.37501192092896,0.401683002710342,5.32199144363403,0.637284398078918,1.37126338481903,50.1494255065918,111.757637023926,0,0,2.18366241455078,1.44870936870575,
131,0,29.84495926,0,0,0,28.59740067,0,6.258057594,0,1.96900785,0,13.71176815,7.38505601882935,0.401808619499207,5.3284912109375,0.638527989387512,1.3752875328064,50.2703285217285,111.822166442871,0,0,2.19644141197205,1.45030999183655,
132,0,29.96851158,0,0,0,28.62556458,0,6.266718388,0,1.969590783,0,13.7350769,7.39492464065552,0.401931762695313,5.33489084243774,0.639749884605408,1.37951815128326,50.3900337219238,111.88729095459,0,0,2.20908355712891,1.45188641548157,
133,0,30.09200859,0,0,0,28.65374947,0,6.275375843,0,1.970172763,0,13.75835991,7.4046049118042,0.402052313089371,5.34118747711182,0.640949666500092,1.38394141197205,50.5085334777832,111.952980041504,0,0,2.22158455848694,1.45343792438507,
134,0,30.21287537,0,0,0,28.68136597,0,6.283845425,0,1.970741749,0,13.78113174,7.41413593292236,0.402171015739441,5.34738826751709,0.642129004001617,1.38854432106018,50.6258392333984,112.019241333008,0,0,2.23394632339478,1.45496642589569,
135,0,30.33111954,0,0,0,28.70841599,0,6.29213047,0,1.971297503,0,13.8033905,7.42349243164063,0.40228733420372,5.35348987579346,0.643287241458893,1.39331436157227,50.741943359375,112.086059570313,0,0,2.24616479873657,1.45647084712982,
136,0,30.44674492,0,0,0,28.73489761,0,6.300230026,0,1.971840143,0,13.82514286,7.43266105651855,0.402401089668274,5.35948944091797,0.64442390203476,1.39823961257935,50.8568420410156,112.153419494629,0,0,2.25823616981506,1.45795023441315,
137,0,30.5623188,0,0,0,28.76140213,0,6.308327675,0,1.972381949,0,13.84687233,7.44168186187744,0.402512967586517,5.365394115448,0.645540595054626,1.40330851078033,50.9705467224121,112.221313476563,0,0,2.27016282081604,1.45940673351288,
138,0,30.67271233,0,0,0,28.78674316,0,6.316057205,0,1.972898841,0,13.86761284,7.45052909851074,0.402622520923615,5.37119960784912,0.646636605262756,1.40850985050201,51.0830497741699,112.289726257324,0,0,2.28194069862366,1.46083915233612,
139,0,30.78306007,0,0,0,28.81209946,0,6.323784828,0,1.973414898,0,13.88833046,7.45918989181519,0.402729541063309,5.37690353393555,0.647711396217346,1.41383326053619,51.1943550109863,112.358657836914,0,0,2.29356646537781,1.46224641799927,
140,0,30.89336586,0,0,0,28.83747482,0,6.331506252,0,1.97393012,0,13.90902805,7.46774864196777,0.402835488319397,5.3825216293335,0.648768544197083,1.41926848888397,51.3044738769531,112.428092956543,0,0,2.30504846572876,1.46363353729248,
141,0,30.99849892,0,0,0,28.86168671,0,6.338865757,0,1.974420667,0,13.92874241,7.47615909576416,0.402939438819885,5.38804960250854,0.649806976318359,1.42480599880219,51.4134063720703,112.498016357422,0,0,2.31638264656067,1.46499860286713,
142,0,31.10359192,0,0,0,28.88591003,0,6.346221447,0,1.974910498,0,13.94843674,7.48439693450928,0.403041005134583,5.39348220825195,0.650825798511505,1.43043649196625,51.5211486816406,112.568428039551,0,0,2.32756543159485,1.4663405418396,
143,0,31.20608711,0,0,0,28.90955925,0,6.353392601,0,1.975387812,0,13.96763325,7.49249458312988,0.403140813112259,5.39882564544678,0.651826322078705,1.43615126609802,51.6277084350586,112.639312744141,0,0,2.33859944343567,1.46766066551208,
144,0,31.30854034,0,0,0,28.93322372,0,6.360560417,0,1.97586441,0,13.98680973,7.50047016143799,0.403239130973816,5.4040846824646,0.652809679508209,1.44194185733795,51.733097076416,112.710662841797,0,0,2.34948682785034,1.46896052360535,
145,0,31.40583992,0,0,0,28.95571518,0,6.367364883,0,1.976316452,0,14.0050106,7.50828647613525,0.403335273265839,5.40925407409668,0.653774738311768,1.44780039787292,51.8373107910156,112.782470703125,0,0,2.36022424697876,1.47023844718933,
146,0,31.50310326,0,0,0,28.97821999,0,6.374167442,0,1.976768017,0,14.02319527,7.51592445373535,0.403429061174393,5.41432905197144,0.654720604419708,1.45371901988983,51.9403533935547,112.854721069336,0,0,2.37080836296082,1.47149300575256,
147,0,31.60033607,0,0,0,29.00073814,0,6.380966187,0,1.977219105,0,14.04136467,7.52346611022949,0.403521835803986,5.41932439804077,0.655650556087494,1.45969045162201,52.0422325134277,112.927406311035,0,0,2.38124752044678,1.47272849082947,
148,0,31.69241714,0,0,0,29.02207756,0,6.387402058,0,1.977645755,0,14.05855942,7.5308632850647,0.403612643480301,5.42423439025879,0.656563341617584,1.46570777893066,52.1429481506348,113.000511169434,0,0,2.39153790473938,1.47394299507141,
149,0,31.78702736,0,0,0,29.04402542,0,6.394014835,0,1.978083849,0,14.0762167,7.53813505172729,0.403701901435852,5.42906284332275,0.657459735870361,1.47176444530487,52.2425155639648,113.074028015137,0,0,2.40168190002441,1.47513771057129,
150,0,31.87649536,0,0,0,29.06479073,0,6.400266171,0,1.978497624,0,14.092906,7.54529333114624,0.403789758682251,5.43381309509277,0.658340573310852,1.47785413265228,52.3409309387207,113.147956848145,0,0,2.41168165206909,1.47631359100342,
151,0,31.96593475,0,0,0,29.0855732,0,6.406514168,0,1.978911161,0,14.10958195,7.55229806900024,0.403875559568405,5.43847894668579,0.659204602241516,1.48397088050842,52.4382057189941,113.222282409668,0,0,2.42153382301331,1.47746849060059,
152,0,32.05279541,0,0,0,29.10576248,0,6.412580013,0,1.979312301,0,14.1257658,7.55917358398438,0.403959691524506,5.44306468963623,0.660052597522736,1.49010896682739,52.5343437194824,113.296997070313,0,0,2.43124008178711,1.47860383987427,
153,0,32.13962555,0,0,0,29.12596512,0,6.418645382,0,1.979712963,0,14.14193726,7.56593322753906,0.404042452573776,5.44757318496704,0.660885393619537,1.49626290798187,52.6293487548828,113.372093200684,0,0,2.44080305099487,1.47972023487091,
154,0,32.22387695,0,0,0,29.14558029,0,6.424526215,0,1.980101466,0,14.15762043,7.572585105896,0.404123872518539,5.45200729370117,0.66170346736908,1.5024276971817,52.7232284545898,113.447555541992,0,0,2.45022463798523,1.48081862926483,
155,0,32.30555344,0,0,0,29.16461563,0,6.43022871,0,1.98047781,0,14.17281723,7.57908487319946,0.404203236103058,5.45635938644409,0.662505447864532,1.5085985660553,52.8159866333008,113.523384094238,0,0,2.45950102806091,1.48189675807953,
156,0,32.38720703,0,0,0,29.18365479,0,6.435927391,0,1.980853915,0,14.18800354,7.58545780181885,0.404281049966812,5.46063375473022,0.663292109966278,1.51477062702179,52.9076271057129,113.599555969238,0,0,2.46863484382629,1.48295569419861,
157,0,32.46628952,0,0,0,29.20210457,0,6.441445827,0,1.981217861,0,14.20270348,7.59171676635742,0.404357463121414,5.46483278274536,0.664064109325409,1.52093958854675,52.9981575012207,113.676078796387,0,0,2.47762751579285,1.48399615287781,
158,0,32.54534912,0,0,0,29.2205658,0,6.446961403,0,1.98158133,0,14.21739101,7.59786796569824,0.404432505369186,5.46895933151245,0.664821922779083,1.52710127830505,53.0875816345215,113.752937316895,0,0,2.48648118972778,1.48501884937286,
159,0,32.62183762,0,0,0,29.23843575,0,6.452296257,0,1.981932878,0,14.23159695,7.60391521453857,0.404506295919418,5.47301530838013,0.665565967559814,1.53325188159943,53.1759185791016,113.830116271973,0,0,2.49519801139832,1.48602437973022,
160,0,32.69575882,0,0,0,29.25572014,0,6.457451344,0,1.982272387,0,14.24531841,7.60981416702271,0.40457808971405,5.47699308395386,0.666294753551483,1.5393875837326,53.2631607055664,113.907615661621,0,0,2.50377368927002,1.4870103597641,
161,0,32.76965714,0,0,0,29.27300072,0,6.462604523,0,1.982611537,0,14.25903034,7.61558818817139,0.404648333787918,5.48089551925659,0.667008876800537,1.5455048084259,53.3493118286133,113.985427856445,0,0,2.51221013069153,1.48797750473022,
162,0,32.84354019,0,0,0,29.29028893,0,6.467754841,0,1.982950568,0,14.27273178,7.6212944984436,0.404718011617661,5.48473453521729,0.667710840702057,1.55160009860992,53.4343910217285,114.063537597656,0,0,2.52051520347595,1.48892939090729,
163,0,32.91485977,0,0,0,29.30699539,0,6.472724915,0,1.98327744,0,14.28595257,7.62691831588745,0.404786616563797,5.48851013183594,0.668400704860687,1.55767059326172,53.5184059143066,114.141937255859,0,0,2.52868986129761,1.48986601829529,
164,0,32.98361588,0,0,0,29.32310867,0,6.477516174,0,1.98359251,0,14.2986927,7.63240528106689,0.404853343963623,5.49221420288086,0.669076681137085,1.56371331214905,53.6013565063477,114.22061920166,0,0,2.53673005104065,1.49078488349915,
165,0,33.05235291,0,0,0,29.33921814,0,6.482306004,0,1.983907342,0,14.31142426,7.63777446746826,0.40491858124733,5.49584817886353,0.669739127159119,1.56972539424896,53.6832542419434,114.299575805664,0,0,2.54463744163513,1.49168634414673,
166,0,33.12107849,0,0,0,29.35533905,0,6.487092018,0,1.984221816,0,14.32414913,7.64307975769043,0.404983222484589,5.49942302703857,0.670390427112579,1.57570421695709,53.7641105651855,114.378799438477,0,0,2.55241942405701,1.49257361888885,
167,0,33.18723679,0,0,0,29.37086678,0,6.491700649,0,1.984524608,0,14.33639431,7.6483039855957,0.405046880245209,5.50293874740601,0.671030521392822,1.58164751529694,53.843936920166,114.458290100098,0,0,2.56007671356201,1.49344635009766,
168,0,33.25084305,0,0,0,29.38580132,0,6.496129513,0,1.98481524,0,14.34815979,7.65339374542236,0.405108660459518,5.50638580322266,0.671657383441925,1.58755302429199,53.9227294921875,114.538032531738,0,0,2.56760478019714,1.49430203437805,
169,0,33.31443405,0,0,0,29.40073776,0,6.500555992,0,1.985105991,0,14.3599205,7.65836572647095,0.405168920755386,5.509765625,0.672271311283112,1.59341859817505,54.0004959106445,114.618019104004,0,0,2.57500529289246,1.49514091014862,
170,0,33.378013610000004,0,0,0,29.41567993,0,6.504981518,0,1.985396385,0,14.37167454,7.66327381134033,0.405228614807129,5.51308870315552,0.672874629497528,1.59924221038818,54.0772476196289,114.6982421875,0,0,2.58228492736816,1.4959659576416,
171,0,33.43903351,0,0,0,29.43003273,0,6.509228706,0,1.985674977,0,14.38295078,7.6681022644043,0.405287325382233,5.51635456085205,0.673467099666595,1.60502195358276,54.1529998779297,114.778694152832,0,0,2.58944463729858,1.49677717685699,
172,0,33.50004578,0,0,0,29.44438744,0,6.513474464,0,1.98595345,0,14.39422131,7.67284250259399,0.405344903469086,5.51956224441528,0.674048662185669,1.61075627803802,54.2277526855469,114.859367370605,0,0,2.59648489952087,1.49757409095764,
173,0,33.55849838,0,0,0,29.45813942,0,6.517539978,0,1.986220002,0,14.40501308,7.67748928070068,0.405401259660721,5.52271223068237,0.674619257450104,1.61644351482391,54.3015251159668,114.940254211426,0,0,2.60340690612793,1.49835669994354,
174,0,33.61694717,0,0,0,29.47190475,0,6.521605968,0,1.986486673,0,14.41580391,7.68204021453857,0.405456453561783,5.52580404281616,0.67517876625061,1.62208223342896,54.3743171691895,115.021354675293,0,0,2.61021137237549,1.49912476539612,
175,0,33.67284012,0,0,0,29.485075,0,6.525494099,0,1.986741304,0,14.4261179,7.68649530410767,0.405510425567627,5.52883720397949,0.675727248191834,1.62767100334167,54.4461364746094,115.102653503418,0,0,2.61689877510071,1.49987840652466,
176,0,33.72872543,0,0,0,29.49824333,0,6.529378891,0,1.986996055,0,14.43642807,7.69085216522217,0.405563175678253,5.53181171417236,0.676264584064484,1.63320863246918,54.5169868469238,115.184143066406,0,0,2.62347030639648,1.50061726570129,
177,0,33.78459549,0,0,0,29.51141548,0,6.533264637,0,1.987250566,0,14.44673061,7.69515657424927,0.405615448951721,5.53473663330078,0.676792681217194,1.63869404792786,54.5868835449219,115.265815734863,0,0,2.62993192672729,1.50134420394897,
178,0,33.83792114,0,0,0,29.52399445,0,6.536970615,0,1.987493277,0,14.45656013,7.69938802719116,0.40566685795784,5.53761005401611,0.67731124162674,1.64412605762482,54.6558418273926,115.347671508789,0,0,2.63628363609314,1.50205862522125,
179,0,33.89123535,0,0,0,29.53657341,0,6.540676117,0,1.987735868,0,14.46638489,7.70353412628174,0.405717074871063,5.54043054580688,0.677819907665253,1.64950382709503,54.7238616943359,115.4296875,0,0,2.64252638816834,1.50275993347168,
180,0,33.94200516,0,0,0,29.54855156,0,6.544203758,0,1.987966895,0,14.47573853,7.70758819580078,0.405766159296036,5.54319763183594,0.678318440914154,1.65482652187347,54.7909545898438,115.511871337891,0,0,2.64866018295288,1.50344789028168,
181,0,33.99276352,0,0,0,29.56054115,0,6.547730923,0,1.988197684,0,14.48508835,7.71154832839966,0.40581402182579,5.5459098815918,0.67880666255950906,1.66009318828583,54.8571243286133,115.594215393066,0,0,2.65468525886536,1.5041218996048,
182,0,34.04351425,0,0,0,29.57252884,0,6.551255226,0,1.988428354,0,14.49443054,7.71545839309692,0.405861437320709,5.54857587814331,0.679286360740662,1.66530334949493,54.9223861694336,115.676712036133,0,0,2.66060733795166,1.50478482246399,
183,0,34.09171677,0,0,0,29.58391953,0,6.5546031,0,1.98864758,0,14.50330353,7.71929550170898,0.405907958745956,5.55119323730469,0.679757118225098,1.67045617103577,54.9867477416992,115.759353637695,0,0,2.66642642021179,1.50543570518494,
184,0,34.13991547,0,0,0,29.59531593,0,6.557952404,0,1.988866568,0,14.5121727,7.72304916381836,0.405953377485275,5.55376052856445,0.680218458175659,1.67555117607117,55.0502128601074,115.842140197754,0,0,2.67214250564575,1.50607419013977,
185,0,34.18810654,0,0,0,29.60670662,0,6.561297894,0,1.989085317,0,14.5210371,7.72675752639771,0.405998349189758,5.55628490447998,0.6806720495224,1.68058800697327,55.1127967834473,115.92505645752,0,0,2.67776131629944,1.50670230388641,
186,0,34.2337532,0,0,0,29.61750793,0,6.564466476,0,1.989292622,0,14.5294323,7.73039674758911,0.406042367219925,5.55876445770264,0.681117296218872,1.6855663061142,55.1745109558105,116.008102416992,0,0,2.68328237533569,1.50731921195984,
187,0,34.27939224,0,0,0,29.62830544,0,6.567635059,0,1.989499807,0,14.53782272,7.73395204544067,0.40608537197113,5.56119632720947,0.681553661823273,1.69048571586609,55.2353630065918,116.091270446777,0,0,2.68870520591736,1.5079243183136,
188,0,34.32249069,0,0,0,29.63850784,0,6.570625782,0,1.989695311,0,14.5457449,7.73741769790649,0.406127214431763,5.56357908248901,0.681980848312378,1.69534587860107,55.295352935791,116.17455291748,0,0,2.69402980804443,1.50851702690125,
189,0,34.36558533,0,0,0,29.64871216,0,6.573617458,0,1.989890814,0,14.55366325,7.74079132080078,0.406167894601822,5.56591081619263,0.68239837884903,1.70014655590057,55.3544845581055,116.257942199707,0,0,2.69925570487976,1.50909674167633,
190,0,34.40867233,0,0,0,29.65891457,0,6.576606274,0,1.990086317,0,14.5615797,7.74411487579346,0.406208097934723,5.56819915771484,0.682807981967926,1.70488750934601,55.4127731323242,116.341430664063,0,0,2.70438814163208,1.50966596603394,
191,0,34.45175171,0,0,0,29.66911697,0,6.579594612,0,1.990281582,0,14.56949043,7.74741125106812,0.406248092651367,5.57045078277588,0.683211088180542,1.7095685005188,55.4702301025391,116.425010681152,0,0,2.70943260192871,1.51022636890411,
192,0,34.49229431,0,0,0,29.67872429,0,6.582407951,0,1.990465403,0,14.57693481,7.75064849853516,0.406287282705307,5.57266187667847,0.683606803417206,1.71418964862823,55.5268707275391,116.508689880371,0,0,2.71438789367676,1.51077687740326,
193,0,34.5328331,0,0,0,29.68833923,0,6.585218906,0,1.990649104,0,14.58437824,7.75380802154541,0.406325459480286,5.57483053207397,0.68399453163147,1.71875095367432,55.5826988220215,116.59245300293,0,0,2.7192530632019,1.51131653785706,
194,0,34.57336044,0,0,0,29.69793892,0,6.588028908,0,1.990832686,0,14.59181499,7.75692653656006,0.406363219022751,5.57696199417114,0.684375643730164,1.72325241565704,55.6377220153809,116.676292419434,0,0,2.72403335571289,1.51184737682343,
195,0,34.61135101,0,0,0,29.70695114,0,6.590662479,0,1.991004825,0,14.5987854,7.75997686386108,0.406400084495544,5.57905340194702,0.684749364852905,1.72769415378571,55.691951751709,116.760200500488,0,0,2.72872734069824,1.51236820220947,
196,0,34.64934158,0,0,0,29.71596336,0,6.593297482,0,1.991176844,0,14.60575485,7.76294612884521,0.406435906887054,5.5811014175415,0.685115039348602,1.73207628726959,55.7453956604004,116.844184875488,0,0,2.73333430290222,1.51287817955017,
197,0,34.68732452,0,0,0,29.72498322,0,6.595930576,0,1.991348863,0,14.61272144,7.76587247848511,0.406471312046051,5.58311319351196,0.685474038124084,1.73639893531799,55.7980613708496,116.928230285645,0,0,2.73785924911499,1.51337909698486,
198,0,34.72277069,0,0,0,29.73339844,0,6.598387718,0,1.991509318,0,14.61922169,7.76873111724854,0.406505763530731,5.58508491516113,0.685825645923615,1.74066209793091,55.8499565124512,117.012329101563,0,0,2.74230074882507,1.51386988162994,
199,0,34.75821686,0,0,0,29.74181557,0,6.600843906,0,1.991669655,0,14.62571812,7.77150726318359,0.40653920173645,5.58701324462891,0.686169147491455,1.74486613273621,55.9010848999023,117.096488952637,0,0,2.74665784835815,1.5143495798111,
200,0,34.7936554,0,0,0,29.75023079,0,6.603301048,0,1.991829991,0,14.63221455,7.77424049377441,0.406572192907333,5.5889048576355,0.686506032943726,1.74901103973389,55.9514579772949,117.180694580078,0,0,2.75093483924866,1.51482021808624,
201,0,34.82909012,0,0,0,29.7586422,0,6.605755806,0,1.991990328,0,14.63870716,7.77695035934448,0.406605035066605,5.59076499938965,0.686837434768677,1.75309717655182,56.001091003418,117.264938354492,0,0,2.75513625144959,1.51528358459473,
202,0,34.8619957,0,0,0,29.76645851,0,6.608035088,0,1.992138982,0,14.64473438,7.77960205078125,0.406637072563171,5.59258985519409,0.687162339687347,1.75712490081787,56.0499877929688,117.349227905273,0,0,2.75926065444946,1.51573801040649,
203,0,34.89742279,0,0,0,29.77488708,0,6.610489845,0,1.992299318,0,14.65122509,7.78222322463989,0.406668841838837,5.59438467025757,0.687481880187988,1.7610945701599101,56.0981636047363,117.433540344238,0,0,2.76331186294556,1.51618528366089,
204,0,34.93031311,0,0,0,29.78270149,0,6.61276722,0,1.992447972,0,14.6572485,7.784827709198,0.406700491905212,5.59615421295166,0.687797009944916,1.7650066614151,56.1456336975098,117.517883300781,0,0,2.76729416847229,1.51662659645081,
205,0,34.96067429,0,0,0,29.7899189,0,6.614870071,0,1.992585182,0,14.66280651,7.78733253479004,0.406730592250824,5.5978832244873,0.688104689121246,1.7688615322113,56.1923942565918,117.602249145508,0,0,2.77119994163513,1.51705753803253,
206,0,34.99356079,0,0,0,29.79773712,0,6.617147446,0,1.992733836,0,14.6688261,7.78978538513184,0.40676012635231,5.59957838058472,0.688406109809875,1.77265954017639,56.238452911377,117.686637878418,0,0,2.77503347396851,1.51747989654541,
207,0,35.02391434,0,0,0,29.80495644,0,6.619249821,0,1.992871046,0,14.67438221,7.79220962524414,0.40678945183754,5.60124492645264,0.688702464103699,1.77640104293823,56.283821105957,117.771034240723,0,0,2.77879858016968,1.51789534091949,
208,0,35.05426788,0,0,0,29.81218147,0,6.621350765,0,1.993008018,0,14.67993736,7.79457378387451,0.406817942857742,5.60287809371948,0.688992619514465,1.78008651733398,56.3285064697266,117.855445861816,0,0,2.78249335289001,1.51830232143402,
209,0,35.08208466,0,0,0,29.81879997,0,6.623276711,0,1.993133664,0,14.68502617,7.79686069488525,0.406845390796661,5.60447359085083,0.689275801181793,1.78371644020081,56.3725128173828,117.93985748291,0,0,2.78611612319946,1.51869976520538,
210,0,35.11243439,0,0,0,29.8260231,0,6.625378609,0,1.993270874,0,14.69057846,7.79910707473755,0.406872481107712,5.60603761672974,0.689553201198578,1.78729104995728,56.4158477783203,118.024269104004,0,0,2.78967094421387,1.51908910274506,
211,0,35.14024734,0,0,0,29.83264542,0,6.6273036,0,1.993396401,0,14.69566536,7.80133152008057,0.406899392604828,5.60757446289063,0.689825832843781,1.79081106185913,56.4585266113281,118.108680725098,0,0,2.79316091537476,1.51947212219238,
212,0,35.16806412,0,0,0,29.83926201,0,6.629226685,0,1.993521929,0,14.7007513,7.80349922180176,0.406925529241562,5.60907936096191,0.690092623233795,1.79427671432495,56.5005531311035,118.193084716797,0,0,2.79658436775208,1.51984691619873,
213,0,35.195869449999996,0,0,0,29.84588814,0,6.63115263,0,1.993647575,0,14.7058363,7.80563592910767,0.406951367855072,5.61055707931519,0.690354585647583,1.79768848419189,56.541934967041,118.277473449707,0,0,2.79994487762451,1.52021503448486,
214,0,35.22367859,0,0,0,29.85251236,0,6.633076668,0,1.993773103,0,14.71091938,7.80775690078735,0.406977087259293,5.61201190948486,0.690612554550171,1.80104696750641,56.582691192627,118.361846923828,0,0,2.80324578285217,1.52057778835297,
215,0,35.24895477,0,0,0,29.85852814,0,6.63482523,0,1.993887067,0,14.71553802,7.80982446670532,0.407002031803131,5.61343765258789,0.690865278244019,1.80435287952423,56.6228179931641,118.446197509766,0,0,2.80648493766785,1.52093327045441,
216,0,35.27423096,0,0,0,29.86455536,0,6.636573792,0,1.9940011500000001,0,14.72015762,7.81181812286377,0.407025933265686,5.61483001708984,0.69111180305481,1.80760657787323,56.6623268127441,118.53052520752,0,0,2.80965971946716,1.521280169487,
217,0,35.29950333,0,0,0,29.87057304,0,6.6383214,0,1.994115114,0,14.72477436,7.81377267837524,0.407049477100372,5.6161937713623,0.69135320186615,1.81080853939056,56.7012214660645,118.614822387695,0,0,2.81277394294739,1.52161991596222,
218,0,35.32477188,0,0,0,29.87659645,0,6.640070438,0,1.994229198,0,14.72939205,7.81570672988892,0.407072871923447,5.61753368377686,0.691590309143066,1.81395936012268,56.7395133972168,118.699089050293,0,0,2.81583070755005,1.52195382118225,
219,0,35.35004807,0,0,0,29.88262367,0,6.641818523,0,1.994343042,0,14.73400879,7.81762933731079,0.407096147537231,5.61885356903076,0.691823959350586,1.81705951690674,56.777214050293,118.783317565918,0,0,2.81883335113525,1.5222829580307,
220,0,35.37278748,0,0,0,29.88804436,0,6.643390179,0,1.994445682,0,14.73816109,7.81950092315674,0.407118678092957,5.62014627456665,0.692052781581879,1.82010972499847,56.8143310546875,118.86750793457,0,0,2.82177901268005,1.52260529994965,
221,0,35.39552307,0,0,0,29.89346695,0,6.644962311,0,1.9945480820000001,0,14.74231434,7.82129955291748,0.407140254974365,5.62140798568726,0.692275702953339,1.82311058044434,56.8508644104004,118.95166015625,0,0,2.82466530799866,1.5229195356369,
222,0,35.42078781,0,0,0,29.89948845,0,6.646709919,0,1.994662046,0,14.74692631,7.82310581207275,0.40716215968132,5.62265157699585,0.692495703697205,1.8260623216629,56.8868293762207,119.035758972168,0,0,2.82750105857849,1.52322971820831,
223,0,35.44099808,0,0,0,29.90431023,0,6.648107529,0,1.994753122,0,14.75061607,7.82487058639526,0.407183438539505,5.62387084960938,0.692711353302002,1.82896590232849,56.9222297668457,119.119812011719,0,0,2.83028316497803,1.52353394031525,
224,0,35.46373367,0,0,0,29.90973473,0,6.649678707,0,1.994855642,0,14.75476646,7.82656812667847,0.407203793525696,5.62506103515625,0.692921578884125,1.83182168006897,56.9570732116699,119.203804016113,0,0,2.8330090045929,1.52383053302765,
225,0,35.48646545,0,0,0,29.91516304,0,6.651250839,0,1.994958162,0,14.7589159,7.82827520370483,0.407224535942078,5.62623500823975,0.693129122257233,1.83463025093079,56.9913673400879,119.287742614746,0,0,2.83568739891052,1.52412343025208,
226,0,35.50667191,0,0,0,29.91997528,0,6.652647018,0,1.995049119,0,14.7626009,7.82994222640991,0.407244682312012,5.62738656997681,0.693332552909851,1.83739221096039,57.0251235961914,119.371620178223,0,0,2.8383150100708,1.52441072463989,
227,0,35.52687454,0,0,0,29.92480087,0,6.654043198,0,1.995140195,0,14.76628876,7.83154249191284,0.407263815402985,5.62850952148438,0.693530797958374,1.84010815620422,57.0583381652832,119.455429077148,0,0,2.84088969230652,1.52469062805176,
228,0,35.54708099,0,0,0,29.92962074,0,6.655440331,0,1.995231271,0,14.76997566,7.83310842514038,0.407282620668411,5.62960815429688,0.693724691867828,1.84277880191803,57.0910224914551,119.539169311523,0,0,2.84341359138489,1.52496445178986,
229,0,35.56727982,0,0,0,29.93444443,0,6.656836033,0,1.995322227,0,14.77365971,7.83465528488159,0.407301306724548,5.63068675994873,0.693914949893951,1.84540438652039,57.1231880187988,119.622848510742,0,0,2.84588956832886,1.52523326873779,
230,0,35.58748245,0,0,0,29.93926811,0,6.658231735,0,1.995413184,0,14.77734566,7.83619165420532,0.407319903373718,5.63174819946289,0.694102227687836,1.84798562526703,57.154842376709,119.70645904541,0,0,2.84832072257996,1.52549803256989,
231,0,35.60767746,0,0,0,29.94408989,0,6.659627438,0,1.995504141,0,14.78102875,7.83772277832031,0.407338470220566,5.6327953338623,0.694287061691284,1.85052311420441,57.1859931945801,119.789985656738,0,0,2.8507091999054,1.52575933933258,
232,0,35.62535477,0,0,0,29.94830894,0,6.660849571,0,1.995583773,0,14.78425121,7.83920621871948,0.407356351613998,5.63382053375244,0.694468021392822,1.85301756858826,57.2166519165039,119.873435974121,0,0,2.85305142402649,1.52601516246796,
233,0,35.64554977,0,0,0,29.95313263,0,6.66224432,0,1.995674729,0,14.7879343,7.84066438674927,0.407373934984207,5.63482713699341,0.694645702838898,1.85546958446503,57.2468223571777,119.95679473877,0,0,2.85535025596619,1.52626657485962,
234,0,35.66322327,0,0,0,29.95735359,0,6.663465023,0,1.995754361,0,14.79115677,7.84210920333862,0.407391428947449,5.63581848144531,0.694820702075958,1.85787975788116,57.2765121459961,120.040069580078,0,0,2.8576078414917,1.52651417255402,
235,0,35.68089294,0,0,0,29.96157265,0,6.664685249,0,1.995833755,0,14.79437733,7.84350109100342,0.407408118247986,5.63678741455078,0.694991528987885,1.86024868488312,57.3057250976563,120.123260498047,0,0,2.8598210811615,1.52675592899323,
236,0,35.69856262,0,0,0,29.96579933,0,6.665906429,0,1.995913506,0,14.79759884,7.8448657989502,0.407424539327621,5.63773727416992,0.695159018039703,1.86257696151733,57.3344650268555,120.206359863281,0,0,2.8619921207428,1.52699291706085,
237,0,35.71622849,0,0,0,29.9700222,0,6.667127132,0,1.995993018,0,14.8008194,7.84621620178223,0.407440930604935,5.63867139816284,0.695323646068573,1.86486518383026,57.3627510070801,120.289367675781,0,0,2.86412358283997,1.52722609043121,
238,0,35.73137283,0,0,0,29.97363091,0,6.668172359,0,1.996061087,0,14.80357742,7.8475136756897,0.407456457614899,5.63958215713501,0.695484101772308,1.86711394786835,57.3905754089355,120.372276306152,0,0,2.86621165275574,1.5274533033371,
239,0,35.7490387,0,0,0,29.97785568,0,6.669392109,0,1.99614048,0,14.80679607,7.84878301620483,0.407471716403961,5.64047384262085,0.695641040802002,1.86932373046875,57.4179458618164,120.455093383789,0,0,2.86825895309448,1.52767562866211,
240,0,35.76418304,0,0,0,29.981472019999998,0,6.670437813,0,1.996208787,0,14.8095541,7.85003757476807,0.407486855983734,5.64134931564331,0.695795178413391,1.87149500846863,57.4448738098145,120.537803649902,0,0,2.87026739120483,1.52789402008057,
241,0,35.77932739,0,0,0,29.98509598,0,6.671483517,0,1.996276855,0,14.81231499,7.85123920440674,0.40750128030777,5.64220142364502,0.695944964885712,1.87362849712372,57.4713554382324,120.620414733887,0,0,2.87223386764526,1.52810633182526,
242,0,35.79446411,0,0,0,29.98871613,0,6.672530174,0,1.996345043,0,14.81507301,7.85241317749023,0.407515376806259,5.64303398132324,0.696091294288635,1.8757244348526,57.4974021911621,120.702919006348,0,0,2.87416052818298,1.52831363677979,
243,0,35.81212616,0,0,0,29.99293709,0,6.67374897,0,1.996424437,0,14.81828976,7.8536171913147,0.407530039548874,5.64385938644409,0.696236550807953,1.87778353691101,57.5230255126953,120.785316467285,0,0,2.8760552406311,1.52851974964142,
244,0,35.82474518,0,0,0,29.99595261,0,6.674619675,0,1.996481299,0,14.82058716,7.85479211807251,0.40754422545433,5.64466905593872,0.696379125118256,1.8798063993454,57.5482330322266,120.867599487305,0,0,2.8779137134552,1.5287219285965,
245,0,35.8398819,0,0,0,29.99957466,0,6.675665379,0,1.996549368,0,14.82334518,7.85590648651123,0.407557547092438,5.64545631408691,0.696517527103424,1.88179349899292,57.5730209350586,120.949768066406,0,0,2.87973260879517,1.52891826629639,
246,0,35.85502243,0,0,0,30.00319481,0,6.676710606,0,1.996617556,0,14.82610226,7.85703468322754,0.407571226358414,5.6462345123291,0.696654438972473,1.88374531269073,57.5974044799805,121.03182220459,0,0,2.88151979446411,1.52911233901978,
247,0,35.86763382,0,0,0,30.00620842,0,6.67757988,0,1.996674061,0,14.82839775,7.85812377929688,0.407584339380264,5.64699506759644,0.696788191795349,1.88566255569458,57.6213836669922,121.113761901855,0,0,2.88327121734619,1.52930212020874,
248,0,35.88277054,0,0,0,30.00983238,0,6.678626537,0,1.996742249,0,14.83115387,7.85919332504272,0.407597184181213,5.64774084091187,0.696919322013855,1.88754570484161,57.6449699401855,121.195579528809,0,0,2.88498902320862,1.52948808670044,
249,0,35.89538574,0,0,0,30.0128479,0,6.679495811,0,1.996798992,0,14.83345032,7.86025238037109,0.40760999917984,5.64847421646118,0.697048246860504,1.88939523696899,57.6681671142578,121.277275085449,0,0,2.88667464256287,1.52967119216919,
250,0,35.91051865,0,0,0,30.01646996,0,6.680540085,0,1.996867061,0,14.83620548,7.86130475997925,0.407622784376144,5.64919710159302,0.697175443172455,1.89121174812317,57.6909828186035,121.358848571777,0,0,2.88833022117615,1.52985179424286,
251,0,35.92313385,0,0,0,30.0194931,0,6.681411743,0,1.996923804,0,14.83850288,7.86235427856445,0.407635509967804,5.64991092681885,0.697301149368286,1.89299583435059,57.7134284973145,121.440299987793,0,0,2.88995695114136,1.53003036975861,
252,0,35.93574524,0,0,0,30.02251244,0,6.682282448,0,1.996980548,0,14.84079933,7.86335802078247,0.407647579908371,5.65060806274414,0.697423756122589,1.89474809169769,57.7355041503906,121.521621704102,0,0,2.89155125617981,1.53020453453064,
253,0,35.94835663,0,0,0,30.02552032,0,6.683152676,0,1.997037172,0,14.84309292,7.8643364906311,0.407659292221069,5.65129089355469,0.697543799877167,1.89646899700165,57.7572135925293,121.602806091309,0,0,2.89311480522156,1.5303750038147,
254,0,35.9584465,0,0,0,30.02794075,0,6.683848858,0,1.997082591,0,14.8449297,7.86525774002075,0.407670199871063,5.65195226669312,0.697659850120544,1.89815902709961,57.7785606384277,121.683860778809,0,0,2.89464378356934,1.53053975105286,
255,0,35.97105408,0,0,0,30.03095627,0,6.684719563,0,1.997139215,0,14.84722328,7.86614847183228,0.407680869102478,5.65259552001953,0.697772562503815,1.89981842041016,57.7995414733887,121.764785766602,0,0,2.89613962173462,1.53069996833801,
256,0,35.98366165,0,0,0,30.03397369,0,6.685587883,0,1.997195959,0,14.84951782,7.86706733703613,0.407692104578018,5.65323257446289,0.697884440422058,1.90144777297974,57.8201751708984,121.845565795898,0,0,2.89761018753052,1.53085899353027,
257,0,35.99375153,0,0,0,30.03639221,0,6.686285019,0,1.997241259,0,14.85135365,7.86795616149902,0.407702803611755,5.65385580062866,0.697993755340576,1.90304744243622,57.840461730957,121.926208496094,0,0,2.89905095100403,1.53101432323456,
258,0,36.0063591,0,0,0,30.03940964,0,6.687155247,0,1.997298002,0,14.85364819,7.86882877349854,0.407713353633881,5.65446662902832,0.698100864887238,1.90461802482605,57.8604049682617,122.006713867188,0,0,2.90046358108521,1.5311666727066,
259,0,36.01644516,0,0,0,30.04181862,0,6.687850952,0,1.997343302,0,14.8554821,7.86969375610352,0.407723814249039,5.6550669670105,0.6982062458992,1.90615999698639,57.8800163269043,122.08708190918,0,0,2.90184950828552,1.53131651878357,
260,0,36.02906036,0,0,0,30.04483795,0,6.688720703,0,1.997400045,0,14.85777664,7.87055444717407,0.407734215259552,5.65565872192383,0.698310196399689,1.90767383575439,57.899299621582,122.16731262207,0,0,2.90321063995361,1.53146433830261,
261,0,36.03914261,0,0,0,30.04725266,0,6.689415932,0,1.997445345,0,14.85961056,7.87141227722168,0.407744646072388,5.65624284744263,0.698412954807281,1.90916001796722,57.9182624816895,122.247398376465,0,0,2.90454816818237,1.53161060810089,
262,0,36.04922867,0,0,0,30.04967117,0,6.69011116,0,1.997490644,0,14.86144543,7.87222385406494,0.407754331827164,5.65681171417236,0.69851279258728,1.91061913967133,57.9369087219238,122.327331542969,0,0,2.90585732460022,1.53175258636475,
263,0,36.05931473,0,0,0,30.05208588,0,6.690808773,0,1.997535944,0,14.86327934,7.87301206588745,0.407763749361038,5.65736770629883,0.698610246181488,1.91205167770386,57.9552383422852,122.407119750977,0,0,2.90714001655579,1.53189122676849,
264,0,36.06940079,0,0,0,30.05449677,0,6.691503525,0,1.997581244,0,14.8651123,7.87378692626953,0.407773077487946,5.6579122543335,0.698705732822418,1.91345798969269,57.9732551574707,122.486755371094,0,0,2.90839767456055,1.53202712535858,
265,0,36.07948685,0,0,0,30.05691338,0,6.6921987530000004,0,1.997626543,0,14.86694813,7.87455415725708,0.407782375812531,5.658447265625,0.698799610137939,1.9148383140564,57.9909706115723,122.566246032715,0,0,2.9096314907074,1.53216063976288,
266,0,36.08956528,0,0,0,30.05932808,0,6.692894936,0,1.997671962,0,14.86878109,7.87531852722168,0.407791644334793,5.65897417068481,0.698892176151276,1.91619324684143,58.0083847045898,122.645584106445,0,0,2.91084313392639,1.53229236602783,
267,0,36.09965134,0,0,0,30.06173897,0,6.693588734,0,1.997717261,0,14.87061501,7.87608098983765,0.407800912857056,5.65949487686157,0.698983609676361,1.91752338409424,58.0255088806152,122.72477722168,0,0,2.91203331947327,1.53242254257202,
268,0,36.10721588,0,0,0,30.06356239,0,6.694112301,0,1.997751236,0,14.8719902,7.87679767608643,0.407809436321259,5.66000080108643,0.699072301387787,1.91882884502411,58.0423431396484,122.803810119629,0,0,2.9131977558136,1.53254878520966,
269,0,36.11729813,0,0,0,30.06596947,0,6.694807529,0,1.997796535,0,14.87382317,7.87749052047729,0.407817721366882,5.66049385070801,0.699158608913422,1.92011034488678,58.0588836669922,122.882690429688,0,0,2.91433811187744,1.53267168998718,
270,0,36.12486267,0,0,0,30.06778145,0,6.695327759,0,1.99783051,0,14.87519741,7.87816905975342,0.407825857400894,5.66097593307495,0.699243068695068,1.92136800289154,58.0751419067383,122.961418151855,0,0,2.91545557975769,1.53279185295105,
271,0,36.13494873,0,0,0,30.07020378,0,6.696024895,0,1.99787581,0,14.87703228,7.87884187698364,0.407833993434906,5.66144895553589,0.699325919151306,1.92260241508484,58.091121673584,123.039978027344,0,0,2.91655135154724,1.53290987014771,
272,0,36.14250565,0,0,0,30.07201004,0,6.696546555,0,1.997909665,0,14.87840462,7.87951135635376,0.407842099666595,5.66191434860229,0.699407458305359,1.92381393909454,58.1068305969238,123.118385314941,0,0,2.91762685775757,1.53302609920502,
273,0,36.15258789,0,0,0,30.07443237,0,6.697241783,0,1.997955084,0,14.88023949,7.88017892837524,0.407850176095963,5.66237306594849,0.699487924575806,1.92500293254852,58.1222724914551,123.196632385254,0,0,2.91868281364441,1.53314077854156,
274,0,36.16015244,0,0,0,30.07624435,0,6.697762012,0,1.997989058,0,14.88161373,7.8808445930481,0.40785825252533,5.66282653808594,0.699567496776581,1.92616975307465,58.1374549865723,123.274711608887,0,0,2.91972064971924,1.53325426578522,
275,0,36.16771317,0,0,0,30.07805061,0,6.698283195,0,1.998023033,0,14.88298702,7.88146448135376,0.407865673303604,5.6632661819458,0.699644446372986,1.92731511592865,58.1523742675781,123.352630615234,0,0,2.92073535919189,1.5333639383316,
276,0,36.1752739,0,0,0,30.07986069,0,6.698804855,0,1.998056889,0,14.88436127,7.88206100463867,0.407872766256332,5.66369342803955,0.699719250202179,1.92843902111053,58.1670379638672,123.430389404297,0,0,2.92172861099243,1.53347051143646,
277,0,36.18283844,0,0,0,30.08167076,0,6.699326515,0,1.998090863,0,14.88573647,7.88264513015747,0.407879769802094,5.66411066055298,0.699792265892029,1.92954182624817,58.1814460754395,123.50798034668,0,0,2.92270112037659,1.53357458114624,
278,0,36.19039917,0,0,0,30.08348656,0,6.699848175,0,1.998124838,0,14.88710976,7.88322257995605,0.40788671374321,5.66451978683472,0.69986379146575906,1.93062400817871,58.1956024169922,123.585403442383,0,0,2.92365431785584,1.53367650508881,
279,0,36.1979599,0,0,0,30.08529663,0,6.700369358,0,1.998158813,0,14.888484,7.88379621505737,0.407893627882004,5.66492176055908,0.699934124946594,1.93168580532074,58.2095146179199,123.662658691406,0,0,2.92458915710449,1.53377676010132,
280,0,36.20552063,0,0,0,30.08711052,0,6.700890541,0,1.998192787,0,14.8898592,7.88436841964722,0.407900601625443,5.66531753540039,0.700003445148468,1.93272769451141,58.2231826782227,123.73974609375,0,0,2.92550659179688,1.53387570381165,
281,0,36.21308136,0,0,0,30.08891869,0,6.70141077,0,1.998226643,0,14.89123154,7.88493871688843,0.407907515764236,5.66570806503296,0.70007199048996,1.93374991416931,58.2366218566895,123.816665649414,0,0,2.92640781402588,1.53397345542908,
282,0,36.22064209,0,0,0,30.09073639,0,6.701932907,0,1.998260617,0,14.89260674,7.88550853729248,0.407914459705353,5.66609477996826,0.700139820575714,1.93475306034088,58.2498321533203,123.893417358398,0,0,2.92729330062866,1.53407025337219,
283,0,36.22568512,0,0,0,30.09194756,0,6.702280998,0,1.998283386,0,14.89352226,7.88603353500366,0.407920688390732,5.66646862030029,0.700205206871033,1.9357373714447,58.2628059387207,123.969985961914,0,0,2.92815852165222,1.53416359424591,
284,0,36.23324585,0,0,0,30.09375381,0,6.702801704,0,1.998317361,0,14.89489555,7.88653516769409,0.407926678657532,5.66683101654053,0.700268626213074,1.93670320510864,58.2755546569824,124.04638671875,0,0,2.92900466918945,1.5342538356781,
285,0,36.24080276,0,0,0,30.09556961,0,6.703322411,0,1.998351216,0,14.8962698,7.88706874847412,0.407933205366135,5.66719388961792,0.700332224369049,1.9376505613327,58.2880821228027,124.122619628906,0,0,2.92983841896057,1.53434455394745,
286,0,36.24584198,0,0,0,30.09677315,0,6.703670025,0,1.998373866,0,14.89718342,7.88757371902466,0.407939285039902,5.66754674911499,0.700394093990326,1.93858027458191,58.3003959655762,124.198677062988,0,0,2.93065476417542,1.53443276882172,
287,0,36.25340271,0,0,0,30.09858131,0,6.704191685,0,1.998407722,0,14.89855766,7.88806533813477,0.407945185899735,5.66789197921753,0.700454533100128,1.93949234485626,58.3124961853027,124.274566650391,0,0,2.9314546585083,1.53451883792877,
288,0,36.25844193,0,0,0,30.09979439,0,6.704539299,0,1.998430371,0,14.89947319,7.88854885101318,0.407950967550278,5.66823053359985,0.70051383972168,1.94038724899292,58.3243827819824,124.350280761719,0,0,2.93223905563354,1.53460335731506,
289,0,36.26599884,0,0,0,30.10161018,0,6.705060005,0,1.998464346,0,14.90084648,7.88902807235718,0.407956779003143,5.66856384277344,0.700572192668915,1.94126498699188,58.3360633850098,124.425811767578,0,0,2.93300843238831,1.53468656539917,
290,0,36.27104187,0,0,0,30.10281372,0,6.705407619,0,1.998486996,0,14.9017601,7.88950490951538,0.407962560653687,5.66889238357544,0.700629711151123,1.94212627410889,58.347541809082,124.501167297363,0,0,2.9337637424469,1.53476870059967,
291,0,36.27608109,0,0,0,30.10402489,0,6.705755234,0,1.998509526,0,14.90267658,7.8899359703064,0.407967627048492,5.66920757293701,0.700684666633606,1.94297122955322,58.358814239502,124.576347351074,0,0,2.93450045585632,1.53484725952148,
292,0,36.28364182,0,0,0,30.10584068,0,6.706275463,0,1.9985435009999999,0,14.90404987,7.89038753509521,0.407973110675812,5.66952085494995,0.700739502906799,1.94380009174347,58.3698959350586,124.651351928711,0,0,2.93522500991821,1.53492558002472,
293,0,36.28867722,0,0,0,30.10704803,0,6.706622601,0,1.998566151,0,14.90496635,7.89084959030151,0.407978743314743,5.66983222961426,0.700794160366058,1.9446132183075,58.3807830810547,124.726181030273,0,0,2.93593811988831,1.53500366210938,
294,0,36.29371262,0,0,0,30.10824966,0,6.706969261,0,1.9985888,0,14.90587997,7.89127254486084,0.407983809709549,5.67013263702393,0.70084673166275,1.94541096687317,58.3914794921875,124.800827026367,0,0,2.93663477897644,1.5350786447525,
295,0,36.29875565,0,0,0,30.10946083,0,6.707316399,0,1.99861145,0,14.9067955,7.89167499542236,0.407988578081131,5.67042398452759,0.700897693634033,1.94619345664978,58.401985168457,124.875289916992,0,0,2.93731594085693,1.53515136241913,
296,0,36.303794860000004,0,0,0,30.110672,0,6.707664013,0,1.998633981,0,14.90771103,7.89206695556641,0.407993286848068,5.67070817947388,0.700947225093842,1.9469610452652,58.4123039245605,124.949584960938,0,0,2.9379825592041,1.53522205352783,
297,0,36.30883789,0,0,0,30.11188316,0,6.708011627,0,1.998656631,0,14.90862751,7.89245319366455,0.407997906208038,5.67098569869995,0.700995564460754,1.947713971138,58.4224395751953,125.023696899414,0,0,2.93863534927368,1.53529107570648,
298,0,36.31387329,0,0,0,30.11308861,0,6.708360195,0,1.998679161,0,14.90954113,7.8928370475769,0.408002495765686,5.67125797271729,0.701043009757996,1.94845223426819,58.4323921203613,125.097610473633,0,0,2.93927478790283,1.53535866737366,
299,0,36.31891251,0,0,0,30.11429596,0,6.708707333,0,1.998701811,0,14.91045475,7.89321851730347,0.408007144927979,5.67152500152588,0.701089680194855,1.9491765499115,58.4421691894531,125.171356201172,0,0,2.93990159034729,1.53542542457581,
300,0,36.32395172,0,0,0,30.1155014,0,6.709053516,0,1.998724461,0,14.91137123,7.89359855651855,0.408011794090271,5.67178821563721,0.701135754585266,1.94988679885864,58.4517707824707,125.244918823242,0,0,2.94051671028137,1.53549122810364,
