"Time Step","Softwood Merchantable","Hardwood Merchantable","Softwood Submerchantable","Hardwood Submerchantable","Softwood Other","Hardwood Other","Softwood Foliage","Hardwood Foliage","Softwood Fine Roots","Hardwood Fine Roots","Softwood Coarse Roots","Hardwood Coarse Roots","Aboveground Very Fast DOM","Belowground Very Fast DOM","Aboveground Fast DOM","Belowground Fast DOM","Medium DOM","Aboveground Slow DOM","Belowground Slow DOM","Softwood Stem Snag","Softwood Branch Snag","Hardwood Stem Snag","Hardwood Branch Snag",
0,6.91654941e-6,0,0,0,0,0,0.04794337973,0,0.004529927857,0,0.006115037948,0,9.86228561401367,1.67476630210876,35.1437377929688,6.02501821517944,7.55813455581665,27.9712371826172,62.1184120178223,1.53895580723429e-8,0,0,0,
1,6.669863797e-5,0,0,0,0,0,0.1495976001,0,0.01410708483,0,0.01911838725,0,8.19221210479736,1.17999005317688,32.1514205932617,5.51211357116699,7.39040470123291,28.4406070709229,62.2563629150391,1.78528082983576e-7,0,0,0,
2,2.511019993e-4,0,0,0,0,0,0.2906451225,0,0.0273335427,0,0.0372454226,0,6.81985378265381,0.834576308727264,29.4140377044678,5.04302406311035,7.2263970375061,28.8089656829834,62.3639945983887,8.78014873251232e-7,0,0,0,
3,6.431824295e-4,0,0,0,0.04643816873,0,0.4185248017,0,0.04358065873,0,0.05978390574,0,5.69644737243652,0.594963192939758,26.9105625152588,4.61406230926514,7.06602907180786,29.0906429290771,62.4490814208984,2.83030112768756e-6,2.2230550530366e-4,0,0,
4,0.001334047643,0,0,0,0.1455274522,0,0.5230337381,0,0.0624188967,0,0.08629786968,0,4.7787971496582,0.430393844842911,24.6224937438965,4.22185087203979,6.90921974182129,29.2978839874268,62.5171890258789,7.10873518983135e-6,0.00111052114516497,0,0,
5,0.002421228681,0,0,0,0.2726780474,0,0.6257573962,0,0.08351114392,0,0.1164790243,0,4.03143835067749,0.319150030612946,22.5326976776123,3.86329460144043,6.75589036941528,29.4411659240723,62.5723304748535,1.51605181599734e-5,0.00295892124995589,0,0,
6,0.004007646348,0,0,0,0.4256700873,0,0.726467371,0,0.1065735891,0,0.1500906348,0,3.4257538318634,0.245887011289597,20.6251487731934,3.53556060791016,6.60596418380737,29.5295124053955,62.6174201965332,2.88170085696038e-5,0.0058927359059453,0,0,
7,0.00620087143,0,0,0,0.6025522947,0,0.8250178099,0,0.1313573271,0,0.1869398206,0,2.93791651725769,0.199752554297447,18.8851432800293,3.23605513572693,6.45936584472656,29.5707054138184,62.6545906066895,5.02996444993187e-5,0.00999990478157997,0,0,
8,0.009112553671,0,0,0,0.8015598655,0,0.9213160872,0,0.15763881800000001,0,0.2268626094,0,2.54808783531189,0.173060834407806,17.2991790771484,2.96240305900574,6.31602096557617,29.5714664459229,62.6854209899902,8.22226866148412e-5,0.015338416211307,0,0,
9,0.01285794843,0,0,0,1.021064997,0,1.0153054,0,0.1852142066,0,0.2697144151,0,2.23974680900574,0.160358130931854,15.854868888855,2.71243071556091,6.17585897445679,29.5376167297363,62.7110900878906,1.2759353558067e-4,0.0219419971108437,0,0,
10,0.01755550876,0,0,0,1.259544969,0,1.106954575,0,0.213896051,0,0.315364182,0,1.99913275241852,0.157764673233032,14.5408325195313,2.4841480255127,6.03880882263184,29.4742069244385,62.7325057983398,1.8981103494297e-4,0.0298246257007122,0,0,
11,0.02332652546,0,0,0,1.515560269,0,1.196251273,0,0.2435109764,0,0.363689661,0,1.81477987766266,0.162511065602303,13.3466215133667,2.27573299407959,5.90480184555054,29.3856296539307,62.7503700256348,2.7266226243227e-4,0.0389841683208942,0,0,
12,0.03029477783,0,0,0,1.787740469,0,1.283196926,0,0.2738982141,0,0.4145753086,0,1.67713165283203,0.172611892223358,12.2626361846924,2.08551788330078,5.77377080917358,29.275707244873,62.7652359008789,3.8031765143387e-4,0.0494053363800049,0,0,
13,0.03858621046,0,0,0,2.074773073,0,1.36780405,0,0.3049087226,0,0.4679096043,0,1.57821977138519,0.186635881662369,11.2800531387329,1.91197609901428,5.64565134048462,29.1477813720703,62.7775459289551,5.1732506835833e-4,0.0610621012747288,0,0,
14,0.04832862318,0,0,0,2.37539649,0,1.450093031,0,0.3364040852,0,0.5235835314,0,1.51139676570892,0.20354400575161,10.3907651901245,1.75370979309082,5.52037954330444,29.0047645568848,62.7876625061035,6.8860256578773e-4,0.0739197209477425,0,0,
15,0.05965134129,0,0,0,2.688393831,0,1.530091047,0,0.3682563305,0,0.5814899206,0,1.47111475467682,0.222575411200523,9.58731460571289,1.60943913459778,5.39789295196533,28.8492107391357,62.7958946228027,8.9943018974736e-4,0.0879364013671875,0,0,
16,0.07268490642,0,0,0,3.012589693,0,1.607830048,0,0.4003469944,0,0.6415222883,0,1.45274090766907,0.243167266249657,8.86284351348877,1.47799241542816,5.27813100814819,28.6833591461182,62.8024978637695,0.00115544034633785,0.103064671158791,0,0,
17,0.08756074309,0,0,0,3.346846104,0,1.683345795,0,0.4325669408,0,0.703574121,0,1.45240473747253,0.264898061752319,8.21103763580322,1.35829651355743,5.16103506088257,28.5091781616211,62.8076934814453,0.00146260776091367,0.119252532720566,0,0,
18,0.1044108421,0,0,0,3.690061331,0,1.756677628,0,0.4648160636,0,0.7675391436,0,1.46687042713165,0.28744775056839,7.62608575820923,1.24936902523041,5.04654693603516,28.3283882141113,62.8116760253906,0.00182723777834326,0.136444494128227,0,0,
19,0.123367399,0,0,0,4.041166782,0,1.827866554,0,0.4970024228,0,0.8333105445,0,1.49343144893646,0.310569614171982,7.10263633728027,1.15031003952026,4.93461132049561,28.1425113677979,62.8146133422852,0.00225595431402326,0.154582321643829,0,0,
20,0.1445624679,0,0,0,4.39912796,0,1.896955848,0,0.5290426016,0,0.9007809162,0,1.5298228263855,0.334070324897766,6.6357569694519,1.06029522418976,4.82517290115356,27.952880859375,62.816650390625,0.00275568570941687,0.173605784773827,0,0,
21,0.1681275815,0,0,0,4.762940884,0,1.963990092,0,0.5608605742,0,0.9698424935,0,1.57414782047272,0.35779595375061,6.22090101242065,0.978569567203522,4.71817922592163,27.7606716156006,62.817928314209,0.0033336509950459,0.193453192710876,0,0,
22,0.194193393,0,0,0,5.131633759,0,2.029014587,0,0.5923878551,0,1.040386915,0,1.62481772899628,0.381621956825256,5.85387563705444,0.904441237449646,4.6135778427124,27.5669193267822,62.8185691833496,0.003997344058007,0.214061975479126,0,0,
23,0.2228892893,0,0,0,5.504265308,0,2.092075109,0,0.6235629916,0,1.112306118,0,1.68050074577332,0.405446141958237,5.53081226348877,0.837276518344879,4.51131820678711,27.3725299835205,62.8186798095703,0.00475451676174998,0.235369026660919,0,0,
24,0.2543429136,0,0,0,5.879925251,0,2.153218508,0,0.6543313265,0,1.185490847,0,1.74008095264435,0.429183453321457,5.24813890457153,0.77649450302124,4.41135168075562,27.1783027648926,62.8183555603027,0.00561316218227148,0.257311135530472,0,0,
25,0.2886798084,0,0,0,6.257732391,0,2.212491274,0,0.6846441031,0,1.259832501,0,1.80262207984924,0.452762514352798,5.00255680084229,0.721562802791595,4.31363105773926,26.9849395751953,62.8176803588867,0.00658149411901832,0.279825210571289,0,0,
26,0.3260229826,0,0,0,6.636837482,0,2.269939661,0,0.7144587636,0,1.335222721,0,1.86733973026276,0.476122826337814,4.79101705551147,0.671993374824524,4.21810913085938,26.7930564880371,62.8167381286621,0.00766792939975858,0.302848666906357,0,0,
27,0.3664924204,0,0,0,7.016421318,0,2.325610399,0,0.7437385321,0,1.411553979,0,1.93357622623444,0.499212801456451,4.6107006072998,0.627338707447052,4.1247410774231,26.6031894683838,62.815601348877,0.00888106599450111,0.326319545507431,0,0,
28,0.410204649,0,0,0,7.395694256,0,2.379549265,0,0.7724512815,0,1.488718152,0,2.00078082084656,0.521988451480865,4.4590015411377,0.587188422679901,4.03348302841187,26.4158020019531,62.8143272399902,0.0102296583354473,0.350176751613617,0,0,
29,0.4572722316,0,0,0,7.773897648,0,2.431802034,0,0.8005700707,0,1.566609621,0,2.06849217414856,0.54441225528717,4.33350563049316,0.551166117191315,3.94429230690002,26.2313060760498,62.8129806518555,0.0117225991562009,0.374360233545303,0,0,
30,0.5078033209,0,0,0,8.150304794,0,2.482414007,0,0.8280726075,0,1.645123482,0,2.1363248825073202,0.566452085971832,4.23197889328003,0.518926560878754,3.85712742805481,26.0500507354736,62.8116149902344,0.0133688906207681,0.398811131715775,0,0,
31,0.5619012117,0,0,0,8.524216652,0,2.531429291,0,0.8549403548,0,1.724154949,0,2.20395803451538,0.588081002235413,4.15235042572021,0.490152776241302,3.77194833755493,25.87233543396,62.8102684020996,0.0151776196435094,0.423471957445145,0,0,
32,0.6196636558,0,0,0,8.894968987,0,2.578891993,0,0.8811590075,0,1.803603411,0,2.27112412452698,0.609276115894318,4.09270238876343,0.464553952217102,3.688716173172,25.6984195709229,62.8089904785156,0.0171579346060753,0.448286563158035,0,0,
33,0.6811826229,0,0,0,9.261926651,0,2.624845266,0,0.9067175388,0,1.883368492,0,2.33760166168213,0.630018532276154,4.05125522613525,0.441863089799881,3.60739326477051,25.5285167694092,62.8078117370605,0.0193190164864063,0.473200410604477,0,0,
34,0.7465435863,0,0,0,9.624485016,0,2.669331789,0,0.9316082597,0,1.963351965,0,2.40320801734924,0.650292992591858,4.02635812759399,0.421835064888,3.5279426574707,25.3628101348877,62.806770324707,0.0216700453311205,0.498160541057587,0,0,
35,0.8158251643,0,0,0,9.982073784,0,2.712393045,0,0.9558265209,0,2.043458462,0,2.46779370307922,0.670087218284607,4.01647901535034,0.404244691133499,3.4503288269043,25.2014484405518,62.8059005737305,0.0242201704531908,0.523115754127502,0,0,
36,0.8890984654,0,0,0,10.33414936,0,2.754069805,0,0.9793699384,0,2.123594761,0,2.53123688697815,0.689391851425171,4.02019596099854,0.388885080814362,3.37451720237732,25.044548034668,62.8052215576172,0.0269784927368164,0.548016488552094,0,0,
37,0.9664266706,0,0,0,10.68020535,0,2.794402361,0,1.002239108,0,2.203670502,0,2.59343957901001,0.708200097084045,4.03618717193604,0.375566184520721,3.30047416687012,24.8922023773193,62.804759979248,0.0299540124833584,0.57281506061554,0,0,
38,1.047864676,0,0,0,11.01976395,0,2.833429813,0,1.024436355,0,2.283598423,0,2.6543245315551798,0.726507544517517,4.06322622299194,0.36411327123642,3.22816729545593,24.7444820404053,62.8045387268066,0.0331556163728237,0.597465693950653,0,0,
39,1.133458376,0,0,0,11.35237885,0,2.871190786,0,1.045966148,0,2.363294125,0,2.71383142471313,0.74431174993515,4.10017251968384,0.354365706443787,3.1575653553009,24.6014347076416,62.8045692443848,0.0365920327603817,0.621924519538879,0,0,
40,1.223244309,0,0,0,11.67763805,0,2.907722235,0,1.066834688,0,2.442675829,0,2.77191519737244,0.761612296104431,4.14596605300903,0.346175789833069,3.08863759040833,24.4630889892578,62.8048706054688,0.0402718000113964,0.646149635314941,0,0,
41,1.317249179,0,0,0,11.9951582,0,2.943061113,0,1.087049365,0,2.521664619,0,2.82854294776917,0.778410375118256,4.19962167739868,0.339407652616501,3.02135467529297,24.3294544219971,62.8054618835449,0.044203232973814,0.670101046562195,0,0,
42,1.415489554,0,0,0,12.30459023,0,2.977243423,0,1.10661912,0,2.600186586,0,2.88369274139404,0.794708669185638,4.26022386550903,0.333936303853989,2.95568799972534,24.2005271911621,62.8063545227051,0.0483943819999695,0.693740904331207,0,0,
43,1.517971277,0,0,0,12.60561657,0,3.010303736,0,1.125554562,0,2.6781697270000002,0,2.9373517036438,0.810511350631714,4.3269214630127,0.329646736383438,2.89160966873169,24.0762882232666,62.8075523376465,0.0528530105948448,0.717033267021179,0,0,
44,1.624689221,0,0,0,12.89795017,0,3.042276144,0,1.143865943,0,2.755545139,0,2.98951530456543,0.825823545455933,4.39892387390137,0.326433062553406,2.82909297943115,23.9567070007324,62.8090705871582,0.0575865507125854,0.739944398403168,0,0,
45,1.735627055,0,0,0,13.18133545,0,3.073194027,0,1.161565661,0,2.832248688,0,3.04018521308899,0.840651571750641,4.47549676895142,0.324197828769684,2.76811170578003,23.8417415618896,62.8109130859375,0.0626020655035973,0.762442588806152,0,0,
46,1.850756407,0,0,0,13.45555019,0,3.103089571,0,1.178666592,0,2.908219814,0,3.08936858177185,0.855002582073212,4.55595827102661,0.322851300239563,2.70864057540894,23.7313346862793,62.8130836486816,0.0679062157869339,0.78449821472168,0,0,
47,1.970037341,0,0,0,13.72040081,0,3.131994247,0,1.195181251,0,2.983398914,0,3.13707780838013,0.8688845038414,4.63967514038086,0.322310835123062,2.6506552696228,23.6254291534424,62.8155975341797,0.073505237698555,0.806083738803864,0,0,
48,2.093417645,0,0,0,13.97572517,0,3.159939051,0,1.211123705,0,3.057732344,0,3.18332934379578,0.882306098937988,4.72606086730957,0.322500288486481,2.59413194656372,23.5239543914795,62.8184509277344,0.0794048756361008,0.82717376947403,0,0,
49,2.220832586,0,0,0,14.22139263,0,3.186953545,0,1.226507902,0,3.131170034,0,3.22814273834229,0.895276427268982,4.81457090377808,0.323349565267563,2.5390477180481,23.4268321990967,62.821647644043,0.0856103971600533,0.847745060920715,0,0,
50,2.352205276,0,0,0,14.45730209,0,3.213066816,0,1.241348267,0,3.203663349,0,3.27154088020325,0.907805144786835,4.90470266342163,0.324794054031372,2.48537993431091,23.3339824676514,62.8251953125,0.0921264961361885,0.867776334285736,0,0,
51,2.487446308,0,0,0,14.68338013,0,3.238307238,0,1.255659103,0,3.275168896,0,3.31354832649231,0.919902265071869,4.99599075317383,0.3267742395401,2.43310713768005,23.2453136444092,62.8290901184082,0.0989573150873184,0.887248575687408,0,0,
52,2.626452923,0,0,0,14.89958382,0,3.262702227,0,1.269454837,0,3.345644951,0,3.35419201850891,0.93157821893692,5.08800601959229,0.329235255718231,2.38220810890198,23.1607322692871,62.8333358764648,0.106106393039227,0.906144678592682,0,0,
53,2.769110918,0,0,0,15.10589981,0,3.286278725,0,1.282750368,0,3.41505599,0,3.39350056648254,0.942843377590179,5.18035316467285,0.332126587629318,2.3326621055603,23.0801429748535,62.8379287719727,0.113576628267765,0.924449741840363,0,0,
54,2.915292978,0,0,0,15.30233955,0,3.3090624809999998,0,1.295560002,0,3.483366489,0,3.43150353431702,0.953708589076996,5.27266883850098,0.335401713848114,2.28444957733154,23.0034427642822,62.8428764343262,0.121370248496532,0.942151010036469,0,0,
55,3.064859629,0,0,0,15.48894501,0,3.331078768,0,1.307898641,0,3.550545692,0,3.46823120117188,0.964184641838074,5.36461925506592,0.339017748832703,2.23755073547363,22.9305286407471,62.8481712341309,0.129488825798035,0.959237575531006,0,0,
56,3.217659235,0,0,0,15.66578102,0,3.352352142,0,1.319780469,0,3.616565704,0,3.50371551513672,0.974282443523407,5.45590019226074,0.342935174703598,2.19194674491882,22.8612957000732,62.8538131713867,0.137933179736137,0.975700616836548,0,0,
57,3.373528242,0,0,0,15.8329401,0,3.372906446,0,1.331219554,0,3.681401253,0,3.53798747062683,0.9840127825737,5.54623413085938,0.347117602825165,2.14761900901794,22.7956352233887,62.8598022460938,0.146703407168388,0.991533279418945,0,0,
58,3.532292128,0,0,0,15.9905386,0,3.392764807,0,1.34223032,0,3.745031834,0,3.57107973098755,0.993386566638947,5.63536882400513,0.351531535387039,2.10454940795898,22.7334384918213,62.8661346435547,0.155798852443695,1.00673067569733,0,0,
59,3.693764925,0,0,0,16.13871574,0,3.411949396,0,1.352826595,0,3.807436943,0,3.60302424430847,1.00241446495056,5.72307682037354,0.356146156787872,2.06272029876709,22.6745929718018,62.8728103637695,0.165218085050583,1.02128970623016,0,0,
60,3.857750177,0,0,0,16.27763367,0,3.430482388,0,1.363021612,0,3.868600607,0,3.63385343551636,1.0111072063446,5.80915355682373,0.360933065414429,2.02211403846741,22.618989944458,62.879825592041,0.174958899617195,1.03520941734314,0,0,
61,4.024041176,0,0,0,16.40747833,0,3.448384762,0,1.37282908,0,3.928509712,0,3.66359901428223,1.01947546005249,5.89341592788696,0.365866214036942,1.98271381855011,22.5665187835693,62.8871765136719,0.185018241405487,1.0484904050827,0,0,
62,4.19242239,0,0,0,16.52845192,0,3.465677023,0,1.382261872,0,3.987152576,0,3.69229292869568,1.02752947807312,5.97570323944092,0.370921581983566,1.94450259208679,22.517068862915,62.8948593139648,0.195392295718193,1.06113505363464,0,0,
63,4.362668514,0,0,0,16.6407795,0,3.48237896,0,1.391332984,0,4.044520378,0,3.71996665000916,1.03527939319611,6.05587291717529,0.376077145338058,1.90746402740479,22.4705276489258,62.9028701782227,0.206076413393021,1.07314765453339,0,0,
64,4.689335346,0,0,0,16.67484283,0,3.499689817,0,1.402603507,0,4.117175102,0,3.74703931808472,1.04302275180817,6.13291883468628,0.381388485431671,1.87158167362213,22.4267845153809,62.9112281799316,0.217409536242485,1.08419954776764,0,0,
65,4.826828957,0,0,0,16.70758057,0,3.507595062,0,1.407842636,0,4.151482105,0,3.77273893356323,1.05032956600189,6.20582151412964,0.386736840009689,1.83685028553009,22.3856811523438,62.9199180603027,0.229291051626205,1.09404253959656,0,0,
66,4.969492912,0,0,0,16.74131012,0,3.515951633,0,1.413228393,0,4.187111378,0,3.79614591598511,1.05666601657867,6.27464914321899,0.391949713230133,1.8032613992691,22.3470306396484,62.928882598877,0.241288080811501,1.10284233093262,0,0,
67,5.111722946,0,0,0,16.77472115,0,3.524432182,0,1.418547511,0,4.222667217,0,3.8176851272583,1.06232905387878,6.33966827392578,0.397044330835342,1.77079331874847,22.3106708526611,62.9380760192871,0.253406256437302,1.1107462644577,0,0,
68,5.253533363,0,0,0,16.8078289,0,3.533027411,0,1.423801541,0,4.258153439,0,3.83766722679138,1.06750357151031,6.40111207962036,0.402030140161514,1.73942494392395,22.2764549255371,62.9474830627441,0.265638500452042,1.11787545681,0,0,
69,5.397707462,0,0,0,16.84129333,0,3.541902304,0,1.429093361,0,4.294267178,0,3.85637068748474,1.07233142852783,6.4592170715332,0.406918913125992,1.70913553237915,22.2442531585693,62.957088470459,0.277984261512756,1.12433731555939,0,0,
70,5.544234276,0,0,0,16.87511253,0,3.551054478,0,1.434420824,0,4.331008911,0,3.87404608726501,1.07692384719849,6.51422262191772,0.411724656820297,1.67990458011627,22.2139530181885,62.9668846130371,0.290449172258377,1.13022744655609,0,0,
71,5.690351486,0,0,0,16.90865517,0,3.560307264,0,1.439682603,0,4.367685318,0,3.8908805847168,1.08134734630585,6.56634330749512,0.416457056999207,1.65171229839325,22.185453414917,62.9768676757813,0.303032457828522,1.13562536239624,0,0,
72,5.836072445,0,0,0,16.9419384,0,3.56965518,0,1.444880605,0,4.404301167,0,3.90700817108154,1.08563733100891,6.61577177047729,0.421121746301651,1.62453937530518,22.1586647033691,62.9870376586914,0.315727263689041,1.1405965089798,0,0,
73,5.984147072,0,0,0,16.97559547,0,3.579268456,0,1.450112462,0,4.441548347,0,3.92256021499634,1.0898300409317,6.66270303726196,0.425727099180222,1.59836661815643,22.1335029602051,62.9973907470703,0.328533172607422,1.14520049095154,0,0,
74,6.13183403,0,0,0,17.0090065,0,3.588966608,0,1.455280542,0,4.478736877,0,3.93764543533325,1.09395086765289,6.70732021331787,0.430280804634094,1.57317543029785,22.1098937988281,63.0079383850098,0.341449826955795,1.14948880672455,0,0,
75,6.281870842,0,0,0,17.04279518,0,3.598924637,0,1.460480332,0,4.516557217,0,3.95235371589661,1.09801769256592,6.74979591369629,0.434789896011353,1.54894745349884,22.0877723693848,63.0186767578125,0.35447683930397,1.15350556373596,0,0,
76,6.4315290450000004,0,0,0,17.07635498,0,3.608958483,0,1.465616822,0,4.554322243,0,3.96675848960876,1.10204291343689,6.79029226303101,0.43926078081131,1.52566480636597,22.0670795440674,63.029613494873,0.367613911628723,1.15728914737701,0,0,
77,6.583530903,0,0,0,17.11030006,0,3.619247198,0,1.470783114,0,4.592720032,0,3.98092126846313,1.10603511333466,6.82896137237549,0.443699389696121,1.50330996513367,22.0477600097656,63.0407524108887,0.380860716104507,1.16087245941162,0,0,
78,6.735163689,0,0,0,17.1440258,0,3.629602909,0,1.475886464,0,4.631065845,0,3.99489164352417,1.11000037193298,6.86594533920288,0.448111087083817,1.48186564445496,22.0297660827637,63.0520973205566,0.394216924905777,1.16428422927856,0,0,
79,6.886435986,0,0,0,17.17754173,0,3.640020609,0,1.480927706,0,4.669360161,0,4.00869178771973,1.11393260955811,6.90136575698853,0.452497720718384,1.4613151550293,22.0130519866943,63.0636596679688,0.407676249742508,1.16754603385925,0,0,
80,7.040050983,0,0,0,17.21144867,0,3.65068388,0,1.485996962,0,4.708288193,0,4.02235841751099,1.11783766746521,6.93534708023071,0.456864058971405,1.44164180755615,21.9975738525391,63.0754356384277,0.4212386906147,1.17067933082581,0,0,
81,7.193313599,0,0,0,17.24515915,0,3.661402941,0,1.491004467,0,4.747168064,0,4.03592252731323,1.12171983718872,6.96800518035889,0.461214512586594,1.42282938957214,21.9832954406738,63.0874290466309,0.434904277324677,1.17370295524597,0,0,
82,7.348912716,0,0,0,17.27925873,0,3.672361135,0,1.49603796,0,4.786680698,0,4.04940891265869,1.1255818605423,6.99944829940796,0.465553164482117,1.40486216545105,21.9701805114746,63.0996513366699,0.448673009872437,1.17663300037384,0,0,
83,7.501491547,0,0,0,17.31258583,0,3.68317771,0,1.500924468,0,4.825466156,0,4.06281900405884,1.1294162273407,7.02976560592651,0.469880491495132,1.38772439956665,21.9581985473633,63.1121063232422,0.462538957595825,1.17948055267334,0,0,
84,7.656413555,0,0,0,17.346317290000002,0,3.694228411,0,1.505837202,0,4.864888191,0,4.07615327835083,1.13321733474731,7.05904006958008,0.474197089672089,1.37140083312988,21.9473133087158,63.1247901916504,0.476496458053589,1.18225526809692,0,0,
85,7.813668728,0,0,0,17.38044739,0,3.705511332,0,1.510773778,0,4.904943943,0,4.08945083618164,1.13700091838837,7.0873703956604,0.478509724140167,1.35587632656097,21.9375,63.1377105712891,0.49055203795433,1.18497097492218,0,0,
86,7.967935085,0,0,0,17.41382027,0,3.716640472,0,1.51556778,0,4.944276333,0,4.10270547866821,1.14075863361359,7.11482620239258,0.482818245887756,1.34113609790802,21.9287338256836,63.1508750915527,0.504700005054474,1.18763422966003,0,0,
87,8.124540329,0,0,0,17.44760513,0,3.727996826,0,1.520385981,0,4.9842453,0,4.11591148376465,1.14448487758636,7.14147233963013,0.487122684717178,1.3271656036377,21.9209861755371,63.1642837524414,0.518934965133667,1.19025063514709,0,0,
88,8.280830383,0,0,0,17.48121834,0,3.739384651,0,1.525146008,0,5.024172306,0,4.12908363342285,1.14818513393402,7.16737937927246,0.491426050662994,1.31395065784454,21.9142360687256,63.1779365539551,0.533257722854614,1.1928277015686,0,0,
89,8.436810493,0,0,0,17.51467133,0,3.750801563,0,1.529848814,0,5.064058304,0,4.14221525192261,1.15185403823853,7.19260168075562,0.495728105306625,1.30147707462311,21.9084587097168,63.1918411254883,0.54766309261322,1.19536948204041,0,0,
90,8.595126152,0,0,0,17.54853249,0,3.762439251,0,1.534573793,0,5.104579926,0,4.15531873703003,1.1554970741272,7.21720027923584,0.500031650066376,1.2897310256958,21.9036350250244,63.205997467041,0.562152147293091,1.19788181781769,0,0,
91,8.753136635,0,0,0,17.58223534,0,3.774100304,0,1.539241672,0,5.145061016,0,4.16840362548828,1.15911781787872,7.24123191833496,0.504339277744293,1.2786990404129,21.8997440338135,63.2204093933105,0.576725721359253,1.20037019252777,0,0,
92,8.910849571,0,0,0,17.6157856,0,3.785784483,0,1.543853521,0,5.18550396,0,4.18146085739136,1.16271030902863,7.26473808288574,0.508650302886963,1.26836788654327,21.8967685699463,63.2350845336914,0.591378927230835,1.20283639431,0,0,
93,9.068271637,0,0,0,17.64918327,0,3.797486305,0,1.548410058,0,5.225907326,0,4.19448137283325,1.16627025604248,7.28775691986084,0.512964010238647,1.25872445106506,21.8946895599365,63.2500190734863,0.606106996536255,1.20528197288513,0,0,
94,9.225408554,0,0,0,17.68244553,0,3.809206486,0,1.552912354,0,5.266275406,0,4.20745897293091,1.16979503631592,7.31032371520996,0.517279922962189,1.249755859375,21.8934860229492,63.2652130126953,0.620905458927155,1.20770835876465,0,0,
95,9.384879112,0,0,0,17.71611214,0,3.821136713,0,1.557435036,0,5.307277203,0,4.22040557861328,1.17329120635986,7.33248138427734,0.521600544452667,1.2414493560791,21.8931465148926,63.2806777954102,0.635775923728943,1.2101194858551,0,0,
96,9.541459084,0,0,0,17.7490921,0,3.832885027,0,1.56183064,0,5.347572327,0,4.233314037323,1.17675530910492,7.35425996780396,0.525925159454346,1.23379254341125,21.8936519622803,63.2964096069336,0.650713980197906,1.21251606941223,0,0,
97,9.700375557,0,0,0,17.78248405,0,3.844839811,0,1.56624651,0,5.388503075,0,4.24617671966553,1.18018472194672,7.37568521499634,0.530253052711487,1.22677302360535,21.8949890136719,63.3124122619629,0.665715634822845,1.21489894390106,0,0,
98,9.859023094,0,0,0,17.81574631,0,3.856804609,0,1.570610046,0,5.42939949,0,4.2590069770813,1.18358623981476,7.39679384231567,0.534586727619171,1.22037863731384,21.8971385955811,63.3286819458008,0.680782735347748,1.2172714471817,0,0,
99,10.0174036,0,0,0,17.84887505,0,3.86877656,0,1.574921608,0,5.47026062,0,4.27179670333862,1.18695628643036,7.41760635375977,0.538925409317017,1.21459758281708,21.9000873565674,63.3452301025391,0.695911228656769,1.21963346004486,0,0,
100,10.17552471,0,0,0,17.8818779,0,3.880755424,0,1.579182625,0,5.511088371,0,4.28453969955444,1.19029259681702,7.43814420700073,0.543268322944641,1.20941817760468,21.9038257598877,63.3620529174805,0.711097300052643,1.22198534011841,0,0,
101,10.33338833,0,0,0,17.91475296,0,3.892738104,0,1.583393335,0,5.55188179,0,4.29723167419434,1.19359397888184,7.45842599868774,0.547614812850952,1.20482897758484,21.9083347320557,63.3791542053223,0.726337432861328,1.22432732582092,0,0,
102,10.49100399,0,0,0,17.94750977,0,3.904724836,0,1.587555051,0,5.592644215,0,4.30986785888672,1.19685959815979,7.4784688949585,0.551964282989502,1.20081841945648,21.9136009216309,63.3965263366699,0.741628110408783,1.22665965557098,0,0,
103,10.64837551,0,0,0,17.98014832,0,3.916714191,0,1.591668248,0,5.633374691,0,4.32244443893433,1.20008885860443,7.49828815460205,0.556316137313843,1.19737529754639,21.9196128845215,63.4141807556152,0.756966054439545,1.22898232936859,0,0,
104,10.80807877,0,0,0,18.01320076,0,3.928899288,0,1.595799923,0,5.674739838,0,4.33497667312622,1.203289270401,7.51791000366211,0.5606729388237,1.19448852539063,21.9263572692871,63.4321136474609,0.772353947162628,1.23129820823669,0,0,
105,10.96496773,0,0,0,18.0456028,0,3.940886497,0,1.599817395,0,5.715406418,0,4.34745931625366,1.20645868778229,7.53734588623047,0.565034031867981,1.19214725494385,21.9338226318359,63.4503288269043,0.78778862953186,1.233607172966,0,0,
106,11.12419319,0,0,0,18.07843018,0,3.953070402,0,1.603853583,0,5.756710052,0,4.35988807678223,1.20959556102753,7.55660820007324,0.569398760795593,1.19034087657928,21.9419956207275,63.4688262939453,0.803266942501068,1.23590898513794,0,0,
107,11.28061676,0,0,0,18.11061668,0,3.965054512,0,1.607778668,0,5.797317505,0,4.37225914001465,1.21269905567169,7.57570743560791,0.573766469955444,1.18905889987946,21.9508647918701,63.487606048584,0.818786025047302,1.2382036447525,0,0,
108,11.43937969,0,0,0,18.14321899,0,3.977230787,0,1.611722231,0,5.838560104,0,4.38457012176514,1.21576869487762,7.59465408325195,0.578136682510376,1.18829095363617,21.9604187011719,63.5066680908203,0.834343135356903,1.2404910326004,0,0,
109,11.59535694,0,0,0,18.17519188,0,3.989205837,0,1.615557671,0,5.879107952,0,4.39681911468506,1.21880424022675,7.61345672607422,0.58250892162323,1.18802690505981,21.9706439971924,63.5260124206543,0.849935591220856,1.24277138710022,0,0,
110,11.75367069,0,0,0,18.20758057,0,4.001371861,0,1.619411349,0,5.920290947,0,4.40900421142578,1.22180581092834,7.63212442398071,0.586882710456848,1.18825662136078,21.9815330505371,63.5456466674805,0.86556088924408,1.24504435062408,0,0,
111,11.90921593,0,0,0,18.23934937,0,4.013334274,0,1.623159647,0,5.960783005,0,4.42112398147583,1.224773645401,7.65066528320313,0.591257750988007,1.18897008895874,21.9930686950684,63.5655670166016,0.881216764450073,1.24731004238129,0,0,
112,12.06709862,0,0,0,18.27153969,0,4.025486469,0,1.626926184,0,6.001909256,0,4.43317747116089,1.22770798206329,7.66908550262451,0.595633566379547,1.19015765190125,22.0052452087402,63.5857734680176,0.89690089225769,1.24956858158112,0,0,
113,12.22222519,0,0,0,18.30311203,0,4.037433624,0,1.630589962,0,6.042345047,0,4.4451642036438,1.23060917854309,7.68739175796509,0.600009858608246,1.19180965423584,22.0180492401123,63.6062660217285,0.912611067295074,1.25181984901428,0,0,
114,12.37714958,0,0,0,18.33458519,0,4.049372673,0,1.634212852,0,6.082753181,0,4.45706796646118,1.23347091674805,7.70558023452759,0.60438334941864,1.19391644001007,22.0314712524414,63.6270484924316,0.928339660167694,1.254061460495,0,0,
115,12.53441048,0,0,0,18.3664856,0,4.061497688,0,1.637853861,0,6.123797417,0,4.46890687942505,1.23630237579346,7.72366714477539,0.608757019042969,1.19646871089935,22.0454978942871,63.6481170654297,0.944090604782104,1.25629651546478,0,0,
116,12.68893719,0,0,0,18.39777184,0,4.07341671,0,1.641395807,0,6.164153099,0,4.48068046569824,1.23910331726074,7.74165773391724,0.613130629062653,1.1994571685791,22.0601196289063,63.6694717407227,0.959862053394318,1.25852489471436,0,0,
117,12.8432703,0,0,0,18.42897415,0,4.085325718,0,1.644898653,0,6.204482079,0,4.49237203598022,1.24186718463898,7.75954675674438,0.617500901222229,1.20287275314331,22.0753269195557,63.6911163330078,0.975646734237671,1.26074421405792,0,0,
118,12.99741268,0,0,0,18.46008492,0,4.097223282,0,1.648362756,0,6.244784832,0,4.5039849281311,1.24459624290466,7.77733993530273,0.621867835521698,1.20670640468597,22.0911064147949,63.7130470275879,0.991443157196045,1.26295483112335,0,0,
119,13.15389156,0,0,0,18.49162292,0,4.109303951,0,1.651844978,0,6.28572464,0,4.51553678512573,1.2472984790802,7.79505109786987,0.626234591007233,1.21094942092896,22.1074504852295,63.7352638244629,1.00725555419922,1.26515960693359,0,0,
120,13.3076601,0,0,0,18.52255821,0,4.12117815,0,1.655232906,0,6.325977325,0,4.52702713012695,1.24997341632843,7.81268548965454,0.630600929260254,1.21559298038483,22.1243515014648,63.7577743530273,1.02308237552643,1.26735842227936,0,0,
121,13.4587307,0,0,0,18.55290794,0,4.132843971,0,1.658529282,0,6.365546227,0,4.53842401504517,1.25260806083679,7.83022499084473,0.63496059179306,1.22062873840332,22.1417942047119,63.7805671691895,1.03891098499298,1.26954662799835,0,0,
122,13.61214066,0,0,0,18.58368111,0,4.144692421,0,1.661844373,0,6.405750275,0,4.54973316192627,1.25520622730255,7.84767484664917,0.639313936233521,1.2260479927063,22.1597728729248,63.8036499023438,1.05474054813385,1.27172458171844,0,0,
123,13.76537418,0,0,0,18.61437607,0,4.156527042,0,1.665123701,0,6.445929527,0,4.56097412109375,1.25777685642242,7.86504936218262,0.643664300441742,1.2318422794342,22.1782760620117,63.8270225524902,1.07057583332062,1.27389574050903,0,0,
124,13.91843224,0,0,0,18.6449852,0,4.168348312,0,1.668367386,0,6.486084938,0,4.57214736938477,1.26031994819641,7.88235235214233,0.648011684417725,1.23800349235535,22.1972942352295,63.8506813049316,1.08641576766968,1.27605998516083,0,0,
125,14.06881618,0,0,0,18.67502022,0,4.179961205,0,1.671523929,0,6.525559425,0,4.58323955535889,1.2628298997879,7.89957666397095,0.652353167533875,1.24452364444733,22.2168159484863,63.8746299743652,1.10225391387939,1.27821505069733,0,0,
126,14.21903419,0,0,0,18.70497894,0,4.191561222,0,1.674646974,0,6.565010548,0,4.59423923492432,1.26530289649963,7.91671514511108,0.656686007976532,1.25139451026917,22.2368354797363,63.8988647460938,1.11808395385742,1.28035938739777,0,0,
127,14.37159061,0,0,0,18.73535919,0,4.203338623,0,1.677788377,0,6.605095387,0,4.6051664352417,1.26774823665619,7.93378257751465,0.661013782024384,1.25860822200775,22.2573394775391,63.9233856201172,1.1339111328125,1.28249597549438,0,0,
128,14.52148438,0,0,0,18.76517105,0,4.2149086,0,1.680845618,0,6.644501209,0,4.61602354049683,1.27016663551331,7.95078182220459,0.665336608886719,1.26615715026855,22.2783203125,63.9481964111328,1.14973473548889,1.28462505340576,0,0,
129,14.67122173,0,0,0,18.79491043,0,4.226463795,0,1.683871031,0,6.683885574,0,4.62679815292358,1.27255320549011,7.96770620346069,0.669651746749878,1.27403366565704,22.2997703552246,63.9732894897461,1.16554880142212,1.28674483299255,0,0,
130,14.81831169,0,0,0,18.82408333,0,4.237811565,0,1.686815143,0,6.722590446,0,4.63748025894165,1.27490448951721,7.98454904556274,0.673956692218781,1.28223025798798,22.3216762542725,63.9986686706543,1.18134737014771,1.28885340690613,0,0,
131,14.96774197,0,0,0,18.85367966,0,4.24933672,0,1.689778209,0,6.761930466,0,4.64807653427124,1.277223944664,8.00131320953369,0.678252100944519,1.29073929786682,22.3440322875977,64.0243301391602,1.19713044166565,1.29095160961151,0,0,
132,15.11702061,0,0,0,18.88321495,0,4.260846138,0,1.692710638,0,6.801249504,0,4.65860605239868,1.27951979637146,8.0180139541626,0.68254154920578,1.29955327510834,22.366828918457,64.0502777099609,1.21290361881256,1.29304265975952,0,0,
133,15.26366615,0,0,0,18.91218376,0,4.272148132,0,1.695564747,0,6.839890957,0,4.66905641555786,1.28178668022156,8.03464317321777,0.686822354793549,1.30866515636444,22.3900585174561,64.0765075683594,1.22866106033325,1.29512465000153,0,0,
134,15.41016865,0,0,0,18.94109344,0,4.283435345,0,1.698389888,0,6.878512383,0,4.67941808700562,1.28402101993561,8.051194190979,0.691092073917389,1.31806790828705,22.4137077331543,64.1030197143555,1.2443972826004,1.29719579219818,0,0,
135,15.55652905,0,0,0,18.96993256,0,4.294705868,0,1.701186419,0,6.917113304,0,4.68969678878784,1.28622603416443,8.06767177581787,0.695351481437683,1.32775437831879,22.4377708435059,64.1298217773438,1.26011264324188,1.29925680160522,0,0,
136,15.7027483,0,0,0,18.99871445,0,4.305960655,0,1.703954935,0,6.955693245,0,4.69989776611328,1.28840410709381,8.08407878875732,0.699601233005524,1.33771765232086,22.4622402191162,64.1569061279297,1.27580726146698,1.30130851268768,0,0,
137,15.8463583,0,0,0,19.02694702,0,4.317009449,0,1.706649542,0,6.993599892,0,4.71001148223877,1.29055178165436,8.10040760040283,0.70383894443512,1.34795093536377,22.4871044158936,64.1842651367188,1.29147589206696,1.30334949493408,0,0,
138,15.99230671,0,0,0,19.05560493,0,4.328232765,0,1.709363341,0,7.032140255,0,4.72004461288452,1.29267179965973,8.11666393280029,0.708065569400787,1.35844731330872,22.512357711792,64.2119064331055,1.30711913108826,1.30538046360016,0,0,
139,16.13565063,0,0,0,19.08371735,0,4.339249611,0,1.712004781,0,7.070008278,0,4.73000240325928,1.29476642608643,8.13285064697266,0.712281823158264,1.36920022964478,22.5379905700684,64.2398300170898,1.32273745536804,1.30740225315094,0,0,
140,16.27886581,0,0,0,19.11177254,0,4.350251675,0,1.714620471,0,7.10785675,0,4.73987531661987,1.29683208465576,8.14896106719971,0.716485440731049,1.38020324707031,22.5639915466309,64.2680282592773,1.33832585811615,1.30941331386566,0,0,
141,16.42195511,0,0,0,19.13976669,0,4.361236572,0,1.71721065,0,7.14568615,0,4.74967002868652,1.29887163639069,8.16499900817871,0.720677256584167,1.3914498090744,22.5903568267822,64.296501159668,1.35388505458832,1.31141459941864,0,0,
142,16.56245232,0,0,0,19.16723061,0,4.372017384,0,1.719731808,0,7.182845592,0,4.75937747955322,1.30088222026825,8.18095874786377,0.724855124950409,1.40293371677399,22.6170749664307,64.3252563476563,1.36941015720367,1.31340456008911,0,0,
143,16.70528984,0,0,0,19.19511414,0,4.382970333,0,1.722272396,0,7.220636845,0,4.76900482177734,1.3028666973114,8.19684410095215,0.729020178318024,1.41464841365814,22.6441421508789,64.3542938232422,1.38490223884583,1.31538414955139,0,0,
144,16.84554863,0,0,0,19.22246742,0,4.393719673,0,1.724745512,0,7.257760048,0,4.77855825424194,1.30482757091522,8.2126579284668,0.733173251152039,1.42658793926239,22.6715469360352,64.3835983276367,1.40036201477051,1.31735444068909,0,0,
145,16.98568535,0,0,0,19.2497654,0,4.404452324,0,1.727195024,0,7.294862747,0,4.78802919387817,1.3067615032196,8.22839546203613,0.737312197685242,1.43874633312225,22.6992816925049,64.4131774902344,1.41578483581543,1.31931376457214,0,0,
146,17.12325287,0,0,0,19.27653122,0,4.414980888,0,1.72957921,0,7.331298828,0,4.79741048812866,1.30866646766663,8.24405097961426,0.741435110569,1.45111739635468,22.7273368835449,64.4430236816406,1.43116641044617,1.32126080989838,0,0,
147,17.26316261,0,0,0,19.3037262,0,4.425681591,0,1.731983423,0,7.368367195,0,4.8067102432251,1.31054592132568,8.25962734222412,0.74554318189621,1.46369528770447,22.755708694458,64.4731521606445,1.44650793075562,1.32319688796997,0,0,
148,17.40050697,0,0,0,19.33039665,0,4.436181068,0,1.734323621,0,7.404768944,0,4.8159351348877,1.31240248680115,8.2751293182373,0.749637544155121,1.47647404670715,22.7843856811523,64.5035552978516,1.46181070804596,1.32512319087982,0,0,
149,17.53774071,0,0,0,19.35701942,0,4.44666338,0,1.73664248,0,7.441154003,0,4.82507753372192,1.31423330307007,8.29055213928223,0.753716230392456,1.48944807052612,22.8133602142334,64.5342178344727,1.47707033157349,1.32703804969788,0,0,
150,17.67486763,0,0,0,19.38358879,0,4.457130909,0,1.738940001,0,7.477519989,0,4.83414459228516,1.3160412311554,8.30589962005615,0.757780373096466,1.50261163711548,22.8426265716553,64.5651626586914,1.49228823184967,1.32894277572632,0,0,
151,17.80944061,0,0,0,19.40963745,0,4.467395782,0,1.741176009,0,7.513221264,0,4.84312915802002,1.31782364845276,8.3211669921875,0.761828184127808,1.51595914363861,22.8721771240234,64.5963668823242,1.50746023654938,1.33083593845367,0,0,
152,17.94635582,0,0,0,19.43611908,0,4.477831364,0,1.743432403,0,7.549555302,0,4.85203838348389,1.31958365440369,8.33635807037354,0.765860795974731,1.52948522567749,22.9020042419434,64.6278381347656,1.52258777618408,1.33271861076355,0,0,
153,18.08072281,0,0,0,19.46207809,0,4.488066196,0,1.745628476,0,7.585224152,0,4.86087846755981,1.32132339477539,8.35147571563721,0.769879400730133,1.54318451881409,22.9321002960205,64.6595687866211,1.53767240047455,1.33459210395813,0,0,
154,18.21499252,0,0,0,19.48799133,0,4.498286247,0,1.747805238,0,7.620876789,0,4.86964178085327,1.32303977012634,8.36651611328125,0.773882031440735,1.55705177783966,22.962459564209,64.6915664672852,1.55271005630493,1.33645462989807,0,0,
155,18.34672356,0,0,0,19.51339531,0,4.508305073,0,1.749923706,0,7.655866623,0,4.87832260131836,1.3247309923172,8.38147354125977,0.777867019176483,1.57108175754547,22.9930744171143,64.7238311767578,1.56769692897797,1.33830535411835,0,0,
156,18.47835922,0,0,0,19.53875542,0,4.518309116,0,1.752023935,0,7.690840721,0,4.88691520690918,1.32639598846436,8.39634418487549,0.781832695007324,1.58526933193207,23.0239372253418,64.7563552856445,1.58262920379639,1.34014296531677,0,0,
157,18.60990143,0,0,0,19.56406975,0,4.528298855,0,1.754105926,0,7.72579813,0,4.89542865753174,1.3280383348465,8.41113090515137,0.785780608654022,1.599609375,23.0550403594971,64.7891387939453,1.59750878810883,1.34196901321411,0,0,
158,18.74135017,0,0,0,19.58934975,0,4.538273811,0,1.756170273,0,7.760742188,0,4.90387010574341,1.32966077327728,8.42584037780762,0.789712071418762,1.61409664154053,23.0863761901855,64.8221817016602,1.61233758926392,1.34378468990326,0,0,
159,18.87270546,0,0,0,19.61458397,0,4.548233032,0,1.758216619,0,7.795669556,0,4.91224670410156,1.33126509189606,8.4404764175415,0.793628394603729,1.62872648239136,23.1179389953613,64.8554763793945,1.62711727619171,1.34559106826782,0,0,
160,19.00154114,0,0,0,19.63931274,0,4.557995319,0,1.760208368,0,7.829936028,0,4.92055034637451,1.33284866809845,8.45503330230713,0.79752779006958,1.64349412918091,23.1497230529785,64.8890380859375,1.64184427261353,1.34738671779633,0,0,
161,19.13029099,0,0,0,19.66400528,0,4.567742348,0,1.762183428,0,7.864189148,0,4.92877531051636,1.33440947532654,8.46950626373291,0.801408588886261,1.6583948135376,23.1817207336426,64.9228515625,1.65651500225067,1.34917068481445,0,0,
162,19.25894928,0,0,0,19.68865204,0,4.577475071,0,1.764142036,0,7.898425102,0,4.93692970275879,1.33595049381256,8.48390102386475,0.805272221565247,1.67342376708984,23.2139282226563,64.9569091796875,1.67113149166107,1.35094404220581,0,0,
163,19.38509941,0,0,0,19.71280289,0,4.587011337,0,1.766047955,0,7.932002544,0,4.94500732421875,1.33746993541718,8.49821186065674,0.809117019176483,1.68857669830322,23.2463359832764,64.9912338256836,1.68569016456604,1.35270571708679,0,0,
164,19.51116753,0,0,0,19.7369194,0,4.596532345,0,1.767938495,0,7.965566635,0,4.95300340652466,1.33896636962891,8.51243495941162,0.812941610813141,1.70384883880615,23.2789363861084,65.0258102416992,1.70018768310547,1.35445475578308,0,0,
165,19.63715363,0,0,0,19.76099777,0,4.606040955,0,1.769813538,0,7.999116898,0,4.96092700958252,1.34044337272644,8.52657508850098,0.816747546195984,1.71923577785492,23.3117256164551,65.0606307983398,1.71462643146515,1.35619258880615,0,0,
166,19.76306152,0,0,0,19.7850399,0,4.615534782,0,1.771673799,0,8.032652855,0,4.96878528594971,1.34190309047699,8.54063701629639,0.820536255836487,1.73473298549652,23.3446979522705,65.095703125,1.729008436203,1.3579204082489,0,0,
167,19.88646889,0,0,0,19.80858803,0,4.624833107,0,1.773483515,0,8.065532684,0,4.97657155990601,1.34334349632263,8.55461692810059,0.824306190013886,1.75033628940582,23.3778438568115,65.1310119628906,1.7433305978775,1.35963702201843,0,0,
168,20.00979996,0,0,0,19.83209801,0,4.634119034,0,1.775279284,0,8.098397255,0,4.98428106307983,1.34476280212402,8.56851005554199,0.828055858612061,1.76604151725769,23.4111576080322,65.1665649414063,1.75758957862854,1.36134159564972,0,0,
169,20.13305473,0,0,0,19.85557747,0,4.643391132,0,1.777060747,0,8.131248474,0,4.99192190170288,1.34616422653198,8.58232116699219,0.831786811351776,1.78184425830841,23.4446353912354,65.2023696899414,1.7717878818512,1.36303532123566,0,0,
170,20.25623512,0,0,0,19.87902451,0,4.652650833,0,1.778828382,0,8.164087296,0,4.99950075149536,1.34754979610443,8.59605598449707,0.835500597953796,1.79774057865143,23.4782733917236,65.2384185791016,1.78592753410339,1.36471939086914,0,0,
171,20.37692833,0,0,0,19.90197945,0,4.661715508,0,1.780548215,0,8.196269989,0,5.00701236724854,1.34891748428345,8.60970973968506,0.839195549488068,1.81372654438019,23.5120620727539,65.2746963500977,1.80000555515289,1.36639249324799,0,0,
172,20.49755096,0,0,0,19.92490387,0,4.670767784,0,1.782254934,0,8.228440285,0,5.01445055007935,1.35026550292969,8.62327766418457,0.84287029504776,1.82979822158813,23.5459976196289,65.3112258911133,1.81401884555817,1.36805391311646,0,0,
173,20.61569023,0,0,0,19.94734001,0,4.679626465,0,1.783915043,0,8.259954453,0,5.02181196212769,1.35159301757813,8.63675689697266,0.846523463726044,1.845951795578,23.5800724029541,65.3479919433594,1.82796430587769,1.36970269680023,0,0,
174,20.73617363,0,0,0,19.97019958,0,4.688653469,0,1.785596251,0,8.292099953,0,5.02910470962524,1.35290324687958,8.65015125274658,0.850156724452972,1.86218321323395,23.6142807006836,65.3849945068359,1.8418447971344,1.37134027481079,0,0,
175,20.85417747,0,0,0,19.9925766,0,4.697487354,0,1.787231565,0,8.323590279,0,5.03633594512939,1.35419857501984,8.66346740722656,0.8537717461586,1.8784886598587,23.6486206054688,65.4222259521484,1.8556627035141,1.37296783924103,0,0,
176,20.97211838,0,0,0,20.0149231,0,4.706309795,0,1.788854957,0,8.35506916,0,5.04350090026855,1.35547685623169,8.6766996383667,0.857366979122162,1.89486479759216,23.6830825805664,65.4597015380859,1.86941492557526,1.37458443641663,0,0,
177,21.08758736,0,0,0,20.03678894,0,4.714940548,0,1.790433764,0,8.385894775,0,5.05059432983398,1.35673689842224,8.68984508514404,0.860941112041473,1.91130769252777,23.7176628112793,65.4973983764648,1.88309872150421,1.37618911266327,0,0,
178,21.20299339,0,0,0,20.05862236,0,4.723558903,0,1.792001367,0,8.416707993,0,5.05761241912842,1.35797774791718,8.70289897918701,0.864492833614349,1.92781388759613,23.7523574829102,65.5353240966797,1.89671123027802,1.37778103351593,0,0,
179,21.31833649,0,0,0,20.08042908,0,4.732165337,0,1.793557525,0,8.447509766,0,5.06456422805786,1.35920250415802,8.71586894989014,0.868023991584778,1.94437980651855,23.7871570587158,65.5734786987305,1.91025543212891,1.37936162948608,0,0,
180,21.43362045,0,0,0,20.10221291,0,4.740762234,0,1.795102835,0,8.478301048,0,5.07145738601685,1.36041343212128,8.72875881195068,0.871536195278168,1.96100175380707,23.8220596313477,65.6118698120117,1.92373394966125,1.38093233108521,0,0,
181,21.54644012,0,0,0,20.12351227,0,4.749166965,0,1.796605468,0,8.508440018,0,5.07828569412231,1.36160850524902,8.74156475067139,0.875028073787689,1.97767663002014,23.8570575714111,65.6504745483398,1.93714392185211,1.3824919462204,0,0,
182,21.66160011,0,0,0,20.14524269,0,4.757740498,0,1.798129201,0,8.539208412,0,5.08505725860596,1.36279022693634,8.75429153442383,0.878501236438751,1.99440097808838,23.8921489715576,65.6893005371094,1.95048797130585,1.38404190540314,0,0,
183,21.7719059,0,0,0,20.16603851,0,4.765944004,0,1.799579501,0,8.568683624,0,5.09176635742188,1.36395645141602,8.76693630218506,0.881954193115234,2.01117181777954,23.9273300170898,65.7283630371094,1.9637633562088,1.38558101654053,0,0,
184,21.884552,0,0,0,20.18726921,0,4.774316788,0,1.801051378,0,8.598792076,0,5.09840774536133,1.36510610580444,8.77949333190918,0.885385692119598,2.02798581123352,23.9625930786133,65.7676391601563,1.97696733474731,1.38710832595825,0,0,
185,21.99474716,0,0,0,20.20801544,0,4.782500744,0,1.802482128,0,8.628246307,0,5.10499048233032,1.36624181270599,8.79197025299072,0.888797461986542,2.04483985900879,23.997932434082,65.8071365356445,1.99010288715363,1.38862538337708,0,0,
186,22.1048851,0,0,0,20.22874451,0,4.790673256,0,1.803903341,0,8.657691956,0,5.1115083694458,1.36736190319061,8.80436134338379,0.892188191413879,2.06173086166382,24.0333442687988,65.8468475341797,2.00316739082336,1.39013123512268,0,0,
187,22.21497154,0,0,0,20.24944878,0,4.798835754,0,1.805315018,0,8.687128067,0,5.11796998977661,1.36846911907196,8.81667423248291,0.89555948972702,2.07865595817566,24.068826675415,65.8867721557617,2.01616334915161,1.39162707328796,0,0,
188,22.32261086,0,0,0,20.26967239,0,4.806809425,0,1.806687117,0,8.715911865,0,5.12436962127686,1.3695615530014,8.82890224456787,0.898910045623779,2.09561204910278,24.1043720245361,65.9269104003906,2.02908825874329,1.3931120634079,0,0,
189,22.43020058,0,0,0,20.28988457,0,4.81477356,0,1.808050394,0,8.744688988,0,5.13070344924927,1.37063813209534,8.84104347229004,0.902238607406616,2.11259627342224,24.1399784088135,65.9672546386719,2.0419397354126,1.39458513259888,0,0,
190,22.53774071,0,0,0,20.31007195,0,4.822728634,0,1.80940485,0,8.773454666,0,5.13697957992554,1.37170159816742,8.853102684021,0.905546963214874,2.12960577011108,24.1756401062012,66.0078125,2.05472040176392,1.39604783058167,0,0,
191,22.64283752,0,0,0,20.32978439,0,4.830496311,0,1.810720801,0,8.801571846,0,5.14319324493408,1.37275063991547,8.86507797241211,0.908833801746368,2.14663743972778,24.2113513946533,66.048583984375,2.06742787361145,1.39749920368195,0,0,
192,22.74789047,0,0,0,20.34947777,0,4.838254929,0,1.812028646,0,8.829679489,0,5.14934062957764,1.37378406524658,8.87696361541748,0.912097990512848,2.16368889808655,24.2471084594727,66.0895614624023,2.08006024360657,1.39893853664398,0,0,
193,22.85289383,0,0,0,20.36915588,0,4.846004009,0,1.813328385,0,8.857779503,0,5.15543031692505,1.37480473518372,8.88876628875732,0.915341317653656,2.18075704574585,24.2829055786133,66.130744934082,2.09261989593506,1.40036714076996,0,0,
194,22.9578495,0,0,0,20.38881111,0,4.853743553,0,1.814620018,0,8.885869026,0,5.16146898269653,1.37581467628479,8.90049171447754,0.918565511703491,2.1978394985199,24.3187408447266,66.1721267700195,2.10510969161987,1.40178656578064,0,0,
195,23.06037521,0,0,0,20.40799713,0,4.861297607,0,1.815874696,0,8.913311958,0,5.16745138168335,1.37681198120117,8.91213512420654,0.921769261360168,2.21493363380432,24.3546104431152,66.2137145996094,2.1175274848938,1.40319550037384,0,0,
196,23.16285706,0,0,0,20.42716599,0,4.868842602,0,1.817121863,0,8.940747261,0,5.17337322235107,1.37779533863068,8.92369365692139,0.924951136112213,2.23203706741333,24.390510559082,66.255500793457,2.12987065315247,1.40459322929382,0,0,
197,23.26529121,0,0,0,20.44631195,0,4.876378059,0,1.818361282,0,8.96817112,0,5.17924165725708,1.37876725196838,8.93517303466797,0.928113102912903,2.24914693832397,24.4264335632324,66.2974853515625,2.1421422958374,1.40598106384277,0,0,
198,23.36530304,0,0,0,20.46499825,0,4.883730412,0,1.819564939,0,8.994950294,0,5.1850528717041,1.37972617149353,8.94656944274902,0.931253731250763,2.26626133918762,24.462381362915,66.3396682739258,2.15433955192566,1.40735816955566,0,0,
199,23.4652729,0,0,0,20.48366547,0,4.891073704,0,1.820761681,0,9.021720886,0,5.19080209732056,1.3806711435318,8.95787811279297,0.934371829032898,2.2833776473999,24.4983444213867,66.3820419311523,2.16646075248718,1.4087233543396,0,0,
200,23.5651989,0,0,0,20.50231171,0,4.898408413,0,1.821951389,0,9.048482895,0,5.19649744033813,1.38160479068756,8.96910572052002,0.937469363212585,2.30049324035645,24.5343208312988,66.4246139526367,2.17850875854492,1.41007852554321,0,0,
201,23.66508293,0,0,0,20.5209446,0,4.905735016,0,1.823134184,0,9.075237274,0,5.20214605331421,1.38252878189087,8.98025798797607,0.940547943115234,2.31760597229004,24.5703086853027,66.4673843383789,2.19048643112183,1.41142463684082,0,0,
202,23.76255226,0,0,0,20.53911209,0,4.91287756,0,1.824282289,0,9.101346016,0,5.20774173736572,1.38344132900238,8.99133014678955,0.943606197834015,2.33471369743347,24.6063022613525,66.5103378295898,2.20239114761353,1.41276073455811,0,0,
203,23.85997963,0,0,0,20.55726814,0,4.920013428,0,1.825424314,0,9.127448082,0,5.21328067779541,1.3843412399292,9.0023193359375,0.946642935276031,2.35181427001953,24.642297744751,66.553466796875,2.21422076225281,1.41408586502075,0,0,
204,23.95736885,0,0,0,20.5753994,0,4.927139282,0,1.826559663,0,9.153540611,0,5.21877002716064,1.38523077964783,9.01323127746582,0.949659824371338,2.36890554428101,24.678295135498,66.596794128418,2.22597813606262,1.41540145874023,0,0,
205,24.05234718,0,0,0,20.59308052,0,4.934085369,0,1.827661276,0,9.178990364,0,5.22420454025269,1.38610863685608,9.02406120300293,0.952655553817749,2.38598537445068,24.7142868041992,66.6402969360352,2.23766112327576,1.41670644283295,0,0,
206,24.14728355,0,0,0,20.61074448,0,4.941022396,0,1.828756928,0,9.204432487,0,5.22958087921143,1.38697373867035,9.03480625152588,0.955629050731659,2.40305185317993,24.7502708435059,66.6839904785156,2.24926733970642,1.41800034046173,0,0,
207,24.2421875,0,0,0,20.62839127,0,4.947952747,0,1.82984674,0,9.229867935,0,5.23490715026855,1.38782835006714,9.04547119140625,0.958582043647766,2.42010283470154,24.7862453460693,66.7278594970703,2.26079964637756,1.41928422451019,0,0,
208,24.33705521,0,0,0,20.64602089,0,4.954874516,0,1.830930829,0,9.2552948,0,5.24018907546997,1.38867449760437,9.05606365203857,0.961516261100769,2.43713593482971,24.8222064971924,66.7719116210938,2.27226138114929,1.42055928707123,0,0,
209,24.42951393,0,0,0,20.66319466,0,4.961616516,0,1.831982136,0,9.280078888,0,5.24542140960693,1.38951027393341,9.06657695770264,0.964430332183838,2.45414996147156,24.8581504821777,66.8161392211914,2.28365015983582,1.42182469367981,0,0,
210,24.52194023,0,0,0,20.68035507,0,4.968350887,0,1.833028078,0,9.3048563,0,5.25060033798218,1.39033436775208,9.0770092010498,0.967323005199432,2.47114253044128,24.8940715789795,66.8605499267578,2.29496359825134,1.42307937145233,0,0,
211,24.6143322,0,0,0,20.69750023,0,4.975078106,0,1.834068537,0,9.329626083,0,5.25573205947876,1.39114916324615,9.08736515045166,0.970195949077606,2.48811221122742,24.9299716949463,66.9051284790039,2.30620455741882,1.42432487010956,0,0,
212,24.70432281,0,0,0,20.71419334,0,4.981626034,0,1.835077047,0,9.353754997,0,5.26081228256226,1.39195322990417,9.09764194488525,0.973047912120819,2.50505709648132,24.9658451080322,66.9498748779297,2.31737089157104,1.42555999755859,0,0,
213,24.79428101,0,0,0,20.73086929,0,4.988165855,0,1.83608079,0,9.377876282,0,5.26583671569824,1.39274549484253,9.107834815979,0.97587776184082,2.52197504043579,25.00168800354,66.9947967529297,2.3284604549408,1.4267840385437,0,0,
214,24.88420677,0,0,0,20.7475338,0,4.994700432,0,1.837079406,0,9.401990891,0,5.27081346511841,1.39352834224701,9.11795043945313,0.978687345981598,2.53886461257935,25.0374965667725,67.0398788452148,2.33947610855103,1.42799830436707,0,0,
215,24.97410393,0,0,0,20.76418304,0,5.001226425,0,1.838073134,0,9.426099777,0,5.27574872970581,1.39430344104767,9.1279935836792,0.981478273868561,2.55572390556335,25.0732707977295,67.0851287841797,2.35042119026184,1.42920422554016,0,0,
216,25.06159973,0,0,0,20.78038597,0,5.007575035,0,1.839035869,0,9.449566841,0,5.28063726425171,1.39506912231445,9.13795948028564,0.984249114990234,2.57255172729492,25.1090068817139,67.1305465698242,2.36129307746887,1.4304004907608,0,0,
217,25.14906883,0,0,0,20.79657555,0,5.013917446,0,1.839994192,0,9.473029137,0,5.28547430038452,1.39582419395447,9.14784526824951,0.986998736858368,2.58934617042542,25.1447010040283,67.1761245727539,2.37208962440491,1.43158638477325,0,0,
218,25.23650742,0,0,0,20.81274796,0,5.020252228,0,1.840947866,0,9.496482849,0,5.29026699066162,1.39657080173492,9.15765762329102,0.989728808403015,2.60610580444336,25.1803512573242,67.2218704223633,2.38281393051147,1.43276309967041,0,0,
219,25.3239193,0,0,0,20.82890511,0,5.026580811,0,1.841896892,0,9.51993084,0,5.29502105712891,1.39731025695801,9.16739940643311,0.99244099855423,2.62282919883728,25.2159576416016,67.2677688598633,2.39346885681152,1.43393182754517,0,0,
220,25.40893555,0,0,0,20.84461975,0,5.03273344,0,1.842815995,0,9.542739868,0,5.29973125457764,1.39804089069366,9.17706775665283,0.995133876800537,2.63951468467712,25.2515144348145,67.3138275146484,2.40405201911926,1.43509149551392,0,0,
221,25.493927,0,0,0,20.86031723,0,5.038877964,0,1.843730807,0,9.565542221,0,5.30439281463623,1.398761510849,9.18665885925293,0.997806012630463,2.65616106987,25.2870197296143,67.3600463867188,2.41456151008606,1.43624126911163,0,0,
222,25.57653236,0,0,0,20.87557411,0,5.044847012,0,1.844616413,0,9.587709427,0,5.30900144577026,1.39947128295898,9.19616889953613,1.0004563331604,2.67276692390442,25.3224697113037,67.4064178466797,2.42499446868896,1.43738007545471,0,0,
223,25.6614666,0,0,0,20.89125061,0,5.050981045,0,1.845523,0,9.610498428,0,5.31356477737427,1.40017247200012,9.20560264587402,1.00308668613434,2.68933057785034,25.3578643798828,67.4529418945313,2.43535423278809,1.43850946426392,0,0,
224,25.74401855,0,0,0,20.90647888,0,5.056938171,0,1.846400499,0,9.632650375,0,5.31808948516846,1.40086662769318,9.21496677398682,1.0056985616684,2.70585107803345,25.3931999206543,67.4996185302734,2.44564390182495,1.43963062763214,0,0,
225,25.82654572,0,0,0,20.92170334,0,5.062889576,0,1.847274303,0,9.654798508,0,5.32256984710693,1.40155231952667,9.22425651550293,1.00829076766968,2.72232675552368,25.4284725189209,67.5464401245117,2.45586109161377,1.44074249267578,0,0,
226,25.90668869,0,0,0,20.93647385,0,5.068665504,0,1.848119259,0,9.6763057709999991,0,5.32700157165527,1.40222823619843,9.23346900939941,1.01086187362671,2.73875641822815,25.463680267334,67.5934066772461,2.46600365638733,1.44184422492981,0,0,
227,25.98916245,0,0,0,20.9516716,0,5.074605465,0,1.848985553,0,9.698442459,0,5.33139133453369,1.40289640426636,9.24260807037354,1.01341378688812,2.75513887405396,25.4988212585449,67.6405181884766,2.47607469558716,1.44293689727783,0,0,
228,26.06925964,0,0,0,20.96642685,0,5.08037138,0,1.849823356,0,9.719942093,0,5.33574533462524,1.40355849266052,9.25167942047119,1.01594793796539,2.7714729309082,25.5338916778564,67.6877746582031,2.48607683181763,1.44402194023132,0,0,
229,26.14932823,0,0,0,20.98117447,0,5.086131096,0,1.850657701,0,9.741435051,0,5.34005784988403,1.40421259403229,9.26067924499512,1.01846301555634,2.78775763511658,25.5688934326172,67.7351760864258,2.49600768089294,1.44509816169739,0,0,
230,26.22702026,0,0,0,20.99546814,0,5.09171629,0,1.851464033,0,9.762289047,0,5.34432363510132,1.40485751628876,9.26960372924805,1.02095758914948,2.8039915561676,25.6038227081299,67.7827072143555,2.5058650970459,1.44616448879242,0,0,
231,26.30704117,0,0,0,21.01019287,0,5.097464561,0,1.852291346,0,9.783772469,0,5.34854984283447,1.40549516677856,9.27845764160156,1.02343344688416,2.82017374038696,25.6386756896973,67.8303833007813,2.51565217971802,1.44722211360931,0,0,
232,26.38469124,0,0,0,21.02447319,0,5.103039742,0,1.853091121,0,9.804618835,0,5.35274171829224,1.40612697601318,9.28724575042725,1.02589213848114,2.83630275726318,25.6734523773193,67.8781890869141,2.52537202835083,1.44827246665955,0,0,
233,26.45996284,0,0,0,21.03831291,0,5.108440876,0,1.853863597,0,9.824827194,0,5.35688400268555,1.40674865245819,9.29595565795898,1.02832925319672,2.85237812995911,25.7081527709961,67.9261322021484,2.53501653671265,1.44931209087372,0,0,
234,26.53756714,0,0,0,21.05257034,0,5.114006042,0,1.854656935,0,9.845663071,0,5.36098289489746,1.4073623418808,9.30459213256836,1.03074657917023,2.86839842796326,25.742769241333,67.9742126464844,2.544588804245,1.4503425359726,0,0,
235,26.61279678,0,0,0,21.0663929,0,5.119396687,0,1.855423331,0,9.865862846,0,5.36504507064819,1.40796971321106,9.31316089630127,1.03314578533173,2.8843629360199,25.7773036956787,68.0224227905273,2.55409216880798,1.45136475563049,0,0,
236,26.68800926,0,0,0,21.08020401,0,5.124783993,0,1.856186628,0,9.886058807,0,5.369065284729,1.4085693359375,9.32165718078613,1.03552556037903,2.90027022361755,25.8117523193359,68.0707626342773,2.56352400779724,1.45237791538239,0,0,
237,26.76319885,0,0,0,21.09401131,0,5.130166531,0,1.856947303,0,9.906250954,0,5.37304973602295,1.40916275978088,9.33008670806885,1.0378874540329,2.91611981391907,25.8461151123047,68.1192321777344,2.5728874206543,1.45338308811188,0,0,
238,26.83601952,0,0,0,21.1073761,0,5.1353755,0,1.857681274,0,9.925806999,0,5.37699317932129,1.40974867343903,9.33844566345215,1.04023003578186,2.93191051483154,25.8803901672363,68.1678237915039,2.58218002319336,1.45437932014465,0,0,
239,26.91116905,0,0,0,21.12116051,0,5.140748501,0,1.858435869,0,9.945988655,0,5.38090133666992,1.4103285074234,9.3467378616333,1.04255497455597,2.94764161109924,25.9145736694336,68.2165374755859,2.59140467643738,1.45536768436432,0,0,
240,26.98395157,0,0,0,21.13451195,0,5.145949364,0,1.859164238,0,9.965535164,0,5.38477945327759,1.4109034538269,9.35496807098389,1.04486358165741,2.96331214904785,25.9486675262451,68.265380859375,2.6005642414093,1.45634925365448,0,0,
241,27.0567131,0,0,0,21.14784622,0,5.151145458,0,1.859889984,0,9.985076904,0,5.38862085342407,1.41147172451019,9.36313247680664,1.04715442657471,2.97892165184021,25.982666015625,68.3143463134766,2.60965609550476,1.45732295513153,0,0,
242,27.12711143,0,0,0,21.16074753,0,5.156169415,0,1.860589862,0,10.00398445,0,5.39242124557495,1.41203200817108,9.37122631072998,1.04942607879639,2.994469165802,26.0165710449219,68.3634262084961,2.61867785453796,1.45828747749329,0,0,
243,27.19748878,0,0,0,21.17364311,0,5.161189079,0,1.861286998,0,10.02288723,0,5.3961763381958,1.41258347034454,9.37924671173096,1.05167722702026,3.00995397567749,26.0503768920898,68.4126281738281,2.62762713432312,1.45924210548401,0,0,
244,27.26785278,0,0,0,21.18652534,0,5.166204929,0,1.861981869,0,10.0417881,0,5.39989280700684,1.41312837600708,9.38719844818115,1.05390954017639,3.02537512779236,26.0840835571289,68.4619369506836,2.63650703430176,1.46018803119659,0,0,
245,27.3381958,0,0,0,21.19940758,0,5.171216011,0,1.862674117,0,10.06068325,0,5.40357637405396,1.41366791725159,9.39508628845215,1.05612480640411,3.04073190689087,26.1176910400391,68.5113677978516,2.64532065391541,1.46112644672394,0,0,
246,27.40852547,0,0,0,21.21227837,0,5.176224232,0,1.863364339,0,10.079576490000001,0,5.40723180770874,1.41420316696167,9.40291404724121,1.05832433700562,3.05602383613586,26.1511993408203,68.560905456543,2.65407061576843,1.46205830574036,0,0,
247,27.47649002,0,0,0,21.22471428,0,5.181061745,0,1.864028931,0,10.09783363,0,5.41085243225098,1.41473233699799,9.41067790985107,1.06050646305084,3.07124996185303,26.1846027374268,68.6105575561523,2.66275429725647,1.46298265457153,0,0,
248,27.54443932,0,0,0,21.23714447,0,5.185894966,0,1.864691496,0,10.11608887,0,5.41443347930908,1.41525399684906,9.41837310791016,1.06266975402832,3.08641004562378,26.217903137207,68.6603088378906,2.67136931419373,1.4638979434967,0,0,
249,27.61237526,0,0,0,21.24956703,0,5.190724373,0,1.865351796,0,10.13434029,0,5.41798114776611,1.41577005386353,9.42600536346436,1.0648158788681,3.1015031337738,26.2510986328125,68.7101745605469,2.67991828918457,1.46480560302734,0,0,
250,27.67794991,0,0,0,21.2615509,0,5.195382595,0,1.865987062,0,10.15195751,0,5.42148971557617,1.41627907752991,9.43356990814209,1.06694328784943,3.11652898788452,26.2841854095459,68.760139465332,2.68839883804321,1.46570456027985,0,0,
251,27.74585342,0,0,0,21.27395821,0,5.20020628,0,1.866643071,0,10.1702013,0,5.42496538162231,1.41678249835968,9.44107151031494,1.06905364990234,3.13148665428162,26.3171653747559,68.8102111816406,2.69681406021118,1.4665961265564,0,0,
252,27.81139755,0,0,0,21.28593636,0,5.204858303,0,1.867274284,0,10.18781281,0,5.42841291427612,1.41728162765503,9.44851493835449,1.07114827632904,3.14637565612793,26.3500347137451,68.8603897094727,2.70516657829285,1.46748101711273,0,0,
253,27.87692833,0,0,0,21.29790306,0,5.209506512,0,1.86790359,0,10.20541954,0,5.43182611465454,1.4177747964859,9.45589447021484,1.07322561740875,3.1611955165863,26.3827934265137,68.9106674194336,2.71345376968384,1.46835815906525,0,0,
254,27.94010544,0,0,0,21.30944061,0,5.213985443,0,1.868508577,0,10.2223959,0,5.43520021438599,1.4182608127594,9.46320724487305,1.07528436183929,3.17594599723816,26.4154415130615,68.9610366821289,2.72167301177979,1.46922636032104,0,0,
255,28.0056057,0,0,0,21.32139015,0,5.218627453,0,1.869133711,0,10.239995,0,5.43854141235352,1.41874134540558,9.47045612335205,1.07732594013214,3.19062638282776,26.4479751586914,69.0115051269531,2.72982716560364,1.47008693218231,0,0,
256,28.06875229,0,0,0,21.33291054,0,5.223099232,0,1.869735003,0,10.25696278,0,5.44185447692871,1.41921746730804,9.47764682769775,1.07935178279877,3.20523595809937,26.4803924560547,69.0620727539063,2.73791933059692,1.47094094753265,0,0,
257,28.13188934,0,0,0,21.34442902,0,5.227569103,0,1.870334148,0,10.2739296,0,5.44513320922852,1.41968762874603,9.48477554321289,1.08136034011841,3.2197744846344,26.5126953125,69.1127319335938,2.74594664573669,1.4717869758606,0,0,
258,28.19500923,0,0,0,21.35593796,0,5.23203516,0,1.870931625,0,10.29089069,0,5.44838285446167,1.42015314102173,9.49184608459473,1.08335304260254,3.23424172401428,26.5448818206787,69.1634826660156,2.75391149520874,1.47262632846832,0,0,
259,28.25577927,0,0,0,21.36701584,0,5.236332417,0,1.87150538,0,10.30722046,0,5.45159769058228,1.42061257362366,9.49885272979736,1.0853283405304,3.24863696098328,26.5769500732422,69.2143249511719,2.76181149482727,1.47345757484436,0,0,
260,28.31887245,0,0,0,21.37851715,0,5.240792274,0,1.8720994,0,10.3241787,0,5.45478296279907,1.42106735706329,9.5058012008667,1.08728778362274,3.2629599571228,26.6089000701904,69.265251159668,2.76964950561523,1.47428214550018,0,0,
261,28.37961769,0,0,0,21.38958931,0,5.245083809,0,1.872669816,0,10.34050274,0,5.45794343948364,1.42151832580566,9.5126953125,1.08923256397247,3.2772102355957,26.6407318115234,69.3162689208984,2.777428150177,1.47510063648224,0,0,
262,28.44034958,0,0,0,21.40064812,0,5.249372005,0,1.873238444,0,10.35682392,0,5.46107244491577,1.42196393013,9.51953029632568,1.09116113185883,3.29138779640198,26.6724433898926,69.3673782348633,2.78514456748962,1.47591197490692,0,0,
263,28.49873543,0,0,0,21.41127777,0,5.253492355,0,1.873783708,0,10.37251472,0,5.46416521072388,1.42240285873413,9.52630138397217,1.09307181835175,3.30549216270447,26.7040328979492,69.4185638427734,2.79279637336731,1.47671473026276,0,0,
264,28.55944061,0,0,0,21.42232895,0,5.257774353,0,1.874349236,0,10.38883018,0,5.4672269821167,1.42283689975739,9.53301334381104,1.09496629238129,3.31952309608459,26.7355003356934,69.4698333740234,2.80038595199585,1.47751033306122,0,0,
265,28.61779976,0,0,0,21.4329586,0,5.261889935,0,1.8748914,0,10.40451622,0,5.47026300430298,1.42326676845551,9.53967094421387,1.09684586524963,3.33347988128662,26.7668437957764,69.5211791992188,2.80791616439819,1.47829973697662,0,0,
266,28.67615128,0,0,0,21.44357681,0,5.266003132,0,1.875432134,0,10.42020035,0,5.4732666015625,1.42369139194489,9.54626846313477,1.09870886802673,3.34736251831055,26.7980651855469,69.5726089477539,2.81538438796997,1.4790815114975,0,0,
267,28.73448944,0,0,0,21.45419121,0,5.270112991,0,1.875971556,0,10.43588066,0,5.476243019104,1.42411160469055,9.55281066894531,1.10055661201477,3.36117076873779,26.8291606903076,69.6241149902344,2.82279300689697,1.47985696792603,0,0,
268,28.79048347,0,0,0,21.46437645,0,5.274055004,0,1.876487851,0,10.45093155,0,5.47918653488159,1.42452609539032,9.55929279327393,1.10238766670227,3.37490463256836,26.8601303100586,69.6756896972656,2.83013939857483,1.48062467575073,0,0,
269,28.84880066,0,0,0,21.47498131,0,5.278159142,0,1.877024412,0,10.46660709,0,5.48210191726685,1.42493641376495,9.56571960449219,1.10420334339142,3.38856339454651,26.8909759521484,69.7273483276367,2.83742594718933,1.48138570785522,0,0,
270,28.9047699,0,0,0,21.4851532,0,5.282096386,0,1.877537847,0,10.48165131,0,5.48499345779419,1.42534339427948,9.57209396362305,1.10600507259369,3.40214705467224,26.9216918945313,69.7790756225586,2.84465527534485,1.48214101791382,0,0,
271,28.96073151,0,0,0,21.49532127,0,5.286031723,0,1.878050208,0,10.49669361,0,5.48785543441772,1.42574512958527,9.57841110229492,1.10779082775116,3.41565561294556,26.9522819519043,69.8308715820313,2.85182476043701,1.48288917541504,0,0,
272,29.01668358,0,0,0,21.50548744,0,5.289962769,0,1.878561139,0,10.51173306,0,5.49069213867188,1.42614305019379,9.58467578887939,1.10956215858459,3.4290885925293,26.9827423095703,69.8827362060547,2.85893678665161,1.4836311340332,0,0,
273,29.07029343,0,0,0,21.51522636,0,5.293730259,0,1.879049778,0,10.52614403,0,5.49349784851074,1.42653560638428,9.59088230133057,1.11131739616394,3.44244599342346,27.0130729675293,69.9346618652344,2.8659884929657,1.4843658208847,0,0,
274,29.12622643,0,0,0,21.525383,0,5.297656536,0,1.879558325,0,10.5411787,0,5.49627685546875,1.42692399024963,9.59703636169434,1.11305797100067,3.45572757720947,27.0432758331299,69.9866638183594,2.87298274040222,1.48509418964386,0,0,
275,29.1798172,0,0,0,21.53511429,0,5.301417828,0,1.880044222,0,10.55558586,0,5.49903345108032,1.42730927467346,9.60313987731934,1.11478495597839,3.46893334388733,27.0733489990234,70.0387268066406,2.87992191314697,1.48581695556641,0,0,
276,29.23339844,0,0,0,21.54484177,0,5.305176735,0,1.880529165,0,10.5699892,0,5.50176095962524,1.42768967151642,9.6091890335083,1.11649668216705,3.48206329345703,27.1032905578613,70.0908584594727,2.88680267333984,1.48653280735016,0,0,
277,29.28464127,0,0,0,21.55414009,0,5.308771133,0,1.880991936,0,10.58376503,0,5.50445461273193,1.4280641078949,9.61517810821533,1.11819159984589,3.49511694908142,27.1330986022949,70.1430435180664,2.89362287521362,1.4872407913208,0,0,
278,29.33820534,0,0,0,21.56385803,0,5.312525749,0,1.881474614,0,10.59816456,0,5.50711965560913,1.42843377590179,9.62111186981201,1.11987113952637,3.5080943107605,27.1627769470215,70.1952972412109,2.90038466453552,1.48794186115265,0,0,
279,29.389431,0,0,0,21.57314873,0,5.316113949,0,1.88193512,0,10.61193562,0,5.50976037979126,1.42880022525787,9.62699508666992,1.1215363740921,3.52099537849426,27.1923217773438,70.2476043701172,2.90709066390991,1.48863697052002,0,0,
280,29.44064713,0,0,0,21.58243561,0,5.319702148,0,1.882394433,0,10.62570381,0,5.51237106323242,1.4291615486145,9.63282108306885,1.12318587303162,3.53381991386414,27.2217330932617,70.2999649047852,2.91373777389526,1.48932492733002,0,0,
281,29.49185562,0,0,0,21.5917244,0,5.323287487,0,1.882853031,0,10.63947296,0,5.5149564743042,1.42951917648315,9.63859558105469,1.12482082843781,3.54656791687012,27.2510089874268,70.3523788452148,2.92032885551453,1.49000656604767,0,0,
282,29.54305649,0,0,0,21.60100555,0,5.326869965,0,1.883310318,0,10.65323639,0,5.51752042770386,1.42987382411957,9.64432048797607,1.12644255161285,3.55923914909363,27.2801532745361,70.4048461914063,2.92686581611633,1.49068284034729,0,0,
283,29.59424782,0,0,0,21.61028481,0,5.330451488,0,1.88376689,0,10.66699886,0,5.52006578445435,1.43022632598877,9.65000152587891,1.12805199623108,3.57183384895325,27.3091621398926,70.4573669433594,2.93335151672363,1.49135446548462,0,0,
284,29.64310455,0,0,0,21.61913681,0,5.33386755,0,1.884201527,0,10.68013382,0,5.52258634567261,1.43057477474213,9.65563106536865,1.12964749336243,3.58435201644897,27.3380374908447,70.5099334716797,2.93978261947632,1.49201989173889,0,0,
285,29.69195366,0,0,0,21.627985,0,5.33728075,0,1.88463521,0,10.69326782,0,5.52507638931274,1.43091773986816,9.66120529174805,1.13122725486755,3.59679365158081,27.3667774200439,70.5625610351563,2.94615626335144,1.49267816543579,0,0,
286,29.74079323,0,0,0,21.63683319,0,5.34069252,0,1.88506794,0,10.70639896,0,5.52753973007202,1.43125653266907,9.66672801971436,1.13279271125793,3.6091585159301798,27.3953800201416,70.615234375,2.95247483253479,1.49333000183105,0,0,
287,29.78962708,0,0,0,21.64567757,0,5.344103813,0,1.885499954,0,10.71952915,0,5.52998161315918,1.43159234523773,9.67220401763916,1.13434505462646,3.62144660949707,27.4238471984863,70.6679534912109,2.95874047279358,1.493976354599,0,0,
288,29.8384552,0,0,0,21.65451431,0,5.347511768,0,1.885930777,0,10.73265553,0,5.53240489959717,1.43192565441132,9.67763519287109,1.13588523864746,3.63365793228149,27.4521808624268,70.7207183837891,2.96495580673218,1.49461805820465,0,0,
289,29.88494682,0,0,0,21.66293144,0,5.350757122,0,1.88634038,0,10.74515724,0,5.53480291366577,1.43225479125977,9.68301582336426,1.13741159439087,3.64579296112061,27.4803771972656,70.7735214233398,2.97111749649048,1.49525344371796,0,0,
290,29.93375778,0,0,0,21.67176628,0,5.354161739,0,1.886769652,0,10.75828075,0,5.53717947006226,1.43258094787598,9.68835067749023,1.1389251947403,3.65785145759583,27.5084362030029,70.8263702392578,2.97722768783569,1.49588370323181,0,0,
291,29.98023987,0,0,0,21.68017387,0,5.357401848,0,1.887177467,0,10.7707777,0,5.53953790664673,1.43290460109711,9.69364261627197,1.14042699337006,3.66983366012573,27.5363597869873,70.879264831543,2.98328876495361,1.49650919437408,0,0,
292,30.02671051,0,0,0,21.68858719,0,5.360641003,0,1.887584686,0,10.7832737,0,5.54187154769897,1.43322420120239,9.69888687133789,1.14191520214081,3.68173933029175,27.5641441345215,70.9321975708008,2.98929786682129,1.49712872505188,0,0,
293,30.07317734,0,0,0,21.69698906,0,5.363878727,0,1.887991071,0,10.79576778,0,5.54418468475342,1.43354058265686,9.70408630371094,1.14339113235474,3.69356894493103,27.5917930603027,70.9851684570313,2.99525690078735,1.49774301052094,0,0,
294,30.11731148,0,0,0,21.7049675,0,5.366951942,0,1.8883759979999999,0,10.8076334,0,5.54647064208984,1.43385231494904,9.70923519134521,1.14485275745392,3.70532250404358,27.6193046569824,71.0381774902344,3.00116276741028,1.49835085868835,0,0,
295,30.16376305,0,0,0,21.71336746,0,5.370186329,0,1.888780713,0,10.82012463,0,5.54873323440552,1.43416059017181,9.7143383026123,1.14630138874054,3.71700000762939,27.6466789245605,71.0912170410156,3.00701785087585,1.49895298480988,0,0,
296,30.20788765,0,0,0,21.7213459,0,5.373257637,0,1.889164567,0,10.83198833,0,5.55097675323486,1.43446624279022,9.71939754486084,1.14773797988892,3.72860145568848,27.6739158630371,71.144287109375,3.01282405853271,1.49955022335052,0,0,
297,30.25200653,0,0,0,21.72932243,0,5.376327038,0,1.889547586,0,10.843853,0,5.55319452285767,1.43476760387421,9.72440814971924,1.14916086196899,3.7401270866394,27.7010154724121,71.1973876953125,3.01857852935791,1.50014126300812,0,0,
298,30.29611588,0,0,0,21.73728943,0,5.379395008,0,1.88993001,0,10.85571194,0,5.55539083480835,1.43506586551666,9.72937297821045,1.15057110786438,3.75157713890076,27.7279758453369,71.2505264282227,3.02428340911865,1.50072681903839,0,0,
299,30.34022141,0,0,0,21.74526405,0,5.382461071,0,1.890311599,0,10.86757374,0,5.55756855010986,1.43536186218262,9.73429679870605,1.15196979045868,3.76295161247253,27.7548007965088,71.3036956787109,3.0299406051635702,1.50130772590637,0,0,
