"Time Step","Softwood Merchantable","Hardwood Merchantable","Softwood Submerchantable","Hardwood Submerchantable","Softwood Other","Hardwood Other","Softwood Foliage","Hardwood Foliage","Softwood Fine Roots","Hardwood Fine Roots","Softwood Coarse Roots","Hardwood Coarse Roots","Aboveground Very Fast DOM","Belowground Very Fast DOM","Aboveground Fast DOM","Belowground Fast DOM","Medium DOM","Aboveground Slow DOM","Belowground Slow DOM","Softwood Stem Snag","Softwood Branch Snag","Hardwood Stem Snag","Hardwood Branch Snag",
0,2.202128235e-4,0,0,0,0,0,0.2406121045,0,0.0226545278,0,0.03081024624,0,4.5671067237854,0.721039831638336,24.0471153259277,3.31337213516235,2.84273958206177,16.484712600708,51.3962821960449,4.863788944931e-7,0,0,0,
1,0.0013329715,0,0,0,0.1239743233,0,0.4836985469,0,0.05682197958,0,0.07837731391,0,3.0183584690094,0.373440712690353,20.6600532531738,2.84686422348022,2.73832011222839,17.0174427032471,51.4695892333984,3.89264960176661e-6,5.7619018480181e-4,0,0,
2,0.003821273101,0,0,0,0.3665835857,0,0.6736876369,0,0.09648323804,0,0.1353052855,0,2.0275547504425,0.202558234333992,17.7555751800537,2.44655346870422,2.63773632049561,17.3642444610596,51.5056762695313,1.50829382619122e-5,0.00276197330094874,0,0,
3,0.008066301234,0,0,0,0.6716558933,0,0.8463719487,0,0.1395311505,0,0.1992617697,0,1.40020966529846,0.122336409986019,15.2682104110718,2.10318040847778,2.54084730148315,17.5752429962158,51.5202598571777,4.05879400204867e-5,0.00713598821312189,0,0,
4,0.01439735107,0,0,0,1.023870587,0,1.00518775,0,0.1847159266,0,0.26893121,0,1.01008343696594,0.0887050107121468,13.1408262252808,1.80877554416656,2.44751787185669,17.6858692169189,51.5217819213867,8.81824889802374e-5,0.0138500388711691,0,0,
5,0.02310908586,0,0,0,1.412856817,0,1.15230763,0,0.2311793119,0,0.3434174061,0,0.774592339992523,0.0790634378790855,11.3240165710449,1.55648231506348,2.35761833190918,17.721549987793,51.5149269104004,1.6663249698467e-4,0.0229117162525654,0,0,
6,0.0344700329,0,0,0,1.830900073,0,1.289270043,0,0.2782896161,0,0.4220405221,0,0.639701843261719,0.0817880555987358,9.77509880065918,1.34040427207947,2.27102327346802,17.7008419036865,51.5024070739746,2.8551145805977e-4,0.0342433154582977,0,0,
7,0.04872741923,0,0,0,2.271924734,0,1.417242408,0,0.3255645931,0,0.5042479038,0,0.570051252841949,0.0908723771572113,8.45721435546875,1.1554703712463399,2.18761277198792,17.6375179290771,51.4858894348145,4.5505544403567e-4,0.0477157384157181,0,0,
8,0.06611011177,0,0,0,2.730962038,0,1.537152886,0,0.3726291656,0,0.5895688534,0,0.54249769449234,0.103189632296562,7.3385443687439,0.997320115566254,2.10727143287659,17.5419807434082,51.4664688110352,6.8604247644543e-4,0.0631696507334709,0,0,
9,0.08683048189,0,0,0,3.203841925,0,1.649763823,0,0.4191886485,0,0.6775882244,0,0.541893362998962,0.117093861103058,6.39161682128906,0.862203598022461,2.02988815307617,17.4222049713135,51.4449043273926,9.8968879319727e-4,0.0804293006658554,0,0,
10,0.111085631,0,0,0,3.686998844,0,1.75571692,0,0.4650114477,0,0.7679325342,0,0.558324158191681,0.131704479455948,5.59271478652954,0.746896147727966,1.95535683631897,17.2844085693359,51.4217643737793,0.00137755647301674,0.0993116721510887,0,0,
11,0.139058128,0,0,0,4.177343369,0,1.85556221,0,0.5099161863,0,0.8602597713,0,0.5853031873703,0.146539643406868,4.92135858535767,0.648624420166016,1.88357508182526,17.1334915161133,51.3974838256836,0.00186147063504905,0.119632758200169,0,0,
12,0.1709164679,0,0,0,4.672171116,0,1.949778438,0,0.5537625551,0,0.9542536736,0,0.618588745594025,0.16132789850235,4.35986232757568,0.565003097057343,1.81444501876831,16.9733638763428,51.3724098205566,0.00245344336144626,0.141211673617363,0,0,
13,0.2068153322,0,0,0,5.169099331,0,2.038786888,0,0.5964437127,0,1.049620152,0,0.655410706996918,0.175910949707031,3.89294862747192,0.493980497121811,1.74787247180939,16.8071670532227,51.3468246459961,0.00316560245119035,0.163873478770256,0,0,
14,0.2468957007,0,0,0,5.666017056,0,2.12296176,0,0.6378808022,0,1.146083355,0,0.693964302539825,0.190193042159081,3.50741791725159,0.43379157781601,1.6837671995163,16.6374435424805,51.3209609985352,0.00401012506335974,0.187450915575027,0,0,
15,0.2912847996,0,0,0,6.161046505,0,2.202638388,0,0.6780175567,0,1.243385792,0,0.733078479766846,0.204114481806755,3.1918625831604,0.382917791604996,1.62204253673553,16.4662551879883,51.2950134277344,0.00499917427077889,0.211785510182381,0,0,
16,0.3400960267,0,0,0,6.652517319,0,2.27811861,0,0.7168172002,0,1.341285467,0,0.771998524665833,0.217637255787849,2.93642163276672,0.340052485466003,1.56261575222015,16.2952785491943,51.2691383361816,0.00614483980461955,0.236728206276894,0,0,
17,0.3934288621,0,0,0,7.138938904,0,2.349676609,0,0.7542586923,0,1.439555168,0,0.810243844985962,0.230737328529358,2.73256802558899,0.304071098566055,1.50540709495544,16.1258735656738,51.243465423584,0.00745907891541719,0.262139648199081,0,0,
18,0.4513686597,0,0,0,7.618984222,0,2.417562008,0,0.7903343439,0,1.537982821,0,0.847514271736145,0.243400126695633,2.57292675971985,0.274005681276321,1.45034039020538,15.9591426849365,51.2181053161621,0.00895366258919239,0.287890136241913,0,0,
19,0.5139864683,0,0,0,8.091471672,0,2.482002497,0,0.8250468969,0,1.636369348,0,0.88362854719162,0.255617827177048,2.45111656188965,0.249022975564003,1.39734244346619,15.7959671020508,51.1931457519531,0.0106401210650802,0.313859462738037,0,0,
20,0.5813388228,0,0,0,8.555353165,0,2.543207645,0,0.8584082723,0,1.734529495,0,0.918484032154083,0.267387628555298,2.36161518096924,0.228405475616455,1.3463431596756,15.6370534896851,51.1686630249023,0.0125296926125884,0.339936763048172,0,0,
21,0.6534675956,0,0,0,9.009702682,0,2.601370335,0,0.8904375434,0,1.832290411,0,0.952029943466187,0.278710603713989,2.29964184761047,0.211535304784775,1.2972754240036,15.4829530715942,51.1447143554688,0.0146332737058401,0.366020083427429,0,0,
22,0.7303999066,0,0,0,9.453702927,0,2.656668663,0,0.921159327,0,1.929491997,0,0.984249889850616,0.289590924978256,2.26105690002441,0.197880193591118,1.25007498264313,15.3340892791748,51.1213417053223,0.0169613696634769,0.392016023397446,0,0,
23,0.8121477962,0,0,0,9.886642456,0,2.709267616,0,0.9506032467,0,2.025985718,0,1.01514995098114,0.300035148859024,2.24227547645569,0.186981573700905,1.2046799659729,15.1907787322998,51.0985870361328,0.0195240508764982,0.41783943772316,0,0,
24,0.8987081647,0,0,0,10.30790424,0,2.759319782,0,0.9788020253,0,2.121634722,0,1.04475104808807,0.310051620006561,2.24019193649292,0.178444281220436,1.16103148460388,15.0532474517822,51.0764808654785,0.022330904379487,0.443412721157074,0,0,
25,0.9900628924,0,0,0,10.71695805,0,2.806967497,0,1.005791545,0,2.216313839,0,1.07308375835419,0.319650292396545,2.25211596488953,0.171927735209465,1.11907279491425,14.9216461181641,51.0550346374512,0.0253909938037395,0.468665838241577,0,0,
26,1.08617866,0,0,0,11.11335754,0,2.852343082,0,1.031609416,0,2.309907913,0,1.10018479824066,0.328842103481293,2.27571654319763,0.167138293385506,1.07874965667725,14.7960596084595,51.0342750549316,0.0287128202617168,0.493535459041595,0,0,
27,1.187006712,0,0,0,11.49673176,0,2.895570278,0,1.056294203,0,2.402312279,0,1.12609434127808,0.337638884782791,2.30897450447083,0.163822785019875,1.04001009464264,14.6765203475952,51.0142097473145,0.0323042720556259,0.517965018749237,0,0,
28,1.292483449,0,0,0,11.86678123,0,2.93676424,0,1.07988596,0,2.493432522,0,1.1508549451828,0.346053063869476,2.35014081001282,0.161762848496437,1.00280427932739,14.5630121231079,50.9948425292969,0.0361726097762585,0.541903972625732,0,0,
29,1.402530193,0,0,0,12.22327518,0,2.976033211,0,1.102425098,0,2.583183289,0,1.17450988292694,0.35409754514694203,2.39770078659058,0.160770133137703,0.967084228992462,14.4554862976074,50.9761810302734,0.0403244160115719,0.565307438373566,0,0,
30,1.517053366,0,0,0,12.5660429,0,3.013478279,0,1.123951316,0,2.671488285,0,1.19710290431976,0.361785441637039,2.45034384727478,0.160682126879692,0.932804226875305,14.3538570404053,50.9582214355469,0.0447655506432056,0.588136196136475,0,0,
31,1.635944843,0,0,0,12.8949728,0,3.049194098,0,1.144504666,0,2.758280277,0,1.21867728233337,0.369129866361618,2.50693607330322,0.161358624696732,0.899920284748077,14.2580165863037,50.9409599304199,0.0495011508464813,0.610356092453003,0,0,
32,1.759082198,0,0,0,13.21000862,0,3.083269835,0,1.164124846,0,2.843499184,0,1.23927569389343,0.376144051551819,2.56649804115295,0.162678629159927,0.868390262126923,14.1678352355957,50.9243965148926,0.0545355826616287,0.631937623023987,0,0,
33,1.886329055,0,0,0,13.51114368,0,3.115789413,0,1.182850242,0,2.927093983,0,1.25893986225128,0.382841110229492,2.62818455696106,0.164537698030472,0.838173568248749,14.0831670761108,50.908519744873,0.059872429817915,0.652856111526489,0,0,
34,2.01753521,0,0,0,13.79841995,0,3.146831512,0,1.200718999,0,3.009019852,0,1.27771055698395,0.38923391699791,2.69126749038696,0.166845723986626,0.809231340885162,14.0038499832153,50.8933258056641,0.0655144527554512,0.673090755939484,0,0,
35,2.152538061,0,0,0,14.07192326,0,3.176470041,0,1.217767835,0,3.08923912,0,1.29562711715698,0.39533519744873,2.75512075424194,0.169524922966957,0.7815260887146,13.9297132492065,50.8788070678711,0.0714635998010635,0.692624926567078,0,0,
36,2.291162014,0,0,0,14.33178043,0,3.204774857,0,1.23403275,0,3.167720795,0,1.31272757053375,0.401157230138779,2.81920719146729,0.17250819504261,0.755021929740906,13.8605785369873,50.8649520874023,0.077720955014228807,0.711445689201355,0,0,
37,2.433219433,0,0,0,14.57815647,0,3.231812239,0,1.249548197,0,3.244439363,0,1.32904875278473,0.406712114810944,2.88306832313538,0.175737649202347,0.729684174060822,13.7962617874146,50.8517570495605,0.0842867642641068,0.72954350709915206,0,0,
38,2.578511477,0,0,0,14.81125259,0,3.257644176,0,1.26434803,0,3.319376469,0,1.34462594985962,0.412011563777924,2.94631361961365,0.179163366556168,0.705479502677917,13.7365741729736,50.8392066955566,0.0911604017019272,0.746912181377411,0,0,
39,2.72682929,0,0,0,15.0313015,0,3.282329559,0,1.278464437,0,3.392518044,0,1.35949313640594,0.417066901922226,3.00861239433289,0.182742312550545,0.68237578868866,13.6813259124756,50.8272895812988,0.0983403697609901,0.763548493385315,0,0,
40,2.877953768,0,0,0,15.23856449,0,3.305923462,0,1.291928411,0,3.463853836,0,1.37368309497833,0.421889066696167,3.06968712806702,0.186437427997589,0.660342037677765,13.6303272247314,50.8159942626953,0.105824306607246,0.779452085494995,0,0,
41,3.031656742,0,0,0,15.4333334,0,3.328478575,0,1.304769993,0,3.533380032,0,1.38722681999207,0.42648857831955,3.12930607795715,0.190216809511185,0.639348328113556,13.5833854675293,50.8053092956543,0.113608971238136,0.794625163078308,0,0,
42,3.187701941,0,0,0,15.61592102,0,3.350044489,0,1.317017794,0,3.601096392,0,1.40015435218811,0.43087562918663,3.18727803230286,0.194053038954735,0.619365692138672,13.5403118133545,50.7952270507813,0.121690258383751,0.809072494506836,0,0,
43,3.345846415,0,0,0,15.78666496,0,3.370668411,0,1.328699231,0,3.667006969,0,1.41249430179596,0.435059905052185,3.24344778060913,0.197922572493553,0.600366175174713,13.500919342041,50.7857284545898,0.130063220858574,0.822800993919373,0,0,
44,3.50584054,0,0,0,15.94591999,0,3.390394688,0,1.339840651,0,3.731117964,0,1.42427372932434,0.439050734043121,3.29769134521484,0.201805233955383,0.582322657108307,13.4650239944458,50.7768020629883,0.13872204720974,0.835819661617279,0,0,
45,3.667429447,0,0,0,16.0940609,0,3.40926528,0,1.350467086,0,3.793440342,0,1.43551898002625,0.442857056856155,3.34991240501404,0.205683752894402,0.565208852291107,13.432445526123,50.768440246582,0.147660151124001,0.848139464855194,0,0,
46,3.830354214,0,0,0,16.23147774,0,3.42732048,0,1.360602975,0,3.853989124,0,1.4462548494339,0.44648751616478,3.40003943443298,0.209543406963348,0.548999130725861,13.4030084609985,50.760627746582,0.156870052218437,0.8597731590271,0,0,
47,3.994352102,0,0,0,16.35856819,0,3.444598198,0,1.370270729,0,3.912778854,0,1.45650517940521,0.449950277805328,3.44802236557007,0.213371694087982,0.533668756484985,13.376540184021,50.7533531188965,0.166343569755554,0.870734930038452,0,0,
48,4.159159184,0,0,0,16.47574806,0,3.461133957,0,1.379492283,0,3.969828606,0,1.46629238128662,0.453253120183945,3.49382948875427,0.217158004641533,0.519193470478058,13.3528747558594,50.7466087341309,0.176071733236313,0.881040632724762,0,0,
49,4.324509144,0,0,0,16.58343697,0,3.476962328,0,1.388288975,0,4.025160789,0,1.47563827037811,0.456403523683548,3.53744649887085,0.220893397927284,0.505549788475037,13.3318490982056,50.7403793334961,0.186044856905937,0.890707314014435,0,0,
50,4.602128506,0,0,0,16.653965,0,3.494755507,0,1.399255991,0,4.095432281,0,1.48491966724396,0.459618717432022,3.5785825252533,0.224641844630241,0.492714673280716,13.3133325576782,50.7346839904785,0.196499913930893,0.899622559547424,0,0,
51,4.742699146,0,0,0,16.68757629,0,3.502740145,0,1.404642701,0,4.130486965,0,1.49354481697083,0.462588787078857,3.61648106575012,0.228314414620399,0.480673283338547,13.2971172332764,50.7295036315918,0.207358196377754,0.9075648188591,0,0,
52,4.885626316,0,0,0,16.72150993,0,3.511020422,0,1.410068512,0,4.166162491,0,1.50084948539734,0.464982151985168,3.65089464187622,0.231773167848587,0.46940889954567,13.2829256057739,50.724739074707,0.218302115797997,0.914523124694824,0,0,
53,5.02532053,0,0,0,16.75444984,0,3.519263506,0,1.415322185,0,4.201063156,0,1.50728499889374,0.467071205377579,3.68222093582153,0.235047593712807,0.458895623683929,13.2705430984497,50.7203483581543,0.229325488209724,0.920655012130737,0,0,
54,5.164602757,0,0,0,16.7870903,0,3.527621269,0,1.420512438,0,4.235896111,0,1.51313030719757,0.4689861536026,3.71080350875854,0.238160073757172,0.449108302593231,13.2597970962524,50.71630859375,0.240416303277016,0.926089644432068,0,0,
55,5.303486824,0,0,0,16.81944466,0,3.536087275,0,1.425640821,0,4.270661354,0,1.51858377456665,0.470802277326584,3.73696112632751,0.241132855415344,0.440022379159927,13.2505483627319,50.7126045227051,0.251569420099258,0.930938184261322,0,0,
56,5.444752216,0,0,0,16.85217094,0,3.544826031,0,1.430809379,0,4.306058884,0,1.5237911939621,0.472566336393356,3.76098847389221,0.243988022208214,0.431614011526108,13.2426815032959,50.7092323303223,0.262786090373993,0.935296893119812,0,0,
57,5.582870483,0,0,0,16.88399696,0,3.55348897,0,1.435816884,0,4.340702057,0,1.5288313627243,0.474294036626816,3.78313660621643,0.246741622686386,0.423860222101212,13.2361001968384,50.7061882019043,0.274061530828476,0.939243197441101,0,0,
58,5.720627785,0,0,0,16.91558266,0,3.562239885,0,1.440766573,0,4.375288963,0,1.53373980522156,0.475985378026962,3.80361700057983,0.249404519796371,0.41673880815506,13.2307195663452,50.7034759521484,0.285385012626648,0.942839384078979,0,0,
59,5.858034134,0,0,0,16.94693756,0,3.571072817,0,1.445659637,0,4.409822464,0,1.53855562210083,0.477648884057999,3.82262778282166,0.251989006996155,0.41022801399231,13.2264671325684,50.7010917663574,0.296752542257309,0.94614040851593,0,0,
60,5.995099545,0,0,0,16.97807693,0,3.579983711,0,1.450497389,0,4.444304466,0,1.54330432415009,0.47928911447525,3.84034442901611,0.254505693912506,0.404306799173355,13.2232780456543,50.699031829834,0.308160454034805,0.94919240474700906,0,0,
61,6.13183403,0,0,0,17.0090065,0,3.588966608,0,1.455280542,0,4.478736877,0,1.54800260066986,0.48090848326683,3.8569221496582,0.256963700056076,0.398954719305038,13.221095085144,50.6972999572754,0.319605231285095,0.952034115791321,0,0,
62,6.265521526,0,0,0,17.03911972,0,3.597834587,0,1.459916115,0,4.512433529,0,1.55264520645142,0.482500821352005,3.87248706817627,0.259367913007736,0.394152015447617,13.2198667526245,50.6958923339844,0.331077545881271,0.954695165157318,0,0,
63,6.401626587,0,0,0,17.06966019,0,3.606945992,0,1.464594483,0,4.546772957,0,1.55724465847015,0.484070807695389,3.88716053962708,0.261725515127182,0.38987934589386,13.2195453643799,50.6948089599609,0.342574715614319,0.957203209400177,0,0,
64,6.534713745,0,0,0,17.09941483,0,3.615932465,0,1.469129562,0,4.580384254,0,1.56180930137634,0.485621213912964,3.90105032920837,0.26404270529747,0.386118024587631,13.2200899124146,50.6940498352051,0.354094117879868,0.959581613540649,0,0,
65,6.667515755,0,0,0,17.12899399,0,3.624971628,0,1.473615885,0,4.61395359,0,1.5663286447525,0.487146019935608,3.91424012184143,0.266321897506714,0.382849931716919,13.2214612960815,50.6936149597168,0.365627348423004,0.961847066879272,0,0,
66,6.797336578,0,0,0,17.15781593,0,3.633874416,0,1.477964282,0,4.646799564,0,1.570796251297,0.488642573356628,3.92680311203003,0.268565148115158,0.380057364702225,13.2236213684082,50.6935005187988,0.377166539430618,0.964013755321503,0,0,
67,6.929592133,0,0,0,17.18708038,0,3.643007755,0,1.482357025,0,4.68029213,0,1.57522308826447,0.490117102861404,3.9388151168823202,0.27077716588974,0.377723067998886,13.2265377044678,50.6937065124512,0.388710170984268,0.96609628200531,0,0,
68,7.058891773,0,0,0,17.21559906,0,3.651997328,0,1.486615181,0,4.713065147,0,1.57961654663086,0.491573065519333,3.95034217834473,0.272962063550949,0.375830352306366,13.2301788330078,50.6942367553711,0.400256872177124,0.968107044696808,0,0,
69,7.185255527,0,0,0,17.24338913,0,3.660837173,0,1.490742445,0,4.745121956,0,1.58395111560822,0.492997914552689,3.96142172813416,0.275117516517639,0.374363094568253,13.2345151901245,50.6950836181641,0.41179347038269,0.970050930976868,0,0,
70,7.314067364,0,0,0,17.27163315,0,3.669900656,0,1.494915128,0,4.777828217,0,1.58824050426483,0.494400024414063,3.97210693359375,0.27724733948707603,0.373305350542068,13.2395191192627,50.6962432861328,0.423319399356842,0.971937537193298,0,0,
71,7.439964294,0,0,0,17.29916,0,3.678807497,0,1.498959661,0,4.809821129,0,1.59249377250671,0.495783746242523,3.98244476318359,0.279354900121689,0.372641742229462,13.2451658248901,50.6977195739746,0.434834152460098,0.973775088787079,0,0,
72,7.562966824,0,0,0,17.32598495,0,3.687555313,0,1.502879858,0,4.841104507,0,1.59668660163879,0.497137546539307,3.99245595932007,0.28143721818924,0.372357457876205,13.251428604126,50.6995086669922,0.446325451135635,0.975565016269684,0,0,
73,7.688425064,0,0,0,17.35327339,0,3.696520329,0,1.506846189,0,4.873038292,0,1.60083365440369,0.498469710350037,4.00217866897583,0.283497601747513,0.372437804937363,13.2582845687866,50.7016067504883,0.45779350399971,0.977313876152039,0,0,
74,7.811006069,0,0,0,17.37986946,0,3.705319881,0,1.51069057,0,4.90426445,0,1.60494470596313,0.499784678220749,4.01164674758911,0.285538882017136,0.372868686914444,13.2657117843628,50.7040138244629,0.469238549470901,0.979027330875397,0,0,
75,7.930727482,0,0,0,17.4057827,0,3.713951111,0,1.514415979,0,4.934786797,0,1.60899579524994,0.501071274280548,4.02086973190308,0.287557691335678,0.373636543750763,13.2736892700195,50.706729888916,0.480649054050446,0.980704843997955,0,0,
76,8.05025959,0,0,0,17.43159485,0,3.722603559,0,1.518106699,0,4.965283394,0,1.61298704147339,0.502330899238586,4.02986574172974,0.289554089307785,0.374727934598923,13.2821941375732,50.7097473144531,0.492020010948181,0.982348620891571,0,0,
77,8.169605255,0,0,0,17.457304,0,3.731274605,0,1.521763325,0,4.995753765,0,1.61693322658539,0.503571212291718,4.03866052627563,0.29153099656105,0.376129746437073,13.2912073135376,50.7130661010742,0.503352522850037,0.983963191509247,0,0,
78,8.286122322,0,0,0,17.48235512,0,3.739771605,0,1.525306344,0,5.025525093,0,1.6208291053772,0.504789590835571,4.0472674369812,0.293488025665283,0.377829372882843,13.3007106781006,50.7166862487793,0.51464182138443,0.985549867153168,0,0,
79,8.402468681,0,0,0,17.50731277,0,3.748283863,0,1.528817415,0,5.055273056,0,1.62467181682587,0.505984961986542,4.05569744110107,0.29542487859726,0.37981453537941,13.3106851577759,50.7206039428711,0.525883555412292,0.98710972070694,0,0,
80,8.518645287,0,0,0,17.53218651,0,3.75681138,0,1.532297373,0,5.0850000380000004,0,1.62847411632538,0.507163524627686,4.06397104263306,0.297344237565994,0.382073312997818,13.3211145401001,50.7248191833496,0.537079215049744,0.98864620923996,0,0,
81,8.632021904,0,0,0,17.55640793,0,3.765157938,0,1.535668015,0,5.114028454,0,1.63222980499268,0.50832200050354,4.07209587097168,0.299245446920395,0.384594202041626,13.3319816589355,50.7293281555176,0.548224627971649,0.990159749984741,0,0,
82,8.742612839,0,0,0,17.57999229,0,3.773322821,0,1.538932323,0,5.142364025,0,1.63592076301575,0.509452700614929,4.08006763458252,0.301125109195709,0.387366086244583,13.3432683944702,50.7341270446777,0.559309840202332,0.991648137569427,0,0,
83,8.85568428,0,0,0,17.60405922,0,3.781692743,0,1.542245626,0,5.171352386,0,1.639564037323,0.510564625263214,4.08790397644043,0.302986085414886,0.390377819538116,13.3549585342407,50.7392120361328,0.570337295532227,0.993114769458771,0,0,
84,8.963356018,0,0,0,17.62693596,0,3.789682865,0,1.545378447,0,5.198975563,0,1.64315676689148,0.511656224727631,4.09561014175415,0.304827928543091,0.393618851900101,13.3670358657837,50.7445831298828,0.581303298473358,0.994559824466705,0,0,
85,9.073514938,0,0,0,17.65029716,0,3.797877789,0,1.548561096,0,5.227254391,0,1.64669680595398,0.512726843357086,4.10319042205811,0.306650310754776,0.39707887172699,13.3794860839844,50.7502403259277,0.592204630374908,0.995983600616455,0,0,
86,9.178297043,0,0,0,17.67248154,0,3.80568862,0,1.551567316,0,5.25416851,0,1.65018332004547,0.513776481151581,4.11064863204956,0.308452934026718,0.400747835636139,13.3922939300537,50.756175994873,0.60303807258606,0.997386455535889,0,0,
87,9.285571098,0,0,0,17.6951561,0,3.813703775,0,1.554624081,0,5.281739235,0,1.65361595153809,0.514805138111115,4.11798810958862,0.310235530138016,0.404615938663483,13.4054441452026,50.7623901367188,0.613800585269928,0.99876856803894,0,0,
88,9.387491226,0,0,0,17.71666145,0,3.821332216,0,1.557508707,0,5.307949066,0,1.65699434280396,0.515813171863556,4.1252121925354,0.311997890472412,0.408673703670502,13.4189224243164,50.7688789367676,0.624489367008209,1.0001300573349,0,0,
89,9.491905212,0,0,0,17.73866653,0,3.829164028,0,1.560444355,0,5.33481741,0,1.66031885147095,0.516800880432129,4.13232374191284,0.313739866018295,0.412911891937256,13.432713508606,50.7756385803223,0.635101795196533,1.00147128105164,0,0,
90,9.593593597,0,0,0,17.76005363,0,3.836803198,0,1.563284159,0,5.360996246,0,1.66360366344452,0.51777458190918,4.13933563232422,0.315464198589325,0.417321532964706,13.4468050003052,50.7826690673828,0.645641148090363,1.0027951002121,0,0,
91,9.692567825,0,0,0,17.78084755,0,3.844251394,0,1.566030622,0,5.386491776,0,1.66683006286621,0.518725752830505,4.14623832702637,0.317167460918427,0.421894073486328,13.4611825942993,50.7899627685547,0.656099081039429,1.00409865379333,0,0,
92,9.791436195,0,0,0,17.80158806,0,3.851704597,0,1.56875658,0,5.411973476,0,1.67000043392181,0.519656121730804,4.15303468704224,0.318849623203278,0.42662101984024,13.4758348464966,50.7975234985352,0.66647344827652,1.00538206100464,0,0,
93,9.887601852,0,0,0,17.82173157,0,3.858962774,0,1.571391344,0,5.436771393,0,1.6731162071228,0.520566821098328,4.15972566604614,0.320510655641556,0.431494116783142,13.4907455444336,50.8053436279297,0.676762163639069,1.00664591789246,0,0,
94,9.983671188,0,0,0,17.84182549,0,3.866225004,0,1.574007034,0,5.461555481,0,1.67617833614349,0.521458506584167,4.16631412506104,0.322150588035584,0.436505377292633,13.5059032440186,50.813419342041,0.686963260173798,1.0078901052475,0,0,
95,10.07964516,0,0,0,17.86187172,0,3.873488903,0,1.576604128,0,5.486328125,0,1.67920184135437,0.522337436676025,4.17281055450439,0.323772251605988,0.441646993160248,13.521297454834,50.8217544555664,0.697080731391907,1.009117603302,0,0,
96,10.17293358,0,0,0,17.8813343,0,3.880558491,0,1.579113126,0,5.510418415,0,1.6821825504303,0.523201167583466,4.17921590805054,0.325375229120255,0.446911633014679,13.5369157791138,50.8303375244141,0.707112610340118,1.01032817363739,0,0,
97,10.26613235,0,0,0,17.90075684,0,3.887630939,0,1.581604719,0,5.534498215,0,1.68511784076691,0.524048626422882,4.18553066253662,0.326959192752838,0.452292084693909,13.5527477264404,50.8391723632813,0.717057049274445,1.01152157783508,0,0,
98,10.35665989,0,0,0,17.91959572,0,3.894506693,0,1.584010482,0,5.557898521,0,1.68800628185272,0.524879276752472,4.19175481796265,0.328523874282837,0.457781463861465,13.5687808990479,50.8482551574707,0.726912200450897,1.01269769668579,0,0,
99,10.44452095,0,0,0,17.93785667,0,3.901187897,0,1.586331964,0,5.580619335,0,1.69083368778229,0.525687515735626,4.19787931442261,0.3300661444664,0.463372975587845,13.5850048065186,50.8575782775879,0.736670792102814,1.01385414600372,0,0,
100,10.53230667,0,0,0,17.9560833,0,3.907869339,0,1.588638663,0,5.603331089,0,1.69360423088074,0.526476323604584,4.20390510559082,0.331586211919785,0.46905991435051,13.6014070510864,50.8671417236328,0.746331632137299,1.01499104499817,0,0,
101,10.62001419,0,0,0,17.97427177,0,3.914551735,0,1.590930104,0,5.626032352,0,1.6963347196579,0.527252793312073,4.20984363555908,0.333087086677551,0.474835723638535,13.6179761886597,50.8769416809082,0.755899131298065,1.01611149311066,0,0,
102,10.7050724,0,0,0,17.99189377,0,3.921037912,0,1.593140006,0,5.648056984,0,1.69902229309082,0.528015077114105,4.21569490432739,0.334568530321121,0.480694323778152,13.6347036361694,50.8869781494141,0.765371978282928,1.01721525192261,0,0,
103,10.79006004,0,0,0,18.00947571,0,3.927522898,0,1.595335722,0,5.670071602,0,1.70166540145874,0.528762340545654,4.22145938873291,0.33603036403656,0.486629694700241,13.6515789031982,50.8972473144531,0.774748861789703,1.01830232143402,0,0,
104,10.87240601,0,0,0,18.02649498,0,3.93381238,0,1.597452044,0,5.691410542,0,1.70426321029663,0.529494285583496,4.22713661193848,0.337472379207611,0.492636114358902,13.6685934066772,50.9077453613281,0.784028589725494,1.01937246322632,0,0,
105,10.95468807,0,0,0,18.04348373,0,3.940101624,0,1.599555492,0,5.712741375,0,1.70681524276733,0.53021103143692,4.23272705078125,0.338894456624985,0.498707950115204,13.6857357025146,50.9184684753418,0.793209969997406,1.02042579650879,0,0,
106,11.03433704,0,0,0,18.05991745,0,3.946193695,0,1.601580977,0,5.733398438,0,1.70932137966156,0.530912458896637,4.23823118209839,0.340296477079391,0.504839718341827,13.7029972076416,50.9294090270996,0.802291989326477,1.02146232128143,0,0,
107,11.11392784,0,0,0,18.07631874,0,3.95228529,0,1.60359478,0,5.754047394,0,1.71178162097931,0.53159886598587,4.24364948272705,0.341678291559219,0.511026203632355,13.7203683853149,50.9405746459961,0.811273634433746,1.02248215675354,0,0,
108,11.19345665,0,0,0,18.09268951,0,3.958375454,0,1.605596542,0,5.77468729,0,1.7142094373703,0.53227573633194,4.24899101257324,0.343042731285095,0.51726233959198,13.7378406524658,50.9519538879395,0.820159673690796,1.02348756790161,0,0,
109,11.27036762,0,0,0,18.10850716,0,3.964268684,0,1.607522845,0,5.794654846,0,1.71660041809082,0.53294050693512,4.2542552947998,0.344389259815216,0.523543357849121,13.755407333374,50.963550567627,0.828948855400085,1.02447831630707,0,0,
110,11.34466171,0,0,0,18.12377357,0,3.969964504,0,1.609374404,0,5.813950539,0,1.71893858909607,0.533587038516998,4.25943231582642,0.345714688301086,0.529864549636841,13.7730579376221,50.9753570556641,0.837634444236755,1.02545154094696,0,0,
111,11.41890621,0,0,0,18.13901901,0,3.975660086,0,1.611216068,0,5.833240032,0,1.721226811409,0.534217238426209,4.26452207565308,0.347019016742706,0.536221325397491,13.7907848358154,50.9873695373535,0.846215784549713,1.02640759944916,0,0,
112,11.49310017,0,0,0,18.15423775,0,3.981353998,0,1.6130476,0,5.852522373,0,1.72348034381866,0.534837543964386,4.26953506469727,0.348305225372314,0.542609095573425,13.8085794448853,50.9995880126953,0.85469776391983,1.02734899520874,0,0,
113,11.56468964,0,0,0,18.16891098,0,3.986850977,0,1.614806652,0,5.871133804,0,1.72569596767426,0.535446047782898,4.27447032928467,0.34957292675972,0.549023628234863,13.826434135437,51.0120048522949,0.86307954788208,1.02827537059784,0,0,
114,11.63623428,0,0,0,18.18356133,0,3.992346048,0,1.616556525,0,5.889739037,0,1.72787177562714,0.536041915416718,4.27932691574097,0.350821793079376,0.555460929870605,13.8443412780762,51.0246238708496,0.871360301971436,1.02918672561646,0,0,
115,11.70517731,0,0,0,18.19766808,0,3.997644186,0,1.618235111,0,5.907673836,0,1.7300066947937,0.536624789237976,4.28410482406616,0.352051615715027,0.561917066574097,13.8622941970825,51.0374374389648,0.879539132118225,1.03008282184601,0,0,
116,11.77408218,0,0,0,18.21175194,0,4.002940178,0,1.6199052330000001,0,5.925601959,0,1.73209989070892,0.537194550037384,4.2888035774231,0.353262156248093,0.568388164043427,13.8802852630615,51.0504455566406,0.887615263462067,1.03096354007721,0,0,
117,11.84294415,0,0,0,18.22581863,0,4.008236408,0,1.62156713,0,5.943526745,0,1.7341639995575,0.537756204605103,4.29343271255493,0.354456067085266,0.574870467185974,13.898307800293,51.0636444091797,0.895593643188477,1.03183102607727,0,0,
118,11.90921593,0,0,0,18.23934937,0,4.013334274,0,1.623159647,0,5.960783005,0,1.7361946105957,0.53830748796463,4.2979907989502,0.355632841587067,0.581360578536987,13.916356086731,51.077033996582,0.903473377227783,1.0326851606369,0,0,
119,11.97545052,0,0,0,18.25286102,0,4.018431187,0,1.624744415,0,5.978032589,0,1.73818850517273,0.538847148418427,4.30247640609741,0.356791973114014,0.587855219841003,13.9344244003296,51.0906028747559,0.91125351190567,1.03352534770966,0,0,
120,12.0391016,0,0,0,18.2658329,0,4.023331165,0,1.626260996,0,5.994614601,0,1.74014413356781,0.539374828338623,4.30688858032227,0.357933074235916,0.59435111284256,13.9525051116943,51.1043586730957,0.918933212757111,1.03435122966766,0,0,
121,12.10271931,0,0,0,18.27879333,0,4.02822876,0,1.627770662,0,6.011191368,0,1.74206042289734,0.539890170097351,4.3112268447876,0.359055757522583,0.600845158100128,13.9705905914307,51.118293762207,0.926511704921722,1.03516268730164,0,0,
122,12.16375828,0,0,0,18.2912159,0,4.03292942,0,1.629213333,0,6.027101517,0,1.743936419487,0.540393173694611,4.31548976898193,0.360159754753113,0.607334196567535,13.988676071167,51.1324005126953,0.933988332748413,1.03595960140228,0,0,
123,12.22476578,0,0,0,18.30362511,0,4.037629604,0,1.630649686,0,6.043007374,0,1.74577236175537,0.540883958339691,4.31967687606812,0.361244827508926,0.613815367221832,14.0067548751831,51.1466827392578,0.941362380981445,1.03674161434174,0,0,
124,12.28574276,0,0,0,18.31602097,0,4.042327881,0,1.63207972,0,6.058908939,0,1.74758040904999,0.541367530822754,4.32379722595215,0.362313598394394,0.620285749435425,14.0248212814331,51.1611366271973,0.948638796806335,1.03751111030579,0,0,
125,12.34414959,0,0,0,18.32788658,0,4.046828747,0,1.63344419,0,6.074143887,0,1.74935626983643,0.541841566562653,4.32784938812256,0.363365471363068,0.626742839813232,14.0428714752197,51.1757583618164,0.955816566944122,1.03826761245728,0,0,
126,12.40252876,0,0,0,18.33973694,0,4.051329136,0,1.634802938,0,6.089375019,0,1.75109720230103,0.542304933071136,4.33183193206787,0.364399969577789,0.63318395614624,14.0608978271484,51.190544128418,0.962895095348358,1.03901076316833,0,0,
127,12.46087933,0,0,0,18.35157585,0,4.055827141,0,1.636155963,0,6.104602814,0,1.75281369686127,0.542761921882629,4.33575296401978,0.365419507026672,0.639606654644012,14.0788993835449,51.205493927002,0.969879031181335,1.03974258899689,0,0,
128,12.51666641,0,0,0,18.36288643,0,4.060129642,0,1.637444735,0,6.119165421,0,1.75450074672699,0.543209910392761,4.3396110534668,0.366423308849335,0.646008729934692,14.0968685150146,51.2206001281738,0.976767420768738,1.04046237468719,0,0,
129,12.57242584,0,0,0,18.37418747,0,4.064429283,0,1.63872838,0,6.133723259,0,1.75615465641022,0.543647646903992,4.34340333938599,0.367410719394684,0.652387976646423,14.1148014068604,51.2358665466309,0.983559310436249,1.0411696434021,0,0,
130,12.62563038,0,0,0,18.38495827,0,4.068532944,0,1.639948964,0,6.147616863,0,1.75777328014374,0.544074714183807,4.34712839126587,0.368381172418594,0.658742249011993,14.1326923370361,51.2512893676758,0.990253806114197,1.04186391830444,0,0,
131,12.67881012,0,0,0,18.39572525,0,4.072635651,0,1.64116478,0,6.16150713,0,1.75935518741608,0.54449075460434,4.35078477859497,0.369334191083908,0.66506952047348,14.1505374908447,51.2668647766113,0.996849954128265,1.04254484176636,0,0,
132,12.73196697,0,0,0,18.40647507,0,4.076736927,0,1.642375827,0,6.175394058,0,1.7609121799469,0.544900417327881,4.35438108444214,0.370272189378738,0.671367645263672,14.1683320999146,51.282585144043,1.00335264205933,1.04321444034576,0,0,
133,12.78257179,0,0,0,18.4167099,0,4.08064127,0,1.643525124,0,6.188617706,0,1.76243937015533,0.545301377773285,4.35791492462158,0.371194452047348,0.67763489484787,14.1860733032227,51.2984504699707,1.00976073741913,1.04387223720551,0,0,
134,12.83315563,0,0,0,18.42692947,0,4.084545135,0,1.644670129,0,6.201838017,0,1.76393342018127,0.545692563056946,4.36138439178467,0.372100293636322,0.683869421482086,14.2037553787231,51.3144645690918,1.01607346534729,1.04451751708984,0,0,
135,12.8837204,0,0,0,18.43714142,0,4.088447094,0,1.645810962,0,6.215055943,0,1.76540517807007,0.546078085899353,4.36479711532593,0.372992038726807,0.690069556236267,14.2213754653931,51.3306198120117,1.02229535579681,1.0451523065567,0,0,
136,12.934263229999999,0,0,0,18.44734573,0,4.092348576,0,1.646947742,0,6.228270531,0,1.76686131954193,0.546460032463074,4.36816024780273,0.373871654272079,0.696233749389648,14.2389316558838,51.3469161987305,1.02843081951141,1.04577815532684,0,0,
137,12.9822607,0,0,0,18.45702934,0,4.096053123,0,1.648023725,0,6.240822792,0,1.76829385757446,0.546834886074066,4.37146997451782,0.374737977981567,0.7023606300354,14.256420135498,51.3633460998535,1.03447842597961,1.04639422893524,0,0,
138,13.02771473,0,0,0,18.46619415,0,4.099562168,0,1.649039745,0,6.252710819,0,1.76968574523926,0.547196328639984,4.37471389770508,0.375587165355682,0.708448827266693,14.2738370895386,51.3799095153809,1.0404314994812,1.04699718952179,0,0,
139,13.07567596,0,0,0,18.4758625,0,4.103264809,0,1.650108576,0,6.265256882,0,1.77105021476746,0.54755026102066,4.37790012359619,0.376421630382538,0.714496910572052,14.2911777496338,51.3966064453125,1.04629445075989,1.0475891828537,0,0,
140,13.12109756,0,0,0,18.48501778,0,4.106771946,0,1.651117921,0,6.277143002,0,1.77239584922791,0.547899901866913,4.38103580474854,0.377243459224701,0.720503568649292,14.3084411621094,51.4134292602539,1.05207192897797,1.04817187786102,0,0,
141,13.16397953,0,0,0,18.49365044,0,4.11008215,0,1.652068138,0,6.288363934,0,1.77370381355286,0.548237681388855,4.38410806655884,0.378048688173294,0.726467669010162,14.3256216049194,51.4303817749023,1.05775678157806,1.04874205589294,0,0,
142,13.20937061,0,0,0,18.50278664,0,4.113586903,0,1.653071046,0,6.300244331,0,1.77498662471771,0.548568844795227,4.38712406158447,0.378839671611786,0.732387959957123,14.342716217041,51.4474563598633,1.06335365772247,1.0493016242981,0,0,
143,13.25222397,0,0,0,18.51140785,0,4.116896629,0,1.654015303,0,6.311462402,0,1.77625238895416,0.548896193504334,4.39009189605713,0.379618376493454,0.738263309001923,14.3597240447998,51.4646492004395,1.06886684894562,1.04985237121582,0,0,
144,13.29506207,0,0,0,18.52002525,0,4.120203972,0,1.654956579,0,6.3226785659999996,0,1.77749395370483,0.549216568470001,4.39300680160522,0.38038370013237,0.74409282207489,14.3766422271729,51.4819641113281,1.07429480552673,1.05039322376251,0,0,
145,13.33536911,0,0,0,18.52812958,0,4.123317719,0,1.65583992,0,6.333233356,0,1.77870690822601,0.549528479576111,4.39586687088013,0.381134688854218,0.749875485897064,14.3934679031372,51.499397277832,1.07963621616364,1.05092334747314,0,0,
146,13.37818146,0,0,0,18.53673363,0,4.126623154,0,1.656775594,0,6.344446182,0,1.77990055084229,0.549835503101349,4.39867782592773,0.381873339414597,0.755610346794128,14.4101991653442,51.5169410705566,1.08489525318146,1.05144453048706,0,0,
147,13.41846275,0,0,0,18.5448246,0,4.129734039,0,1.657653689,0,6.354996681,0,1.78108084201813,0.550139725208282,4.4014458656311,0.382601350545883,0.761296689510345,14.426833152771,51.5345993041992,1.09007620811462,1.05195808410645,0,0,
148,13.456213,0,0,0,18.5524025,0,4.132649422,0,1.658474684,0,6.364886284,0,1.78222763538361,0.550433039665222,4.4041576385498,0.383314549922943,0.766933858394623,14.4433679580688,51.5523643493652,1.09517157077789,1.0524605512619,0,0,
149,13.49647045,0,0,0,18.56048203,0,4.135758877,0,1.659347773,0,6.375433922,0,1.78335189819336,0.550720512866974,4.40681982040405,0.384015023708344,0.772521018981934,14.4598007202148,51.570240020752,1.1001855134964,1.05295360088348,0,0,
150,13.53419971,0,0,0,18.56805229,0,4.138672829,0,1.660164237,0,6.38532114,0,1.78446114063263,0.551004648208618,4.4094386100769,0.384704560041428,0.778057515621185,14.4761304855347,51.5882148742676,1.10512220859528,1.05343890190125,0,0,
151,13.57191849,0,0,0,18.57561493,0,4.14158535,0,1.660978317,0,6.395206451,0,1.78554773330688,0.551282227039337,4.41201019287109,0.38538184762001,0.783542811870575,14.4923553466797,51.6062965393066,1.10997974872589,1.05391526222229,0,0,
152,13.60711384,0,0,0,18.58267403,0,4.144304276,0,1.66173625,0,6.404432297,0,1.78660702705383,0.551551640033722,4.41453075408936,0.386045753955841,0.7889763712883,14.5084733963013,51.6244773864746,1.11475646495819,1.0543817281723,0,0,
153,13.64481163,0,0,0,18.59022903,0,4.147215366,0,1.662546158,0,6.41431427,0,1.78764796257019,0.551816642284393,4.41700649261475,0.38669815659523,0.794357538223267,14.5244817733765,51.6427574157715,1.11945652961731,1.05483984947205,0,0,
154,13.67998695,0,0,0,18.59727669,0,4.149932384,0,1.663300276,0,6.423537254,0,1.78867661952972,0.552079141139984,4.41944265365601,0.387340664863586,0.799685955047607,14.5403804779053,51.6611328125,1.12408351898193,1.05529093742371,0,0,
155,13.71515369,0,0,0,18.60432053,0,4.152648926,0,1.664052486,0,6.432758808,0,1.78968465328217,0.552335500717163,4.42183542251587,0.387971848249435,0.804961264133453,14.5561685562134,51.6795997619629,1.12863552570343,1.05573379993439,0,0,
156,13.74779987,0,0,0,18.6108551,0,4.155169487,0,1.664749146,0,6.441320419,0,1.79066681861877,0.552584111690521,4.42418003082275,0.388590455055237,0.810183167457581,14.5718431472778,51.6981582641602,1.13311076164246,1.05616748332977,0,0,
157,13.78043652,0,0,0,18.61738777,0,4.157690048,0,1.665444255,0,6.449879646,0,1.79161977767944,0.552824258804321,4.42647361755371,0.389195412397385,0.815351128578186,14.5874013900757,51.7168045043945,1.13750743865967,1.05659091472626,0,0,
158,13.81557655,0,0,0,18.62442207,0,4.160404205,0,1.666191101,0,6.459098816,0,1.79256510734558,0.553064048290253,4.4287314414978,0.389791488647461,0.820464849472046,14.6028432846069,51.7355422973633,1.14183497428894,1.05700826644897,0,0,
159,13.84568977,0,0,0,18.63044357,0,4.162730217,0,1.666829586,0,6.466997623,0,1.79349315166473,0.553299069404602,4.43094825744629,0.390377074480057,0.825524091720581,14.6181688308716,51.7543640136719,1.14609122276306,1.05741798877716,0,0,
160,13.87830257,0,0,0,18.63696289,0,4.165248871,0,1.667519927,0,6.475553989,0,1.79439771175385,0.553527057170868,4.4331202507019,0.390950828790665,0.830528676509857,14.6333751678467,51.7732696533203,1.15027403831482,1.0578191280365,0,0,
161,13.90840244,0,0,0,18.64298058,0,4.167573452,0,1.668155789,0,6.483452797,0,1.79528653621674,0.553751230239868,4.43525266647339,0.391514390707016,0.83547842502594,14.6484622955322,51.7922554016113,1.15438723564148,1.05821299552917,0,0,
162,13.94100094,0,0,0,18.64949799,0,4.170091152,0,1.668842912,0,6.492007732,0,1.79616463184357,0.553973197937012,4.43735122680664,0.392069190740585,0.84037309885025,14.6634302139282,51.8113250732422,1.15843415260315,1.05860066413879,0,0,
163,13.97108555,0,0,0,18.65550804,0,4.172414303,0,1.669476032,0,6.499904156,0,1.79703533649445,0.554193794727325,4.43941926956177,0.392616480588913,0.845212757587433,14.6782779693604,51.8304672241211,1.16241800785065,1.05898332595825,0,0,
164,13.99865818,0,0,0,18.66101265,0,4.174543381,0,1.670054913,0,6.507140636,0,1.79787731170654,0.55440491437912,4.44144201278687,0.393151640892029,0.849997401237488,14.6930046081543,51.8496894836426,1.16633093357086,1.0593569278717,0,0,
165,14.02872944,0,0,0,18.66701889,0,4.176866531,0,1.67068541,0,6.515035152,0,1.79870021343231,0.554611027240753,4.44342517852783,0.393676340579987,0.854726910591125,14.7076082229614,51.8689842224121,1.1701762676239,1.05972290039063,0,0,
166,14.05629063,0,0,0,18.67252159,0,4.178994656,0,1.671262145,0,6.522270679,0,1.79951024055481,0.554814398288727,4.44537353515625,0.394192099571228,0.859401285648346,14.7220888137817,51.8883476257324,1.17395758628845,1.06008267402649,0,0,
167,14.08384418,0,0,0,18.67802048,0,4.181121826,0,1.671837568,0,6.529504776,0,1.80029964447021,0.555011868476868,4.44728231430054,0.394697308540344,0.864020526409149,14.7364463806152,51.9077796936035,1.17767238616943,1.06043469905853,0,0,
168,14.11139393,0,0,0,18.68351364,0,4.183249474,0,1.672412157,0,6.536739349,0,1.80107545852661,0.555206120014191,4.44915580749512,0.395193487405777,0.86858457326889,14.7506790161133,51.9272842407227,1.18132400512695,1.06078028678894,0,0,
169,14.13893795,0,0,0,18.68901062,0,4.185376167,0,1.672985435,0,6.543972492,0,1.801842212677,0.55539858341217,4.45099878311157,0.395681858062744,0.873093545436859,14.7647867202759,51.946849822998,1.18491554260254,1.06112051010132,0,0,
170,14.16397285,0,0,0,18.69400215,0,4.187309265,0,1.673505664,0,6.5505476,0,1.80259072780609,0.555585741996765,4.452805519104,0.39616072177887,0.87754762172699,14.778769493103,51.966480255127,1.18844437599182,1.06145393848419,0,0,
171,14.19150639,0,0,0,18.6994915,0,4.189435482,0,1.674076796,0,6.557779312,0,1.80332744121552,0.555769979953766,4.45458078384399,0.396631389856339,0.881946802139282,14.7926263809204,51.9861717224121,1.19191372394562,1.06178152561188,0,0,
172,14.21653175,0,0,0,18.70447731,0,4.191367149,0,1.674595118,0,6.564352036,0,1.80405592918396,0.555952608585358,4.45632791519165,0.397095024585724,0.88629138469696,14.8063592910767,52.0059280395508,1.19532644748688,1.06210422515869,0,0,
173,14.24155235,0,0,0,18.70946503,0,4.193299294,0,1.675112605,0,6.570925713,0,1.80476713180542,0.556129992008209,4.45804166793823,0.397549778223038,0.890581548213959,14.8199663162231,52.0257339477539,1.19867980480194,1.06242060661316,0,0,
174,14.2640686,0,0,0,18.71395493,0,4.195037842,0,1.675577521,0,6.576841831,0,1.80545520782471,0.556300461292267,4.459716796875,0.397994071245193,0.894817471504211,14.8334474563599,52.0456008911133,1.20197129249573,1.0627293586731,0,0,
175,14.28908062,0,0,0,18.71893311,0,4.196968555,0,1.676093102,0,6.583413124,0,1.80612778663635,0.556467175483704,4.46135854721069,0.398429423570633,0.898999273777008,14.8468008041382,52.0655212402344,1.20520389080048,1.06303155422211,0,0,
176,14.31158924,0,0,0,18.72341537,0,4.19870615,0,1.676556587,0,6.589327812,0,1.80678999423981,0.556631863117218,4.46297025680542,0.398857027292252,0.903127133846283,14.8600273132324,52.0854988098145,1.20838057994843,1.06332838535309,0,0,
177,14.33659267,0,0,0,18.72839165,0,4.200636864,0,1.6770703790000001,0,6.595897675,0,1.80744540691376,0.556795418262482,4.46455574035645,0.3992780148983,0.90720123052597,14.8731288909912,52.105525970459,1.21150398254395,1.06362068653107,0,0,
178,14.35909271,0,0,0,18.73287582,0,4.202373981,0,1.677532196,0,6.601811409,0,1.80809617042542,0.556958198547363,4.46611833572388,0.39969328045845,0.911221981048584,14.8861045837402,52.125602722168,1.2145768404007,1.06390917301178,0,0,
179,14.3790884,0,0,0,18.73684883,0,4.2039175030000004,0,1.677941918,0,6.607065678,0,1.80872023105621,0.557112097740173,4.46764278411865,0.400097995996475,0.915189743041992,14.8989524841309,52.1457252502441,1.21759068965912,1.06418991088867,0,0,
180,14.40158176,0,0,0,18.74132919,0,4.205653667,0,1.678402424,0,6.612978458,0,1.80932664871216,0.557261347770691,4.46913290023804,0.400493621826172,0.919104695320129,14.9116735458374,52.1658973693848,1.22054827213287,1.06446397304535,0,0,
181,14.42407227,0,0,0,18.74580383,0,4.207389832,0,1.678862214,0,6.618891239,0,1.80993318557739,0.557412445545197,4.47060298919678,0.40088427066803,0.92296701669693,14.9242687225342,52.1861152648926,1.22345805168152,1.06473481655121,0,0,
182,14.44405937,0,0,0,18.74977875,0,4.208932877,0,1.679270148,0,6.624145031,0,1.81052780151367,0.557560086250305,4.4720458984375,0.401267856359482,0.926777124404907,14.9367389678955,52.206371307373,1.22631669044495,1.06500065326691,0,0,
183,14.46404362,0,0,0,18.75375175,0,4.210475922,0,1.679677486,0,6.629397869,0,1.81110310554504,0.557701706886292,4.47345590591431,0.401642471551895,0.930535435676575,14.9490823745728,52.2266731262207,1.22912132740021,1.06526005268097,0,0,
184,14.48402596,0,0,0,18.75772285,0,4.212017536,0,1.680084467,0,6.634652138,0,1.81166541576385,0.55784022808075,4.47483682632446,0.402009427547455,0.934242129325867,14.9612979888916,52.247013092041,1.23187470436096,1.06551396846771,0,0,
185,14.50400543,0,0,0,18.76169777,0,4.213560104,0,1.680490613,0,6.63990593,0,1.81221902370453,0.557977020740509,4.47619247436523,0.402369797229767,0.937897562980652,14.973388671875,52.267391204834,1.23457932472229,1.06576335430145,0,0,
186,14.52398205,0,0,0,18.76566696,0,4.215101242,0,1.680896401,0,6.645158291,0,1.81276702880859,0.558112859725952,4.47752618789673,0.402724534273148,0.941502094268799,14.9853544235229,52.2878074645996,1.23723745346069,1.06600892543793,0,0,
187,14.54395485,0,0,0,18.76963615,0,4.216643333,0,1.681301594,0,6.650411129,0,1.8133111000061,0.558248102664948,4.47884035110474,0.403074383735657,0.945056140422821,14.9971952438354,52.3082580566406,1.23985159397125,1.06625127792358,0,0,
188,14.56142998,0,0,0,18.77310753,0,4.217991352,0,1.681655526,0,6.655005932,0,1.81384098529816,0.558378875255585,4.48012828826904,0.403417229652405,0.948560178279877,15.0089130401611,52.3287391662598,1.24241828918457,1.06648850440979,0,0,
189,14.57890415,0,0,0,18.77658081,0,4.219340324,0,1.68200922,0,6.659601688,0,1.81434977054596,0.558503150939941,4.48138427734375,0.403751224279404,0.952014625072479,15.0205059051514,52.3492584228516,1.24493432044983,1.06671929359436,0,0,
190,14.59886837,0,0,0,18.78054237,0,4.220880985,0,1.682412744,0,6.664852619,0,1.81485617160797,0.558628141880035,4.48262071609497,0.404080480337143,0.955419778823853,15.0319757461548,52.3698081970215,1.24740779399872,1.06694686412811,0,0,
191,14.61633682,0,0,0,18.78401184,0,4.222228527,0,1.682765365,0,6.669446468,0,1.81536102294922,0.558753371238709,4.48384094238281,0.40440559387207,0.958776116371155,15.0433225631714,52.3903846740723,1.24984073638916,1.06717169284821,0,0,
192,14.63380146,0,0,0,18.78748131,0,4.223576546,0,1.683117628,0,6.674040794,0,1.81585299968719,0.558874607086182,4.48503732681274,0.404724359512329,0.962084114551544,15.0545473098755,52.4109916687012,1.25222980976105,1.06739211082458,0,0,
193,14.64877224,0,0,0,18.79045105,0,4.224731922,0,1.683419228,0,6.677979469,0,1.81632518768311,0.558989644050598,4.48620367050171,0.405034840106964,0.965344250202179,15.0656490325928,52.4316215515137,1.25457167625427,1.0676064491272,0,0,
194,14.66623306,0,0,0,18.79391861,0,4.226078987,0,1.683770657,0,6.682572842,0,1.81678414344788,0.559101462364197,4.48734331130981,0.405338197946548,0.968556821346283,15.0766286849976,52.4522819519043,1.25686848163605,1.06781578063965,0,0,
195,14.68369293,0,0,0,18.79738426,0,4.227426052,0,1.684121609,0,6.687166691,0,1.8172459602356,0.559215664863586,4.48846912384033,0.40563827753067,0.97172224521637,15.0874881744385,52.4729652404785,1.25912821292877,1.06802296638489,0,0,
196,14.69865704,0,0,0,18.8003521,0,4.228580475,0,1.684422135,0,6.691103458,0,1.81769800186157,0.559326887130737,4.48957347869873,0.405932694673538,0.974841058254242,15.0982275009155,52.4936714172363,1.26134693622589,1.06822633743286,0,0,
197,14.71361923,0,0,0,18.80332375,0,4.229734898,0,1.684722424,0,6.695040226,0,1.81813192367554,0.559432446956635,4.49065017700195,0.406219452619553,0.977913677692413,15.1088457107544,52.5144004821777,1.26352143287659,1.06842410564423,0,0,
198,14.72858047,0,0,0,18.80629158,0,4.230889797,0,1.685022235,0,6.698976517,0,1.81855404376984,0.559535205364227,4.49170303344727,0.406499594449997,0.980940401554108,15.1193437576294,52.5351448059082,1.26565372943878,1.06861710548401,0,0,
199,14.74603176,0,0,0,18.80975342,0,4.232236385,0,1.685371876,0,6.703568935,0,1.8189799785614,0.559640467166901,4.49274349212646,0.406776905059814,0.983921766281128,15.1297225952148,52.5559120178223,1.2677515745163,1.06880843639374,0,0,
200,14.75849628,0,0,0,18.81222343,0,4.233197689,0,1.685621023,0,6.706848145,0,1.81939673423767,0.559742867946625,4.49376344680786,0.407048940658569,0.986858308315277,15.1399841308594,52.5766944885254,1.26981103420258,1.06899607181549,0,0,
201,14.77345371,0,0,0,18.81518936,0,4.234351158,0,1.68592,0,6.710784912,0,1.81979560852051,0.55983966588974,4.49475717544556,0.407313615083694,0.989750385284424,15.1501274108887,52.5974922180176,1.27182853221893,1.06917822360992,0,0,
202,14.78840733,0,0,0,18.81815529,0,4.235505104,0,1.686218858,0,6.714720249,0,1.82019472122192,0.559937715530396,4.49573659896851,0.4075748026371,0.992598414421082,15.1601543426514,52.6183052062988,1.27381157875061,1.06935822963715,0,0,
203,14.80335999,0,0,0,18.82111931,0,4.236658096,0,1.686517,0,6.718655586,0,1.82059347629547,0.560036242008209,4.49670362472534,0.407833009958267,0.995402932167053,15.1700658798218,52.6391334533691,1.27576208114624,1.06953644752502,0,0,
204,14.81581974,0,0,0,18.82358932,0,4.2376194,0,1.686765432,0,6.721935272,0,1.82098078727722,0.560131013393402,4.49765062332153,0.40808579325676,0.998164594173431,15.1798620223999,52.6599769592285,1.27767598628998,1.06971073150635,0,0,
205,14.83076954,0,0,0,18.82655334,0,4.238772869,0,1.687063217,0,6.725870132,0,1.82136034965515,0.560223758220673,4.49857997894287,0.408333957195282,1.00088381767273,15.1895446777344,52.6808280944824,1.27955520153046,1.06988179683685,0,0,
206,14.84322739,0,0,0,18.82902145,0,4.239733696,0,1.687311053,0,6.729148865,0,1.82173490524292,0.560315430164337,4.4994945526123,0.408578127622604,1.00356101989746,15.1991138458252,52.7016906738281,1.28140139579773,1.0700501203537,0,0,
207,14.85568333,0,0,0,18.83148956,0,4.240695,0,1.68755877,0,6.732428074,0,1.82209455966949,0.560402572154999,4.50038623809814,0.408816069364548,1.00619685649872,15.2085695266724,52.7225646972656,1.28321063518524,1.07021391391754,0,0,
208,14.86813927,0,0,0,18.83395767,0,4.241654873,0,1.687806368,0,6.735707283,0,1.82244431972504,0.560487270355225,4.50125789642334,0.409048616886139,1.00879156589508,15.2179126739502,52.7434463500977,1.28498482704163,1.07037389278412,0,0,
209,14.8805933,0,0,0,18.83642387,0,4.242616177,0,1.688053489,0,6.738984585,0,1.82278776168823,0.56057071685791,4.50211238861084,0.40927654504776,1.01134562492371,15.227144241333,52.7643356323242,1.28672564029694,1.07053065299988,0,0,
210,14.89304638,0,0,0,18.83889198,0,4.24357605,0,1.68830061,0,6.742264271,0,1.82312703132629,0.560653507709503,4.50295162200928,0.409500539302826,1.01385962963104,15.2362642288208,52.7852249145508,1.2884349822998,1.07068467140198,0,0,
211,14.90549755,0,0,0,18.84135818,0,4.244537354,0,1.688547373,0,6.745542526,0,1.82346332073212,0.560735881328583,4.50377750396729,0.409721106290817,1.01633405685425,15.2452745437622,52.8061218261719,1.29011416435242,1.07083654403687,0,0,
212,14.91545868,0,0,0,18.84333038,0,4.245304108,0,1.688744664,0,6.748164177,0,1.82378625869751,0.560814082622528,4.50458240509033,0.40993595123291,1.01876926422119,15.2541761398315,52.8270225524902,1.29175937175751,1.07098412513733,0,0,
213,14.9279089,0,0,0,18.84579659,0,4.246264935,0,1.688991189,0,6.751442432,0,1.82410049438477,0.560890078544617,4.50536918640137,0.410145848989487,1.02116572856903,15.2629680633545,52.8479232788086,1.29337215423584,1.0711282491684,0,0,
214,14.94035816,0,0,0,18.84825897,0,4.247225285,0,1.689237237,0,6.754720211,0,1.82442033290863,0.560968935489655,4.50614929199219,0.410354316234589,1.02352392673492,15.271653175354,52.8688278198242,1.29495966434479,1.07127177715302,0,0,
215,14.95031643,0,0,0,18.85023308,0,4.247992992,0,1.689434052,0,6.757342339,0,1.82473230361938,0.561045169830322,4.50691413879395,0.410558760166168,1.02584433555603,15.2802324295044,52.8897361755371,1.29651761054993,1.07141244411469,0,0,
216,14.96027374,0,0,0,18.85220337,0,4.248760223,0,1.689630747,0,6.759963989,0,1.82502782344818,0.56111603975296,4.50765657424927,0.410756915807724,1.0281275510788,15.288703918457,52.9106407165527,1.29804193973541,1.07154846191406,0,0,
217,14.9727211,0,0,0,18.85466957,0,4.249720573,0,1.689876437,0,6.763241768,0,1.82532382011414,0.561188161373138,4.50838899612427,0.410952478647232,1.03037405014038,15.2970705032349,52.9315452575684,1.29953980445862,1.07168292999268,0,0,
218,14.98267651,0,0,0,18.85663986,0,4.250488758,0,1.690072894,0,6.765864372,0,1.82562029361725,0.561260998249054,4.5091118812561,0.411145806312561,1.03258419036865,15.3053350448608,52.952449798584,1.30101263523102,1.07181596755981,0,0,
219,14.99263287,0,0,0,18.85860825,0,4.251256466,0,1.690269113,0,6.768485546,0,1.82590544223785,0.561330080032349,4.50981760025024,0.411334425210953,1.03475844860077,15.3134956359863,52.9733505249023,1.30245614051819,1.07194554805756,0,0,
220,15.00258732,0,0,0,18.86058044,0,4.252024174,0,1.690465212,0,6.771107674,0,1.82618319988251,0.561397194862366,4.51050806045532,0.4115189909935,1.03689730167389,15.32155418396,52.9942436218262,1.30387187004089,1.07207226753235,0,0,
221,15.01254082,0,0,0,18.86255264,0,4.252790928,0,1.690661192,0,6.773729324,0,1.82645606994629,0.561463296413422,4.51118564605713,0.411700040102005,1.03900122642517,15.3295106887817,53.0151329040527,1.30526113510132,1.07219660282135,0,0,
222,15.02249622,0,0,0,18.86451721,0,4.253558159,0,1.690857053,0,6.776350021,0,1.82672572135925,0.561528980731964,4.51185178756714,0.411878108978271,1.04107069969177,15.3373670578003,53.0360145568848,1.30662512779236,1.07231903076172,0,0,
223,15.03244781,0,0,0,18.86648941,0,4.254326344,0,1.691052675,0,6.778971672,0,1.826993227005,0.561594307422638,4.51250743865967,0.412053614854813,1.04310631752014,15.3451242446899,53.0568885803223,1.3079651594162,1.07243967056274,0,0,
224,15.03991222,0,0,0,18.86796379,0,4.254901409,0,1.691199422,0,6.780937195,0,1.82724797725677,0.561655521392822,4.51314544677734,0.41222408413887,1.04510831832886,15.3527822494507,53.0777587890625,1.30927705764771,1.07255661487579,0,0,
225,15.04986477,0,0,0,18.86993217,0,4.25566864,0,1.691394925,0,6.783558846,0,1.82749438285828,0.56171452999115,4.5137677192688,0.412390232086182,1.04707729816437,15.3603420257568,53.0986213684082,1.31056213378906,1.07267045974731,0,0,
226,15.05981636,0,0,0,18.87190056,0,4.256435871,0,1.69159019,0,6.786179543,0,1.82774639129639,0.561776399612427,4.51438522338867,0.412555456161499,1.04901349544525,15.367805480957,53.1194725036621,1.31182718276978,1.07278394699097,0,0,
227,15.06727791,0,0,0,18.87337303,0,4.257010937,0,1.691736579,0,6.788144588,0,1.82799100875854,0.561835825443268,4.51498985290527,0.412717133760452,1.05091762542725,15.375171661377,53.1403160095215,1.31306767463684,1.07289493083954,0,0,
228,15.07722759,0,0,0,18.87534332,0,4.257778168,0,1.691931605,0,6.790765762,0,1.82823061943054,0.561893880367279,4.51558256149292,0.412875711917877,1.05279004573822,15.3824443817139,53.1611480712891,1.31428480148315,1.0730037689209,0,0,
229,15.08469009,0,0,0,18.87681961,0,4.258354187,0,1.692077875,0,6.792732239,0,1.82846701145172,0.561951220035553,4.51616525650024,0.41303163766861,1.05463123321533,15.3896217346191,53.1819686889648,1.31547975540161,1.07311081886292,0,0,
230,15.09215164,0,0,0,18.8782959,0,4.258929729,0,1.692224026,0,6.794698238,0,1.82868993282318,0.562004268169403,4.51672983169556,0.413182467222214,1.05644154548645,15.3967056274414,53.2027740478516,1.31664836406708,1.07321417331696,0,0,
231,15.10209942,0,0,0,18.88026619,0,4.259696484,0,1.692418814,0,6.797318459,0,1.82891523838043,0.562059104442596,4.51728773117065,0.413331747055054,1.05822145938873,15.403697013855,53.2235679626465,1.31779718399048,1.07331657409668,0,0,
232,15.10956001,0,0,0,18.88173676,0,4.260270596,0,1.692564845,0,6.799283028,0,1.82914197444916,0.562114775180817,4.51783990859985,0.413479685783386,1.05997133255005,15.4105978012085,53.2443466186523,1.31892716884613,1.07341825962067,0,0,
233,15.11702061,0,0,0,18.88321495,0,4.260846138,0,1.692710638,0,6.801249504,0,1.82935845851898,0.562166929244995,4.51837825775146,0.413623660802841,1.06169188022614,15.417407989502,53.2651138305664,1.32003402709961,1.07351696491241,0,0,
234,15.12448025,0,0,0,18.88468552,0,4.261421204,0,1.69285655,0,6.803214073,0,1.82956826686859,0.562217235565186,4.5189037322998,0.413764208555222,1.06338334083557,15.4241275787354,53.2858619689941,1.32111859321594,1.07361328601837,0,0,
235,15.13193989,0,0,0,18.8861618,0,4.261996269,0,1.693002343,0,6.805180073,0,1.82977366447449,0.562266707420349,4.51941871643066,0.41390186548233,1.06504607200623,15.430757522583,53.3065948486328,1.32218217849731,1.07370758056641,0,0,
236,15.13940048,0,0,0,18.88763618,0,4.262571335,0,1.693147898,0,6.807145119,0,1.82997608184814,0.562315583229065,4.5199236869812,0.414036989212036,1.06668055057526,15.4373006820679,53.3273086547852,1.32322573661804,1.07380020618439,0,0,
237,15.14685917,0,0,0,18.88911247,0,4.263145924,0,1.693293571,0,6.809110641,0,1.83017659187317,0.562364220619202,4.52042055130005,0.414169937372208,1.06828713417053,15.4437561035156,53.3480072021484,1.32425034046173,1.07389140129089,0,0,
238,15.15431786,0,0,0,18.89058495,0,4.263720989,0,1.693439126,0,6.811075687,0,1.83037579059601,0.562412738800049,4.52091026306152,0.414301037788391,1.06986629962921,15.4501256942749,53.3686866760254,1.3252569437027,1.0739814043045,0,0,
239,15.15929031,0,0,0,18.89156914,0,4.264104366,0,1.693536162,0,6.812386036,0,1.83056271076202,0.562457203865051,4.52138423919678,0.414427757263184,1.07141840457916,15.4564094543457,53.389347076416,1.32624077796936,1.07406806945801,0,0,
240,15.16674709,0,0,0,18.89304161,0,4.264678478,0,1.693681359,0,6.814350605,0,1.83074152469635,0.562499523162842,4.52184438705444,0.41455066204071,1.07294380664825,15.4626064300537,53.409984588623,1.3272031545639,1.07415199279785,0,0,
241,15.17420578,0,0,0,18.89451408,0,4.265254021,0,1.693826795,0,6.816316605,0,1.83092653751373,0.562544822692871,4.52230167388916,0.414673119783401,1.07444286346436,15.4687213897705,53.4306030273438,1.32815062999725,1.0742359161377,0,0,
242,15.17917633,0,0,0,18.89549637,0,4.265636921,0,1.693923593,0,6.817625523,0,1.83110427856445,0.56258761882782,4.52274751663208,0.414792388677597,1.07591617107391,15.4747533798218,53.4512023925781,1.32907831668854,1.07431745529175,0,0,
243,15.18663311,0,0,0,18.89697075,0,4.26621151,0,1.694068789,0,6.819590569,0,1.83127725124359,0.562629103660584,4.52318334579468,0.414908915758133,1.07736384868622,15.4807024002075,53.4717788696289,1.32998716831207,1.07439708709717,0,0,
244,15.19160366,0,0,0,18.89795303,0,4.266594887,0,1.694165587,0,6.82090044,0,1.83144700527191,0.562669992446899,4.52361059188843,0.4150230884552,1.07878637313843,15.4865703582764,53.4923286437988,1.33087837696075,1.07447516918182,0,0,
245,15.19906044,0,0,0,18.8994236,0,4.267169476,0,1.694310546,0,6.822865009,0,1.83161461353302,0.562710523605347,4.52402973175049,0.415135234594345,1.08018410205841,15.4923572540283,53.5128555297852,1.33175265789032,1.07455193996429,0,0,
246,15.20403099,0,0,0,18.9004097,0,4.267553329,0,1.694407344,0,6.824174881,0,1.83178091049194,0.562750816345215,4.52444219589233,0.415245622396469,1.08155751228333,15.498064994812,53.5333595275879,1.3326108455658,1.07462763786316,0,0,
247,15.21148586,0,0,0,18.90188026,0,4.268126488,0,1.694552183,0,6.82613945,0,1.83194625377655,0.562791109085083,4.52484846115112,0.415354549884796,1.08290684223175,15.5036945343018,53.553840637207,1.33345377445221,1.07470226287842,0,0,
248,15.21645641,0,0,0,18.90286255,0,4.268510342,0,1.694648862,0,6.827449799,0,1.83211088180542,0.562831282615662,4.52524948120117,0.415462166070938,1.08423256874084,15.5092468261719,53.5742988586426,1.3342821598053,1.07477605342865,0,0,
249,15.22142696,0,0,0,18.90384865,0,4.268893719,0,1.694745421,0,6.82875967,0,1.83226406574249,0.562867522239685,4.52563714981079,0.415565878152847,1.08553528785706,15.5147228240967,53.5947303771973,1.33509123325348,1.07484698295593,0,0,
250,15.22888088,0,0,0,18.9053154,0,4.269467354,0,1.694890141,0,6.830723763,0,1.83242058753967,0.562905609607697,4.52602195739746,0.415669023990631,1.08681499958038,15.5201225280762,53.6151351928711,1.33588743209839,1.07491767406464,0,0,
251,15.23385143,0,0,0,18.90629768,0,4.269850731,0,1.694986701,0,6.832033634,0,1.83257961273193,0.562944650650024,4.52640438079834,0.415771692991257,1.08807229995728,15.5254497528076,53.6355171203613,1.33667147159576,1.07498812675476,0,0,
252,15.23882103,0,0,0,18.90727997,0,4.270234585,0,1.695083141,0,6.833343983,0,1.83272886276245,0.5629802942276,4.52677583694458,0.415871173143387,1.0893075466156,15.5307016372681,53.6558685302734,1.33743846416473,1.07505631446838,0,0,
253,15.24378967,0,0,0,18.90826035,0,4.270617485,0,1.695179462,0,6.834653378,0,1.83287167549133,0.563014149665833,4.52713680267334,0.415967851877213,1.09052109718323,15.5358810424805,53.6761932373047,1.33818924427032,1.07512247562408,0,0,
254,15.24875927,0,0,0,18.90924263,0,4.270999908,0,1.695275784,0,6.835962772,0,1.83301031589508,0.563047051429749,4.52748918533325,0.41606217622757,1.09171307086945,15.5409870147705,53.6964874267578,1.33892476558685,1.07518696784973,0,0,
255,15.25372887,0,0,0,18.9102211,0,4.271382809,0,1.695372224,0,6.837272167,0,1.83314609527588,0.563079535961151,4.52783393859863,0.416154444217682,1.0928840637207,15.5460214614868,53.7167549133301,1.33964550495148,1.0752500295639,0,0,
256,15.25869751,0,0,0,18.91120529,0,4.271766186,0,1.695468545,0,6.838582516,0,1.83328020572662,0.563111841678619,4.5281720161438,0.416244983673096,1.09403419494629,15.5509853363037,53.7369918823242,1.34035241603851,1.07531201839447,0,0,
257,15.26366615,0,0,0,18.91218376,0,4.272148132,0,1.695564747,0,6.839890957,0,1.83341312408447,0.563143968582153,4.52850437164307,0.416334003210068,1.09516394138336,15.5558786392212,53.7572021484375,1.34104597568512,1.07537293434143,0,0,
258,15.26863384,0,0,0,18.91316414,0,4.272531509,0,1.695660949,0,6.841200352,0,1.83354520797729,0.563175976276398,4.52883148193359,0.416421711444855,1.0962735414505,15.5607042312622,53.7773818969727,1.34172701835632,1.07543301582336,0,0,
259,15.27360249,0,0,0,18.91414642,0,4.272913933,0,1.695757151,0,6.842510223,0,1.83367681503296,0.563207983970642,4.5291543006897,0.416508316993713,1.09736335277557,15.5654602050781,53.7975311279297,1.34239602088928,1.07549238204956,0,0,
260,15.27857113,0,0,0,18.91512871,0,4.273296356,0,1.695853353,0,6.843819618,0,1.83380806446075,0.563239932060242,4.52947330474854,0.416593968868256,1.09843385219574,15.5701503753662,53.8176498413086,1.34305369853973,1.07555115222931,0,0,
261,15.2810545,0,0,0,18.91561508,0,4.273487568,0,1.695901394,0,6.844473362,0,1.83392775058746,0.563267946243286,4.52977991104126,0.416675955057144,1.09948515892029,15.5747728347778,53.8377380371094,1.34369516372681,1.0756071805954,0,0,
262,15.28602409,0,0,0,18.91659927,0,4.273870945,0,1.695997596,0,6.84578371,0,1.83403980731964,0.563293993473053,4.53007507324219,0.416754841804504,1.10051763057709,15.5793285369873,53.8577919006348,1.34432113170624,1.0756608247757,0,0,
263,15.29098988,0,0,0,18.91757584,0,4.274253368,0,1.696093559,0,6.847092628,0,1.83415830135345,0.563322961330414,4.53037023544312,0.416833877563477,1.10153150558472,15.5838193893433,53.877815246582,1.34493792057037,1.07571482658386,0,0,
264,15.29595852,0,0,0,18.91856003,0,4.274636745,0,1.696189761,0,6.848402977,0,1.83428108692169,0.563353359699249,4.53066444396973,0.416913002729416,1.10252714157104,15.58824634552,53.8978080749512,1.34554588794708,1.0757691860199,0,0,
265,15.29844189,0,0,0,18.91905022,0,4.274827957,0,1.696237683,0,6.849057198,0,1.83439517021179,0.563380599021912,4.53094959259033,0.41698944568634,1.10350489616394,15.5926103591919,53.9177627563477,1.3461400270462,1.07582151889801,0,0,
266,15.30340958,0,0,0,18.92003059,0,4.275210381,0,1.6963336469999999,0,6.850366592,0,1.83450365066528,0.56340616941452,4.53122663497925,0.417063534259796,1.10446512699127,15.5969104766846,53.937686920166,1.34672105312347,1.07587194442749,0,0,
267,15.30837727,0,0,0,18.92101097,0,4.275593758,0,1.696429729,0,6.851676464,0,1.83461964130402,0.563434839248657,4.53150510787964,0.417138457298279,1.10540807247162,15.6011505126953,53.9575805664063,1.34729504585266,1.07592332363129,0,0,
268,15.31086063,0,0,0,18.92150307,0,4.275784969,0,1.696477652,0,6.852331161,0,1.83472943305969,0.563461124897003,4.53177642822266,0.41721123456955,1.10633397102356,15.6053295135498,53.9774360656738,1.3478569984436,1.07597315311432,0,0,
269,15.31582737,0,0,0,18.92248154,0,4.276167393,0,1.696573615,0,6.853640079,0,1.83483493328094,0.563486278057098,4.53204107284546,0.417282164096832,1.10724329948425,15.609447479248,53.997257232666,1.34840726852417,1.07602167129517,0,0,
270,15.31830978,0,0,0,18.92297173,0,4.276358128,0,1.696621537,0,6.8542943,0,1.83493781089783,0.563510835170746,4.53229999542236,0.417351543903351,1.1081360578537,15.6135053634644,54.0170440673828,1.34894680976868,1.07606911659241,0,0,
271,15.32327747,0,0,0,18.9239521,0,4.276741505,0,1.696717381,0,6.855604172,0,1.83503890037537,0.563535034656525,4.53255367279053,0.417419582605362,1.10901272296906,15.6175050735474,54.036792755127,1.34947597980499,1.07611560821533,0,0,
272,15.32576084,0,0,0,18.92444038,0,4.27693224,0,1.696765304,0,6.856258869,0,1.83513879776001,0.563559055328369,4.53280353546143,0.417486488819122,1.10987341403961,15.6214466094971,54.056510925293,1.34999513626099,1.07616138458252,0,0,
273,15.32824421,0,0,0,18.92493248,0,4.277123928,0,1.696813226,0,6.856914043,0,1.83522665500641,0.563579082489014,4.53304004669189,0.417549550533295,1.11071860790253,15.6253299713135,54.0761909484863,1.35049939155579,1.07620418071747,0,0,
274,15.33321095,0,0,0,18.92591095,0,4.277506828,0,1.69690907,0,6.858222961,0,1.83531808853149,0.563601076602936,4.53327465057373,0.417612195014954,1.1115483045578,15.6291551589966,54.095832824707,1.35099506378174,1.07624685764313,0,0,
275,15.33569336,0,0,0,18.92640114,0,4.277697563,0,1.696956992,0,6.858877659,0,1.8354115486145,0.56362396478653,4.53350687026978,0.417674452066422,1.11236274242401,15.6329250335693,54.1154403686523,1.35148251056671,1.07628929615021,0,0,
276,15.34065914,0,0,0,18.92737961,0,4.278080463,0,1.697052717,0,6.860185623,0,1.83550655841827,0.563647270202637,4.53373718261719,0.417736351490021,1.11316227912903,15.6366405487061,54.135009765625,1.35196220874786,1.07633173465729,0,0,
277,15.34314251,0,0,0,18.9278717,0,4.278271198,0,1.69710052,0,6.860840797,0,1.83560240268707,0.563670873641968,4.53396606445313,0.417797952890396,1.11394727230072,15.6403017044067,54.1545448303223,1.35243427753448,1.07637405395508,0,0,
278,15.34562492,0,0,0,18.92835999,0,4.278462887,0,1.697148442,0,6.861495018,0,1.8356876373291,0.563690721988678,4.53418445587158,0.417856514453888,1.11471796035767,15.6439085006714,54.1740379333496,1.35289394855499,1.07641398906708,0,0,
279,15.34810829,0,0,0,18.92885208,0,4.278654099,0,1.697196364,0,6.862149715,0,1.83576595783234,0.563708603382111,4.53439378738403,0.41791245341301,1.11547458171844,15.6474599838257,54.1934928894043,1.35334169864655,1.07645201683044,0,0,
280,15.35307312,0,0,0,18.92983055,0,4.279036045,0,1.69729197,0,6.86345911,0,1.83585095405579,0.563729405403137,4.53460454940796,0.417968928813934,1.11621713638306,15.6509590148926,54.2129096984863,1.35378360748291,1.07649064064026,0,0,
281,15.35555649,0,0,0,18.93031693,0,4.279227734,0,1.697339773,0,6.864112854,0,1.83594024181366,0.563751757144928,4.5348162651062,0.418025851249695,1.11694610118866,15.6544075012207,54.232292175293,1.35421991348267,1.07652974128723,0,0,
282,15.3580389,0,0,0,18.93080902,0,4.279418945,0,1.697387576,0,6.864768028,0,1.83602118492126,0.563770949840546,4.5350193977356,0.418080389499664,1.11766171455383,15.6578054428101,54.2516326904297,1.35464549064636,1.07656693458557,0,0,
283,15.36052227,0,0,0,18.93130112,0,4.279610634,0,1.697435498,0,6.865423203,0,1.83609664440155,0.56378847360611,4.53521585464478,0.418132871389389,1.11836409568787,15.6611528396606,54.2709350585938,1.35506081581116,1.07660269737244,0,0,
284,15.36300468,0,0,0,18.9317894,0,4.279802322,0,1.6974833010000001,0,6.866077423,0,1.83616864681244,0.563805222511292,4.53540563583374,0.418183565139771,1.11905348300934,15.6644487380981,54.2901954650879,1.35546660423279,1.07663714885712,0,0,
285,15.36548805,0,0,0,18.93227768,0,4.279993057,0,1.697530985,0,6.866731644,0,1.83623814582825,0.563821494579315,4.53559017181396,0.41823273897171,1.11972999572754,15.6676940917969,54.3094177246094,1.35586309432983,1.07667052745819,0,0,
286,15.37045288,0,0,0,18.93325806,0,4.280375957,0,1.697626591,0,6.868040562,0,1.8363174200058,0.563841462135315,4.53577852249146,0.418283432722092,1.12039399147034,15.6708917617798,54.3286018371582,1.35625624656677,1.07670533657074,0,0,
287,15.3729353,0,0,0,18.93374825,0,4.280566692,0,1.697674274,0,6.868695736,0,1.83640313148499,0.563863337039948,4.53597116470337,0.418335407972336,1.12104558944702,15.6740427017212,54.3477478027344,1.35664629936218,1.07674121856689,0,0,
288,15.37541676,0,0,0,18.93424034,0,4.280758381,0,1.697722197,0,6.869350433,0,1.83648157119751,0.563882231712341,4.53615760803223,0.418385714292526,1.12168538570404,15.6771478652954,54.3668518066406,1.35702788829803,1.07677578926086,0,0,
289,15.37789917,0,0,0,18.93472672,0,4.280949116,0,1.69776988,0,6.8700037,0,1.83655536174774,0.563899636268616,4.53633880615234,0.418434530496597,1.12231338024139,15.6802082061768,54.385913848877,1.35740149021149,1.07680916786194,0,0,
290,15.38038254,0,0,0,18.9352169,0,4.281140804,0,1.697817564,0,6.870658875,0,1.83662605285645,0.563916265964508,4.53651571273804,0.418482095003128,1.12292993068695,15.6832208633423,54.4049339294434,1.35776734352112,1.07684183120728,0,0,
291,15.38286495,0,0,0,18.93570709,0,4.281331539,0,1.697865367,0,6.871313095,0,1.83669495582581,0.563932538032532,4.53668880462646,0.41852855682373,1.12353503704071,15.6861896514893,54.4239158630371,1.35812604427338,1.0768735408783,0,0,
292,15.38534641,0,0,0,18.93619537,0,4.281522751,0,1.697912931,0,6.871967316,0,1.8367623090744,0.563948571681976,4.53685808181763,0.418574094772339,1.12412893772125,15.6891136169434,54.4428558349609,1.35847783088684,1.07690477371216,0,0,
293,15.38782978,0,0,0,18.93668365,0,4.281713963,0,1.697960734,0,6.872621536,0,1.83682906627655,0.563964605331421,4.53702449798584,0.418618828058243,1.12471199035645,15.6919946670532,54.4617538452148,1.35882306098938,1.07693541049957,0,0,
294,15.39031124,0,0,0,18.93717766,0,4.281905651,0,1.698008537,0,6.873276711,0,1.83689510822296,0.563980460166931,4.53718852996826,0.418662905693054,1.12528419494629,15.6948328018188,54.4806098937988,1.35916221141815,1.07696557044983,0,0,
295,15.3927927,0,0,0,18.93766403,0,4.282096386,0,1.698056102,0,6.873930931,0,1.83696091175079,0.563996374607086,4.53735017776489,0.418706387281418,1.12584578990936,15.6976270675659,54.4994239807129,1.35949540138245,1.07699537277222,0,0,
296,15.3927927,0,0,0,18.93766403,0,4.282096386,0,1.698056102,0,6.873930931,0,1.83701503276825,0.564008295536041,4.53750085830688,0.418746560811996,1.12639713287354,15.7003793716431,54.5181999206543,1.35981738567352,1.07702255249023,0,0,
297,15.39527607,0,0,0,18.93815804,0,4.282288551,0,1.698103905,0,6.8745870590000004,0,1.83706164360046,0.564018309116364,4.53764200210571,0.418783903121948,1.12693810462952,15.7030868530273,54.5369338989258,1.36012887954712,1.07704758644104,0,0,
298,15.39775753,0,0,0,18.9386425,0,4.282478333,0,1.698151588,0,6.875240326,0,1.83711457252502,0.564031183719635,4.5377836227417,0.418821573257446,1.1274688243866,15.7057523727417,54.5556221008301,1.36043584346771,1.077073097229,0,0,
299,15.40023994,0,0,0,18.9391346,0,4.282669544,0,1.698199272,0,6.875894547,0,1.83717167377472,0.564045488834381,4.53792572021484,0.418859571218491,1.12798941135406,15.7083768844604,54.5742683410645,1.36073851585388,1.07709896564484,0,0,
