"Time Step","Softwood Merchantable","Hardwood Merchantable","Softwood Submerchantable","Hardwood Submerchantable","Softwood Other","Hardwood Other","Softwood Foliage","Hardwood Foliage","Softwood Fine Roots","Hardwood Fine Roots","Softwood Coarse Roots","Hardwood Coarse Roots","Aboveground Very Fast DOM","Belowground Very Fast DOM","Aboveground Fast DOM","Belowground Fast DOM","Medium DOM","Aboveground Slow DOM","Belowground Slow DOM","Softwood Stem Snag","Softwood Branch Snag","Hardwood Stem Snag","Hardwood Branch Snag",
0,0,0,0,0,0,0,0,0,0,0,0,0,0.309127986431122,1.73419201374054,6.69352197647095,5.53066492080688,6.19608116149902,4.55530691146851,52.6453514099121,37.323070526123,9.91767597198486,0,0,
1,0.003534798743,0,0,0,0,0,0.2000891268,0,0.01917024702,0,0.02603426576,0,0.232029110193253,1.00379037857056,6.75416564941406,4.86062002182007,7.1570258140564,4.87085199356079,52.7388534545898,35.5582542419434,8.38512516021729,0,0,
2,0.01804261841,0,0,0,0,0,0.5380418301,0,0.05194514245,0,0.07150561363,0,0.201875418424606,0.58657443523407,6.67309045791626,4.2720799446106,8.03293323516846,5.16310977935791,52.7684097290039,33.8769302368164,7.08939552307129,0,0,
3,0.04680046067,0,0,0,0.196238026,0,0.7547198534,0,0.0922960788,0,0.12920627,0,0.208569914102554,0.352278113365173,6.49100732803345,3.75530767440796,8.82907485961914,5.43471622467041,52.7584266662598,32.275203704834,5.99481296539307,0,0,
4,0.09199218452,0,0,0,0.5197014809,0,0.8949949741,0,0.1378158778,0,0.1966689974,0,0.236153021454811,0.224852740764618,6.2421932220459,3.30170321464539,9.55043697357178,5.68761968612671,52.7236289978027,30.7493782043457,5.07181453704834,0,0,
5,0.1553020328,0,0,0,0.8971267939,0,1.017076969,0,0.1869634986,0,0.2724667788,0,0.276387721300125,0.159991905093193,5.95228099822998,2.9036922454834,10.2017335891724,5.92348432540894,52.6730422973633,29.2959423065186,4.29473638534546,0,0,
6,0.238091141,0,0,0,1.313145041,0,1.125431776,0,0.2386112064,0,0.3556090593,0,0.325291007757187,0.131848216056824,5.64036417007446,2.55460739135742,10.7874212265015,6.14387893676758,52.6123123168945,27.9115543365479,3.6414647102356,0,0,
7,0.3414774239,0,0,0,1.756393909,0,1.222898006,0,0.2918818891,0,0.4453289211,0,0.380026310682297,0.125301450490952,5.32091808319092,2.24858117103577,11.311710357666,6.35028982162476,52.5450668334961,26.5930404663086,3.093177318573,0,0,
8,0.4663780928,0,0,0,2.217950106,0,1.311432004,0,0.3460721076,0,0.5409866571,0,0.438541114330292,0.131468802690506,5.00473737716675,1.98045122623444,11.778582572937,6.54412031173706,52.4737129211426,25.3373775482178,2.63386511802673,0,0,
9,0.6135346889,0,0,0,2.690536499,0,1.392459035,0,0.400609374,0,0.6420203447,0,0.499331921339035,0.145099624991417,4.69968128204346,1.74567520618439,12.191798210144,6.72669172286987,52.3998985290527,24.1416912078857,2.24991679191589,0,0,
10,0.7835285068,0,0,0,3.168072939,0,1.467060685,0,0.4550249875,0,0.7479180098,0,0.561286091804504,0.163063704967499,4.4112811088562,1.54025661945343,12.5549116134644,6.89923620223999,52.3247947692871,23.003246307373,1.92976188659668,0,0,
11,0.9767907858,0,0,0,3.64539957,0,1.53608346,0,0.5089353919,0,0.8582014441,0,0.623573482036591,0.183473512530327,4.14322805404663,1.36067891120911,12.8712778091431,7.06289720535278,52.2492599487305,21.9194374084473,1.66356456279755,0,0,
12,1.193609953,0,0,0,4.118098736,0,1.600206375,0,0.5620281696,0,0.972416997,0,0.685570895671844,0.205173999071121,3.89777135848999,1.20384740829468,13.1440658569336,7.21872568130493,52.1739387512207,20.8877830505371,1.44296431541443,0,0,
13,1.434136629,0,0,0,4.582370758,0,1.659984827,0,0.6140514612,0,1.090129852,0,0.746808767318726,0.22744545340538,3.67604064941406,1.06703841686249,13.3762693405151,7.36768054962158,52.0993270874023,19.9059238433838,1.26085388660431,0,0,
14,1.698387623,0,0,0,5.034945488,0,1.715880871,0,0.6648049355,0,1.210920572,0,0.806933522224426,0.249830231070518,3.47830724716187,0.94785487651825,13.5707120895386,7.51062822341919,52.0258102416992,18.9716091156006,1.11119079589844,0,0,
15,1.986249804,0,0,0,5.4730196,0,1.768284202,0,0.714132309,0,1.33438468,0,0.865680158138275,0.272030889987946,3.30419492721558,0.844186305999756,13.7300605773926,7.64834690093994,51.9536895751953,18.0826969146729,0.988838315010071,0,0,
16,2.297483444,0,0,0,5.894203186,0,1.817526817,0,0.7619151473,0,1.460130215,0,0.922851800918579,0.293850094079971,3.15284967422485,0.754174470901489,13.8568296432495,7.78152799606323,51.8832130432129,17.2371425628662,0.889428615570068,0,0,
17,2.63172555,0,0,0,6.29648304,0,1.863895059,0,0.8080673814,0,1.58777976,0,0.978305697441101,0.315154850482941,3.02307534217834,0.676182925701141,13.9533920288086,7.91078090667725,51.814567565918,16.4330005645752,0.809248208999634,0,0,
18,2.988493681,0,0,0,6.678187847,0,1.907637596,0,0.852530241,0,1.716968775,0,1.0319412946701,0.335854977369308,2.91344308853149,0.608770310878754,14.0219850540161,8.03663730621338,51.7478942871094,15.6684122085571,0.745140314102173,0,0,
19,3.367189884,0,0,0,7.037962437,0,1.948972344,0,0.8952682614,0,1.84734726,0,1.0836923122406,0.355889678001404,2.82237601280212,0.550666809082031,14.06471824646,8.1595573425293,51.6833076477051,14.9416055679321,0.694421589374542,0,0,
20,3.767105818,0,0,0,7.374742508,0,1.98809135,0,0.9362661839,0,1.978580475,0,1.1335197687149,0.37521904706955,2.74821829795837,0.500753343105316,14.0835781097412,8.27993202209473,51.6208877563477,14.2508907318115,0.654812037944794,0,0,
21,4.187426567,0,0,0,7.687735081,0,2.025164843,0,0.9755243063,0,2.110348225,0,1.18140709400177,0.393818616867065,2.68928647041321,0.45804363489151,14.0804376602173,8.39809131622314,51.5606918334961,13.5946521759033,0.624375283718109,0,0,
22,4.627237797,0,0,0,7.976397038,0,2.060344696,0,1.013057113,0,2.242346287,0,1.22735548019409,0.411675691604614,2.64391112327576,0.421668142080307,14.0570592880249,8.51430892944336,51.502758026123,12.9713478088379,0.601467907428741,0,0,
23,5.085529804,0,0,0,8.240418434,0,2.093767166,0,1.048889995,0,2.374287128,0,1.27138102054596,0.428786635398865,2.61046624183655,0.390860140323639,14.0151033401489,8.62880802154541,51.4471015930176,12.379506111145,0.584696292877197,0,0,
24,5.561206818,0,0,0,8.479705811,0,2.1255548,0,1.083057404,0,2.505898476,0,1.31351113319397,0.445154815912247,2.58739280700684,0.364943236112595,13.9561319351196,8.74176502227783,51.3937339782715,11.8177185058594,0.572880446910858,0,0,
25,6.053090572,0,0,0,8.694361687,0,2.155817986,0,1.115600824,0,2.63692522,0,1.35378301143646,0.460789233446121,2.57321500778198,0.343320816755295,13.8816137313843,8.85331535339355,51.342643737793,11.2846374511719,0.565022647380829,0,0,
26,6.559931755,0,0,0,8.884674072,0,2.184657335,0,1.146567345,0,2.767128944,0,1.39224112033844,0.475703328847885,2.56655097007751,0.325466305017471,13.7929286956787,8.9635591506958,51.2938194274902,10.7789745330811,0.560281217098236,0,0,
27,7.080414772,0,0,0,9.05109787,0,2.212164164,0,1.176008463,0,2.896288157,0,1.42893588542938,0.489914000034332,2.56612014770508,0.310914933681488,13.6913738250732,9.07256412506104,51.2472343444824,10.2994976043701,0.557948172092438,0,0,
28,7.61316824,0,0,0,9.194238663,0,2.238421679,0,1.203977942,0,3.024196148,0,1.4639219045639,0.503440678119659,2.57074666023254,0.299256324768066,13.5781679153442,9.18037128448486,51.2028579711914,9.84502410888672,0.557429671287537,0,0,
29,8.156772614,0,0,0,9.314840317,0,2.263506413,0,1.230532169,0,3.15066433,0,1.49725723266602,0.516304850578308,2.5793616771698,0.290128201246262,13.4544525146484,9.2869987487793,51.16064453125,9.41442394256592,0.558230102062225,0,0,
30,9.005485535,0,0,0,8.755879402,0,2.221699715,0,1.239870429,0,3.196369648,0,1.5248030424118,0.52706116437912,2.58198094367981,0.282862693071365,13.3213005065918,9.39190864562988,51.1203689575195,9.00726795196533,0.556847810745239,0,0,
31,9.522395134,0,0,0,8.597705841,0,2.220666409,0,1.253147483,0,3.26250267,0,1.5457067489624,0.535370171070099,2.57519912719727,0.276968985795975,13.1797361373901,9.49442481994629,51.0817375183105,8.62238883972168,0.552310645580292,0,0,
32,10.03971291,0,0,0,8.468472481,0,2.224289894,0,1.267426014,0,3.33518362,0,1.56403338909149,0.542722523212433,2.56566166877747,0.272399395704269,13.0307149887085,9.59435176849365,51.0446434020996,8.25799942016602,0.547124683856964,0,0,
33,10.56013012,0,0,0,8.36330986,0,2.231777668,0,1.282535553,0,3.413922787,0,1.58102238178253,0.54969185590744,2.55439972877502,0.269048869609833,12.8751087188721,9.69161510467529,51.0090408325195,7.91313791275024,0.541639089584351,0,0,
34,11.08370399,0,0,0,8.27896595,0,2.242507696,0,1.298281908,0,3.498067617,0,1.59747350215912,0.55657571554184,2.54223775863647,0.266820102930069,12.7137289047241,9.78622055053711,50.9749221801758,7.58689451217651,0.536111116409302,0,0,
35,11.60536385,0,0,0,8.213314056,0,2.25583601,0,1.314344645,0,3.586197615,0,1.61385750770569,0.563498497009277,2.52984356880188,0.26561838388443,12.5473356246948,9.87822818756104,50.9423065185547,7.27839231491089,0.530732810497284,0,0,
36,12.12521172,0,0,0,8.163681984,0,2.27129674,0,1.330585957,0,3.677776337,0,1.63042056560516,0.570489585399628,2.51774835586548,0.265351951122284,12.376636505127,9.96772766113281,50.9111976623535,6.98678398132324,0.525644063949585,0,0,
37,12.64588642,0,0,0,8.127720833,0,2.288602829,0,1.346975803,0,3.772834778,0,1.64729356765747,0.577550411224365,2.50636339187622,0.265937894582748,12.2022914886475,10.0548295974731,50.8816032409668,6.71126890182495,0.520939588546753,0,0,
38,13.16237164,0,0,0,8.103952408,0,2.307282209,0,1.363265157,0,3.870075703,0,1.66451120376587,0.584656000137329,2.49600195884705,0.267297834157944,12.0249147415161,10.1396532058716,50.8535308837891,6.45107793807983,0.516681611537933,0,0,
39,13.67729568,0,0,0,8.090646744,0,2.32716918,0,1.379463911,0,3.969650984,0,1.6820479631424,0.591769754886627,2.48689794540405,0.269357830286026,11.8450756072998,10.2223224639893,50.826976776123,6.20547389984131,0.512907385826111,0,0,
40,14.19073105,0,0,0,8.086520195,0,2.348061562,0,1.39551568,0,4.071303368,0,1.699866771698,0.59886622428894,2.47921991348267,0.272052407264709,11.6633052825928,10.3029594421387,50.8019409179688,5.97376108169556,0.509634554386139,0,0,
41,14.70022297,0,0,0,8.090452194,0,2.369684935,0,1.411298513,0,4.174301147,0,1.71790337562561,0.605914235115051,2.47308135032654,0.275319755077362,11.480094909668,10.3816843032837,50.7784118652344,5.75527048110962,0.506866574287415,0,0,
42,15.20333767,0,0,0,8.101341248,0,2.391779184,0,1.426703572,0,4.277910709,0,1.73606514930725,0.612874388694763,2.46854662895203,0.279099076986313,11.2958993911743,10.458610534668,50.7563705444336,5.54935312271118,0.504595935344696,0,0,
43,15.70517921,0,0,0,8.118431091,0,2.41444397,0,1.44186151,0,4.382986546,0,1.75428259372711,0.619725823402405,2.46564769744873,0.283337414264679,11.1111392974854,10.5338459014893,50.7358055114746,5.35539817810059,0.5028076171875,0,0,
44,16.20079613,0,0,0,8.140810013,0,2.437353373,0,1.456604123,0,4.488325119,0,1.77249300479889,0.626453101634979,2.46438765525818,0.287986785173416,10.9262037277222,10.6074924468994,50.7166976928711,5.17282295227051,0.501480996608734,0,0,
45,16.69026566,0,0,0,8.167772293,0,2.460417747,0,1.47092402,0,4.593773365,0,1.79061615467072,0.633031070232391,2.46474027633667,0.292998999357224,10.7414503097534,10.6796436309814,50.6990165710449,5.00106239318848,0.500591099262238,0,0,
46,17.17615509,0,0,0,8.198870659,0,2.483684301,0,1.48488915,0,4.699745178,0,1.80859959125519,0.63945084810257,2.46666622161865,0.298332929611206,10.5572090148926,10.7503862380981,50.6827430725098,4.83958339691162,0.50011146068573,0,0,
47,17.65354156,0,0,0,8.233263969,0,2.506852865,0,1.498356938,0,4.805035114,0,1.8263875246048,0.64570027589798,2.47010850906372,0.303948819637299,10.3737812042236,10.8198022842407,50.6678466796875,4.68787288665771,0.500013530254364,0,0,
48,18.12747383,0,0,0,8.270846367,0,2.530113935,0,1.511471391,0,4.910640717,0,1.84393656253815,0.651772499084473,2.47500061988831,0.309810936450958,10.191445350647,10.8879661560059,50.6543006896973,4.54544258117676,0.500268876552582,0,0,
49,18.5955143,0,0,0,8.311057091,0,2.553305626,0,1.52416718,0,5.015925884,0,1.86122524738312,0.657670855522156,2.48127436637878,0.315889418125153,10.0104541778564,10.9549474716187,50.6420745849609,4.4118332862854,0.500850141048431,0,0,
50,19.05525208,0,0,0,8.353308678,0,2.576268196,0,1.536386371,0,5.120245457,0,1.8782125711441,0.66338586807251,2.48884725570679,0.322152376174927,9.83103847503662,11.0208120346069,50.6311416625977,4.28659629821777,0.501728892326355,0,0,
51,19.50922012,0,0,0,8.397501945,0,2.599093914,0,1.548205733,0,5.224085808,0,1.89486837387085,0.668913781642914,2.497633934021,0.328571140766144,9.65340709686279,11.0856151580811,50.621467590332,4.16930437088013,0.50287789106369,0,0,
52,19.95500565,0,0,0,8.443119049,0,2.621635914,0,1.55957222,0,5.326814651,0,1.91117203235626,0.674254655838013,2.50754857063293,0.335119813680649,9.47775173187256,11.1494131088257,50.6130218505859,4.05955171585083,0.50427120923996,0,0,
53,20.39512444,0,0,0,8.4901561739999991,0,2.643996477,0,1.570561171,0,5.428938866,0,1.92710936069489,0.679410517215729,2.51850581169128,0.341775149106979,9.30424213409424,11.2122535705566,50.6057815551758,3.95694994926453,0.505884349346161,0,0,
54,20.82962036,0,0,0,8.538413048,0,2.666158676,0,1.581182599,0,5.530407906,0,1.94268321990967,0.684390544891357,2.53042793273926,0.348518669605255,9.13303184509277,11.2741832733154,50.5997161865234,3.86113667488098,0.507695853710175,0,0,
55,21.25363541,0,0,0,8.587129593,0,2.687856913,0,1.591331482,0,5.630022526,0,1.95787453651428,0.689191162586212,2.54322648048401,0.355328649282455,8.96425914764404,11.3352432250977,50.5947875976563,3.77175498008728,0.509682893753052,0,0,
56,21.67211723,0,0,0,8.636686325,0,2.709331274,0,1.601139665,0,5.728886604,0,1.97267186641693,0.693812847137451,2.55681657791138,0.362185597419739,8.79804706573486,11.3954725265503,50.5909729003906,3.68846535682678,0.511824488639832,0,0,
57,22.0826683,0,0,0,8.686640739,0,2.7304463389999998,0,1.610562444,0,5.826383591,0,1.98708057403564,0.698263883590698,2.57112288475037,0.369074523448944,8.63450241088867,11.4549055099487,50.5882415771484,3.61094999313354,0.514102578163147,0,0,
58,22.48776436,0,0,0,8.7371521,0,2.751318455,0,1.619668484,0,5.923055649,0,2.00110673904419,0.702551245689392,2.58607339859009,0.37598192691803,8.47372055053711,11.513575553894,50.5865669250488,3.53890585899353,0.51650059223175,0,0,
59,22.88257217,0,0,0,8.787483215,0,2.771691322,0,1.62836206,0,6.017705441,0,2.01474690437317,0.706676721572876,2.6015932559967,0.382893025875092,8.3157844543457,11.57151222229,50.5859184265137,3.47203993797302,0.519001662731171,0,0,
60,23.27199936,0,0,0,8.838130951,0,2.791809797,0,1.63676393,0,6.111466408,0,2.02800011634827,0.710643231868744,2.61761116981506,0.389794588088989,8.16076278686523,11.6287431716919,50.5862693786621,3.41007256507874,0.521590530872345,0,0,
61,23.65364838,0,0,0,8.888680458,0,2.811544895,0,1.644833326,0,6.203726768,0,2.04087996482849,0.71446019411087,2.63406729698181,0.396677285432816,8.00871753692627,11.6852931976318,50.5875930786133,3.35274291038513,0.524254679679871,0,0,
62,24.02755737,0,0,0,8.93904686,0,2.83089304,0,1.652583241,0,6.29446125,0,2.05338788032532,0.718130469322205,2.65089797973633,0.403530120849609,7.85969686508179,11.7411861419678,50.5898666381836,3.29979705810547,0.526981174945831,0,0,
63,24.39375687,0,0,0,8.989129066,0,2.84985137,0,1.660025597,0,6.383642197,0,2.06552767753601,0.721657752990723,2.66804337501526,0.410343170166016,7.71374177932739,11.7964429855347,50.5930595397949,3.25099396705627,0.529758214950562,0,0,
64,24.75228119,0,0,0,9.038861275,0,2.86841917,0,1.66717279,0,6.471250057,0,2.07730484008789,0.725046753883362,2.68544793128967,0.417107492685318,7.57088375091553,11.8510828018188,50.5971527099609,3.20610308647156,0.532574892044067,0,0,
65,25.10557747,0,0,0,9.088507652,0,2.886720657,0,1.674082875,0,6.55785656,0,2.08873558044434,0.728306531906128,2.7030668258667,0.423817694187164,7.43114614486694,11.9051246643066,50.6021156311035,3.1649112701416,0.535423099994659,0,0,
66,25.44883919,0,0,0,9.137324333,0,2.904501915,0,1.680672169,0,6.642255306,0,2.09982419013977,0.731439888477325,2.72085046768188,0.43046623468399,7.29454517364502,11.9585866928101,50.6079292297363,3.12720966339111,0.538293719291687,0,0,
67,25.78692245,0,0,0,9.18594265,0,2.922015905,0,1.687044263,0,6.72562027,0,2.11057615280151,0.734450459480286,2.73875308036804,0.437046349048615,7.16108989715576,12.0114822387695,50.6145706176758,3.0927996635437,0.541178405284882,0,0,
68,26.1150322,0,0,0,9.233613014,0,2.939010143,0,1.693117976,0,6.806741714,0,2.12099766731262,0.737342357635498,2.75673198699951,0.443551898002625,7.0307822227478,12.0638265609741,50.622013092041,3.06149196624756,0.544069588184357,0,0,
69,26.43801498,0,0,0,9.280992508,0,2.95573616,0,1.69899261,0,6.886800766,0,2.13109540939331,0.740119695663452,2.77474784851074,0.449977427721024,6.90361976623535,12.1156330108643,50.6302375793457,3.03310680389404,0.546960473060608,0,0,
70,26.75348091,0,0,0,9.327676773,0,2.972068548,0,1.704632044,0,6.965184212,0,2.1408863067627,0.742790520191193,2.79277086257935,0.456320554018021,6.7795934677124,12.1669120788574,50.6392250061035,3.00747728347778,0.549846470355988,0,0,
71,27.06145287,0,0,0,9.373638153,0,2.988008499,0,1.710045338,0,7.041882992,0,2.15037441253662,0.745357155799866,2.81076645851135,0.462576508522034,6.65868949890137,12.2176761627197,50.6489562988281,2.98444008827209,0.552721679210663,0,0,
72,27.36435699,0,0,0,9.419193268,0,3.003679991,0,1.715281844,0,7.117483616,0,2.15957450866699,0.747826159000397,2.82870960235596,0.468743681907654,6.54089021682739,12.267936706543,50.6594047546387,2.96384501457214,0.555582404136658,0,0,
73,27.65981102,0,0,0,9.463955879,0,3.018959999,0,1.720307469,0,7.191378593,0,2.16849827766418,0.750203013420105,2.84657764434814,0.474820464849472,6.42617273330688,12.3177032470703,50.6705589294434,2.94554901123047,0.55842524766922,0,0,
74,27.94782639,0,0,0,9.507886887,0,3.033849478,0,1.725129366,0,7.263553619,0,2.17714762687683,0.752488195896149,2.86434149742126,0.480802774429321,6.31451082229614,12.3669843673706,50.6823959350586,2.9294102191925,0.561245501041412,0,0,
75,28.22842979,0,0,0,9.55096817,0,3.04834938,0,1.729755521,0,7.334004402,0,2.18552470207214,0.754683375358582,2.88197445869446,0.486686915159225,6.20587539672852,12.4157886505127,50.694896697998,2.91529369354248,0.564038634300232,0,0,
76,28.50164032,0,0,0,9.593160629,0,3.062459946,0,1.734192491,0,7.402719975,0,2.19363331794739,0.756790935993195,2.89945197105408,0.492469608783722,6.10023355484009,12.4641237258911,50.7080459594727,2.90307116508484,0.566800653934479,0,0,
77,28.76986504,0,0,0,9.634819984,0,3.076306343,0,1.738485098,0,7.470294952,0,2.20148658752441,0.758816957473755,2.91675853729248,0.49815046787262,5.99754905700684,12.5119962692261,50.7218208312988,2.89262557029724,0.569529712200165,0,0,
78,29.0331192,0,0,0,9.675920486,0,3.089890242,0,1.742637753,0,7.536724091,0,2.20910429954529,0.760769546031952,2.93388772010803,0.503731787204742,5.8977837562561,12.5594129562378,50.7362060546875,2.88385057449341,0.57222580909729,0,0,
79,29.28902435,0,0,0,9.716085434,0,3.103087664,0,1.746618509,0,7.601402283,0,2.21649289131165,0.762650907039642,2.95082569122314,0.509212911128998,5.80089712142944,12.6063814163208,50.7511901855469,2.8766405582428,0.574886977672577,0,0,
80,29.53759193,0,0,0,9.755274773,0,3.115900278,0,1.750432611,0,7.664313793,0,2.22364974021912,0.764459669589996,2.96755170822144,0.514590501785278,5.70684671401978,12.652907371521,50.7667541503906,2.87088871002197,0.577509701251984,0,0,
81,29.78122902,0,0,0,9.793863297,0,3.128451824,0,1.75412178,0,7.726065636,0,2.23058271408081,0.766199469566345,2.98405480384827,0.51986426115036,5.61558818817139,12.6989965438843,50.7828826904297,2.86649870872498,0.580092370510101,0,0,
82,30.01756096,0,0,0,9.831460953,0,3.140622139,0,1.757654548,0,7.786047459,0,2.2372989654541,0.767873406410217,3.00032448768616,0.525033950805664,5.52707529067993,12.7446527481079,50.7995681762695,2.86337900161743,0.582633912563324,0,0,
83,30.24898338,0,0,0,9.868415833,0,3.152532339,0,1.76107049,0,7.844854355,0,2.24380421638489,0.769483983516693,3.01635074615479,0.530099213123322,5.44126129150391,12.7898807525635,50.8167839050293,2.86144256591797,0.585132837295532,0,0,
84,30.47550392,0,0,0,9.904728889,0,3.164185047,0,1.764373422,0,7.902487278,0,2.25011253356934,0.771036744117737,3.0321321487426798,0.535062372684479,5.35809755325317,12.8346862792969,50.8345222473145,2.86061191558838,0.587589800357819,0,0,
85,30.69475555,0,0,0,9.940006256,0,3.175457716,0,1.767532349,0,7.958335876,0,2.25622653961182,0.772532284259796,3.04765963554382,0.539922773838043,5.27753400802612,12.8790740966797,50.8527679443359,2.86080765724182,0.590003311634064,0,0,
86,30.91150665,0,0,0,9.975000381,0,3.186596632,0,1.770619273,0,8.013609886,0,2.26215744018555,0.773974657058716,3.06293225288391,0.544682502746582,5.19952154159546,12.9230470657349,50.871509552002,2.86195969581604,0.592373967170715,0,0,
87,31.11862373,0,0,0,10.00854683,0,3.197234392,0,1.773535609,0,8.06648159,0,2.26790523529053,0.775363922119141,3.07794141769409,0.549340724945068,5.12400817871094,12.9666109085083,50.8907356262207,2.86399579048157,0.594700157642365,0,0,
88,31.32326317,0,0,0,10.04179764,0,3.20773983,0,1.776385903,0,8.118775368,0,2.27347111701965,0.776700556278229,3.0926790237426798,0.553896605968475,5.05094289779663,13.0097675323486,50.9104270935059,2.8668475151062,0.596980750560761,0,0,
89,31.52304459,0,0,0,10.07435131,0,3.21799159,0,1.779138923,0,8.169878006,0,2.27887344360352,0.777991771697998,3.10715293884277,0.558354735374451,4.98027324676514,13.0525217056274,50.9305801391602,2.87045979499817,0.599218010902405,0,0,
90,31.71560478,0,0,0,10.10582161,0,3.227867842,0,1.781764865,0,8.2191782,0,2.28410911560059,0.77923583984375,3.12135481834412,0.562713921070099,4.91194725036621,13.0948762893677,50.9511756896973,2.87477016448975,0.601410210132599,0,0,
91,31.90332222,0,0,0,10.13658333,0,3.237491131,0,1.784299254,0,8.26728344,0,2.28917717933655,0.780432403087616,3.13527703285217,0.56697291135788,4.84591293334961,13.1368341445923,50.9722023010254,2.87971878051758,0.603555977344513,0,0,
92,32.0885849,0,0,0,10.16701794,0,3.246985197,0,1.786776185,0,8.314798355,0,2.2940936088562,0.781587779521942,3.14892768859863,0.571135997772217,4.78211688995361,13.1783981323242,50.9936561584473,2.8852596282959,0.605657577514648,0,0,
93,32.26665115,0,0,0,10.1963377,0,3.256104708,0,1.789134145,0,8.360505104,0,2.29886221885681,0.782703101634979,3.16230630874634,0.575204253196716,4.72050714492798,13.2195730209351,51.0155181884766,2.89134287834167,0.607715129852295,0,0,
94,32.43989563,0,0,0,10.22493553,0,3.264974833,0,1.791407585,0,8.405010223,0,2.30347847938538,0.783776342868805,3.17540454864502,0.579175889492035,4.66103172302246,13.2603588104248,51.0377807617188,2.89791679382324,0.609726786613464,0,0,
95,32.6106987,0,0,0,10.25319195,0,3.273715734,0,1.793628573,0,8.44892025,0,2.30795550346375,0.78481262922287,3.18823051452637,0.583054840564728,4.60363817214966,13.300760269165,51.060432434082,2.90494132041931,0.611694633960724,0,0,
96,32.77669525,0,0,0,10.28071022,0,3.282206059,0,1.795768499,0,8.491625786,0,2.31230306625366,0.785815179347992,3.20079112052917,0.586844384670258,4.54827499389648,13.3407793045044,51.0834655761719,2.9123797416687,0.613620340824127,0,0,
97,32.93552399,0,0,0,10.30709362,0,3.290327549,0,1.797798753,0,8.532515526,0,2.31651329994202,0.786780595779419,3.21307682991028,0.590542078018188,4.49489068984985,13.3804197311401,51.1068649291992,2.92018556594849,0.615501701831818,0,0,
98,33.09428787,0,0,0,10.33352089,0,3.298443317,0,1.799811482,0,8.573415756,0,2.32059645652771,0.787712812423706,3.22509479522705,0.594151079654694,4.44343423843384,13.4196815490723,51.1306228637695,2.92832565307617,0.617340326309204,0,0,
99,33.24589539,0,0,0,10.35880184,0,3.306188822,0,1.801718235,0,8.612499237,0,2.32456040382385,0.788614273071289,3.23685097694397,0.597674250602722,4.39385509490967,13.4585695266724,51.154727935791,2.93676805496216,0.619137823581696,0,0,
100,33.39507675,0,0,0,10.38372135,0,3.313807487,0,1.803580046,0,8.650978088,0,2.32840299606323,0.789484083652496,3.24834322929382,0.60111129283905,4.34610319137573,13.4970846176147,51.1791763305664,2.94547748565674,0.62089329957962,0,0,
101,33.537117,0,0,0,10.40748882,0,3.321058989,0,1.805339575,0,8.687638283,0,2.33212351799011,0.790321946144104,3.2595694065094,0.604462027549744,4.30012941360474,13.5352296829224,51.2039604187012,2.95442008972168,0.622606217861176,0,0,
102,33.67910767,0,0,0,10.43128967,0,3.328305721,0,1.807085633,0,8.724306107,0,2.33572936058044,0.791130721569061,3.27053499221802,0.607729017734528,4.25588464736938,13.5730066299438,51.229061126709,2.96356868743896,0.624277830123901,0,0,
103,33.81632614,0,0,0,10.45432472,0,3.335306644,0,1.808761001,0,8.759760857,0,2.33923387527466,0.791914820671082,3.28125309944153,0.610917031764984,4.2133207321167,13.6104173660278,51.2544822692871,2.97290325164795,0.625911176204681,0,0,
104,33.94876862,0,0,0,10.47659302,0,3.342061758,0,1.810367227,0,8.794000626,0,2.34263157844543,0.792671680450439,3.29171967506409,0.614024996757507,4.17238998413086,13.6474647521973,51.2802047729492,2.98239350318909,0.627504885196686,0,0,
105,34.07645035,0,0,0,10.4980917,0,3.348570347,0,1.811905503,0,8.827025414,0,2.34591865539551,0.79340016841888406,3.30193042755127,0.617051959037781,4.13304615020752,13.6841487884521,51.306224822998,2.99201107025146,0.629057884216309,0,0,
106,34.20409393,0,0,0,10.51961517,0,3.355076313,0,1.813433409,0,8.860056877,0,2.34910845756531,0.794105052947998,3.31189775466919,0.620002388954163,4.09524250030518,13.7204732894897,51.3325347900391,3.00173902511597,0.630572974681854,0,0,
107,34.32697296,0,0,0,10.54035854,0,3.361337185,0,1.814894915,0,8.891869545,0,2.35221028327942,0.79478907585144,3.32163262367249,0.622880280017853,4.05893421173096,13.756441116333,51.3591270446777,3.01156163215637,0.632052540779114,0,0,
108,34.44509888,0,0,0,10.56033134,0,3.367354155,0,1.816291571,0,8.922467232,0,2.35521578788757,0.795448958873749,3.3311288356781,0.625683665275574,4.02407693862915,13.7920532226563,51.3859939575195,3.02145385742188,0.633494675159454,0,0,
109,34.56083679,0,0,0,10.57991886,0,3.373247385,0,1.817651868,0,8.952457428,0,2.35812711715698,0.796085476875305,3.34038901329041,0.628413558006287,3.99062705039978,13.8273115158081,51.4131317138672,3.03139615058899,0.634899795055389,0,0,
110,34.67417908,0,0,0,10.59912395,0,3.379017115,0,1.818976521,0,8.98183918,0,2.36095356941223,0.796701967716217,3.34942293167114,0.631073594093323,3.95854187011719,13.8622179031372,51.4405250549316,3.04137563705444,0.636269986629486,0,0,
111,34.78277588,0,0,0,10.6175499,0,3.384543419,0,1.820238471,0,9.010002136,0,2.36369395256042,0.797297596931458,3.35823154449463,0.633664131164551,3.92777919769287,13.8967742919922,51.4681739807129,3.0513744354248,0.6376051902771,0,0,
112,34.88898849,0,0,0,10.63559151,0,3.389947414,0,1.821466446,0,9.037558556,0,2.36634826660156,0.79787236452102706,3.3668155670166,0.636185646057129,3.89829778671265,13.9309825897217,51.4960708618164,3.06137609481812,0.63890540599823,0,0,
113,34.99281693,0,0,0,10.65324116,0,3.395228624,0,1.822660565,0,9.064505577,0,2.3689241409301798,0.798428654670715,3.37518382072449,0.638641119003296,3.87005758285522,13.9648447036743,51.5242004394531,3.07137012481689,0.640172362327576,0,0,
114,35.09425735,0,0,0,10.67050743,0,3.400386572,0,1.823821187,0,9.090843201,0,2.3714265823364298,0.798968136310577,3.38334369659424,0.641033172607422,3.8430187702179,13.998363494873,51.552562713623,3.08134627342224,0.641407489776611,0,0,
115,35.19096756,0,0,0,10.68698215,0,3.405303001,0,1.824922323,0,9.115960121,0,2.37385249137878,0.799489259719849,3.39129424095154,0.643361449241638,3.81714296340942,14.0315399169922,51.5811500549316,3.09128952026367,0.642610251903534,0,0,
116,35.28530121,0,0,0,10.70306683,0,3.410097837,0,1.825991511,0,9.140468597,0,2.37619948387146,0.799991309642792,3.39903450012207,0.645625710487366,3.79239273071289,14.0643749237061,51.6099586486816,3.10118556022644,0.643780052661896,0,0,
117,35.37961197,0,0,0,10.71916199,0,3.414889574,0,1.827055335,0,9.164978981,0,2.37848114967346,0.800478935241699,3.40657925605774,0.647830963134766,3.76873064041138,14.0968723297119,51.6389770507813,3.1110315322876,0.644920289516449,0,0,
118,35.4691925,0,0,0,10.73446655,0,3.419440746,0,1.828061461,0,9.188267708,0,2.38069939613342,0.800952315330505,3.41393399238586,0.649979054927826,3.74612092971802,14.1290340423584,51.6682052612305,3.1208188533783,0.64603179693222,0,0,
119,35.55639267,0,0,0,10.74937344,0,3.423869848,0,1.829036474,0,9.210943222,0,2.3828489780426,0.801409304141998,3.42109537124634,0.652068853378296,3.72452855110168,14.1608610153198,51.6976356506348,3.13053512573242,0.647113442420959,0,0,
120,35.64122772,0,0,0,10.7638855,0,3.428177357,0,1.829980969,0,9.233009338,0,2.38493299484253,0.801851093769073,3.42806839942932,0.654102027416229,3.70391917228699,14.1923561096191,51.7272567749023,3.14017295837402,0.648166120052338,0,0,
121,35.72369003,0,0,0,10.77800941,0,3.432364225,0,1.830895662,0,9.254467964,0,2.38695430755615,0.802278518676758,3.4348578453064,0.656080067157745,3.68425941467285,14.2235202789307,51.7570724487305,3.14972543716431,0.649190664291382,0,0,
122,35.80378342,0,0,0,10.7917347,0,3.436429262,0,1.831780314,0,9.27531147,0,2.38891434669495,0.802692055702209,3.44146776199341,0.658004343509674,3.66551637649536,14.2543563842773,51.7870712280273,3.15918612480164,0.65018767118454,0,0,
123,35.88150787,0,0,0,10.80506706,0,3.440373659,0,1.832635522,0,9.295546532,0,2.39081525802612,0.803092122077942,3.44790148735046,0.659875988960266,3.64765858650208,14.2848653793335,51.8172492980957,3.16854882240295,0.651157677173615,0,0,
124,35.9568634,0,0,0,10.81799603,0,3.444196939,0,1.833461881,0,9.315169334,0,2.39265775680542,0.803478956222534,3.45416212081909,0.661695957183838,3.63065481185913,14.3150491714478,51.847599029541,3.17780804634094,0.652101218700409,0,0,
125,36.0322113,0,0,0,10.83093548,0,3.448019743,0,1.834284902,0,9.334794998,0,2.39445018768311,0.803855180740356,3.46026062965393,0.663467824459076,3.61447501182556,14.3449106216431,51.878116607666,3.18696308135986,0.653020441532135,0,0,
126,36.10283661,0,0,0,10.84307384,0,3.451601505,0,1.835053682,0,9.35319519,0,2.39619135856628,0.804219961166382,3.46619868278503,0.665192067623138,3.59908986091614,14.3744516372681,51.9087982177734,3.19600868225098,0.653915405273438,0,0,
127,36.17345047,0,0,0,10.85521889,0,3.455182791,0,1.83581984,0,9.371594429,0,2.39788031578064,0.804572880268097,3.47197771072388,0.666869103908539,3.58447098731995,14.4036741256714,51.9396362304688,3.20493936538696,0.654786109924316,0,0,
128,36.23934555,0,0,0,10.8665514,0,3.45852375,0,1.836532474,0,9.388768196,0,2.39951634407043,0.804913699626923,3.47759866714478,0.668499231338501,3.57059049606323,14.4325799942017,51.9706268310547,3.21374988555908,0.655632555484772,0,0,
129,36.30524063,0,0,0,10.877901079999999,0,3.461863756,0,1.837242842,0,9.405947685,0,2.40109920501709,0.805242419242859,3.4830629825592,0.670082807540894,3.55742120742798,14.4611701965332,52.001766204834,3.22243571281433,0.656454741954803,0,0,
130,36.3687706,0,0,0,10.88884163,0,3.465083838,0,1.837925553,0,9.422512054,0,2.40263628959656,0.805561304092407,3.48837924003601,0.671622812747955,3.54493713378906,14.489447593689,52.0330467224121,3.23099732398987,0.657254636287689,0,0,
131,36.43228912,0,0,0,10.89978886,0,3.468303204,0,1.838606,0,9.439078331,0,2.40413212776184,0.805871725082397,3.49355602264404,0.673121750354767,3.53311252593994,14.5174140930176,52.0644683837891,3.23943543434143,0.658033728599548,0,0,
132,36.4910965,0,0,0,10.90992737,0,3.4712834359999998,0,1.839234352,0,9.454418182,0,2.40558362007141,0.806172251701355,3.49859189987183,0.674579262733459,3.52192306518555,14.545072555542,52.0960273742676,3.24774527549744,0.658791422843933,0,0,
133,36.54989624,0,0,0,10.92007351,0,3.474261999,0,1.839860916,0,9.469758987,0,2.40698838233948,0.806462109088898,3.50348663330078,0.675994992256165,3.51134443283081,14.5724239349365,52.1277160644531,3.25592279434204,0.659527242183685,0,0,
134,36.6063385,0,0,0,10.92981911,0,3.477121592,0,1.840460658,0,9.484488487,0,2.40835165977478,0.806743144989014,3.5082471370697,0.677371263504028,3.50135326385498,14.5994701385498,52.1595268249512,3.26396870613098,0.660242855548859,0,0,
135,36.66277313,0,0,0,10.93955803,0,3.479978561,0,1.841058612,0,9.499215126,0,2.40967726707459,0.807016432285309,3.5128800868988,0.678710222244263,3.49192690849304,14.6262140274048,52.191463470459,3.27188420295715,0.660939395427704,0,0,
136,36.71450424,0,0,0,10.94850063,0,3.482599258,0,1.841605425,0,9.512720108,0,2.41096115112305,0.807280302047729,3.51738309860229,0.680011034011841,3.4830436706543,14.6526575088501,52.2235145568848,3.27966499328613,0.661616027355194,0,0,
137,36.76622391,0,0,0,10.95744228,0,3.485218525,0,1.842150688,0,9.526222229,0,2.4122006893158,0.807533919811249,3.52175450325012,0.681272864341736,3.47468185424805,14.6788015365601,52.2556762695313,3.28730702400208,0.662272155284882,0,0,
138,36.81793976,0,0,0,10.96638584,0,3.487836361,0,1.84269464,0,9.539725304,0,2.41340756416321,0.807781338691711,3.52600836753845,0.68250048160553,3.46682119369507,14.7046489715576,52.2879486083984,3.29481673240662,0.662910878658295,0,0,
139,36.86730194,0,0,0,10.97492123,0,3.490334988,0,1.843212605,0,9.552616119,0,2.41458344459534,0.808022618293762,3.53014945983887,0.683695316314697,3.45944142341614,14.7302017211914,52.3203239440918,3.30219507217407,0.663532972335815,0,0,
140,36.91430664,0,0,0,10.98305702,0,3.492714643,0,1.84370482,0,9.564891815,0,2.41572237014771,0.808255553245544,3.53417348861694,0.684855997562408,3.45252323150635,14.7554616928101,52.3528022766113,3.30943822860718,0.664137244224548,0,0,
141,36.96130753,0,0,0,10.99119473,0,3.495092869,0,1.844195843,0,9.577169418,0,2.41682720184326,0.808481156826019,3.53808546066284,0.685983896255493,3.44604802131653,14.7804317474365,52.3853797912598,3.31654691696167,0.66472464799881,0,0,
142,37.00595474,0,0,0,10.99893093,0,3.4973526,0,1.844661355,0,9.588835716,0,2.4179003238678,0.808700144290924,3.54188966751099,0.687080323696136,3.43999767303467,14.8051137924194,52.4180526733398,3.32352256774902,0.665295779705048,0,0,
143,37.05059814,0,0,0,11.00666428,0,3.499612093,0,1.845125675,0,9.600500107,0,2.41894316673279,0.808912694454193,3.54558968544006,0.688146412372589,3.43435454368591,14.8295097351074,52.4508171081543,3.3303656578064,0.665851354598999,0,0,
144,37.09288788,0,0,0,11.01399422,0,3.501750946,0,1.845564842,0,9.611552238,0,2.41995692253113,0.809119164943695,3.54918837547302,0.689183175563812,3.42910170555115,14.8536224365234,52.4836654663086,3.33707809448242,0.666391849517822,0,0,
145,37.13282394,0,0,0,11.02091503,0,3.503771544,0,1.845978618,0,9.62198925,0,2.42093515396118,0.809317469596863,3.55268096923828,0.690188705921173,3.42422270774841,14.8774528503418,52.5165977478027,3.34365510940552,0.666915714740753,0,0,
146,37.17276001,0,0,0,11.02784348,0,3.505791664,0,1.846391797,0,9.632428169,0,2.42188048362732,0.809508621692657,3.55607056617737,0.691164135932922,3.41970181465149,14.9010038375854,52.5496101379395,3.35009813308716,0.667423665523529,0,0,
147,37.21268463,0,0,0,11.03477097,0,3.507811069,0,1.846804023,0,9.642866135,0,2.42280197143555,0.809695482254028,3.55936813354492,0.692113101482391,3.41552329063416,14.924277305603,52.5827026367188,3.35641312599182,0.66791820526123,0,0,
148,37.25027084,0,0,0,11.04129505,0,3.509712458,0,1.847191334,0,9.652692795,0,2.42369890213013,0.809877574443817,3.56257605552673,0.693036139011383,3.41167235374451,14.9472751617432,52.6158676147461,3.3626012802124,0.668399572372437,0,0,
149,37.28549194,0,0,0,11.04740906,0,3.511493206,0,1.84755373,0,9.661901474,0,2.42456388473511,0.810052096843719,3.56568813323975,0.693930983543396,3.40813493728638,14.9699993133545,52.6491012573242,3.3686580657959,0.668865919113159,0,0,
150,37.32306671,0,0,0,11.05393219,0,3.513393164,0,1.84793973,0,9.671728134,0,2.42540574073792,0.810222208499908,3.5687141418457,0.694801032543182,3.4048969745636,14.9924516677856,52.6823997497559,3.37458968162537,0.6693195104599,0,0,
151,37.35594177,0,0,0,11.0596447,0,3.515054703,0,1.848276854,0,9.680325508,0,2.42622375488281,0.810387551784515,3.57165551185608,0.695646584033966,3.40194487571716,15.0146360397339,52.7157669067383,3.38039660453796,0.669760465621948,0,0,
152,37.39116287,0,0,0,11.06576729,0,3.516835928,0,1.848637462,0,9.689538002,0,2.42701721191406,0.810547590255737,3.57451343536377,0.696467995643616,3.39926600456238,15.0365533828735,52.749195098877,3.38607978820801,0.670188844203949,0,0,
153,37.42403412,0,0,0,11.07147694,0,3.518497467,0,1.848973513,0,9.69813633,0,2.42779302597046,0.81070464849472,3.57729721069336,0.697268128395081,3.39684772491455,15.0582065582275,52.7826805114746,3.39164519309998,0.670606672763824,0,0,
154,37.4545517,0,0,0,11.07678413,0,3.520040751,0,1.849285126,0,9.706120491,0,2.42854189872742,0.810855329036713,3.57999849319458,0.698044121265411,3.39467835426331,15.0795974731445,52.816219329834,3.39708781242371,0.671011686325073,0,0,
155,37.48507309,0,0,0,11.08209229,0,3.52158308,0,1.849596143,0,9.71410656,0,2.42926406860352,0.810999989509583,3.58261799812317,0.698796331882477,3.39274597167969,15.1007280349731,52.8498153686523,3.40240836143494,0.67140394449234,0,0,
156,37.51559067,0,0,0,11.08740425,0,3.523125648,0,1.849906921,0,9.722092628,0,2.42996692657471,0.811141192913055,3.58516502380371,0.699527561664581,3.39103984832764,15.121600151062,52.8834609985352,3.40761208534241,0.671785473823547,0,0,
157,37.54375839,0,0,0,11.09230328,0,3.524549723,0,1.850193381,0,9.729463577,0,2.43064880371094,0.811278104782104,3.58763861656189,0.700237631797791,3.38954877853394,15.1422166824341,52.9171485900879,3.41269993782043,0.672156035900116,0,0,
158,37.5719223,0,0,0,11.09720325,0,3.525972843,0,1.850479245,0,9.736832619,0,2.43130850791931,0.811410248279572,3.59003901481628,0.700926423072815,3.38826251029968,15.1625785827637,52.9508819580078,3.41767168045044,0.672515332698822,0,0,
159,37.60009003,0,0,0,11.10210037,0,3.527395248,0,1.850764871,0,9.744203568,0,2.43195176124573,0.811539471149445,3.59237408638,0.701596558094025,3.38717079162598,15.182689666748,52.9846534729004,3.4225332736969,0.672865152359009,0,0,
160,37.62590408,0,0,0,11.1065979,0,3.528699875,0,1.851026297,0,9.75096035,0,2.43257641792297,0.811664819717407,3.59464287757874,0.702247560024261,3.38626432418823,15.2025508880615,53.0184707641602,3.42728471755981,0.673205077648163,0,0,
161,37.65171814,0,0,0,11.11109543,0,3.53000474,0,1.851287603,0,9.757718086,0,2.43318057060242,0.811785638332367,3.59684467315674,0.702879071235657,3.38553357124329,15.2221641540527,53.0523223876953,3.43192577362061,0.673534631729126,0,0,
162,37.6775322,0,0,0,11.11559105,0,3.531309128,0,1.851548314,0,9.764475822,0,2.43376994132996,0.811903774738312,3.59898686408997,0.703493416309357,3.38496971130371,15.2415342330933,53.0862083435059,3.43646168708801,0.673855543136597,0,0,
163,37.70100021,0,0,0,11.11967564,0,3.532494068,0,1.851785183,0,9.770618439,0,2.43434119224548,0.812018036842346,3.60106730461121,0.704090058803558,3.38456439971924,15.2606611251831,53.1201248168945,3.44089221954346,0.674167156219482,0,0,
164,37.72446442,0,0,0,11.12376499,0,3.533679247,0,1.852021694,0,9.776762009,0,2.43489265441895,0.812127947807312,3.60308480262756,0.704668343067169,3.38430905342102,15.2795476913452,53.1540756225586,3.44521713256836,0.674468994140625,0,0,
165,37.7479248,0,0,0,11.12785435,0,3.534864902,0,1.852257967,0,9.782905579,0,2.43542957305908,0.812235236167908,3.60504603385925,0.705230593681335,3.38419580459595,15.2981958389282,53.188045501709,3.44944167137146,0.674762666225433,0,0,
166,37.76904297,0,0,0,11.13153648,0,3.535931826,0,1.852470398,0,9.788434982,0,2.43594932556152,0.812338709831238,3.60694932937622,0.70577597618103,3.38421702384949,15.3166074752808,53.2220420837402,3.45356488227844,0.675047397613525,0,0,
167,37.79015732,0,0,0,11.13521671,0,3.536997795,0,1.85268271,0,9.793963432,0,2.4364492893219,0.812437832355499,3.6087923049926798,0.706303834915161,3.38436555862427,15.3347854614258,53.2560615539551,3.45758676528931,0.675322771072388,0,0,
168,37.811271669999996,0,0,0,11.13889694,0,3.538064003,0,1.852894664,0,9.799492836,0,2.43693494796753,0.812534391880035,3.61058211326599,0.70681631565094,3.38463377952576,15.3527297973633,53.2901039123535,3.46151208877563,0.675590097904205,0,0,
169,37.83238602,0,0,0,11.14258003,0,3.539130926,0,1.853106618,0,9.805023193,0,2.43741059303284,0.812629461288452,3.61232423782349,0.707315325737,3.38501524925232,15.3704452514648,53.324161529541,3.46534514427185,0.675850749015808,0,0,
170,37.85115051,0,0,0,11.14585018,0,3.540078163,0,1.85329473,0,9.809937477,0,2.4378719329834,0.812721431255341,3.61401557922363,0.707799792289734,3.38550353050232,15.3879327774048,53.3582344055176,3.46908521652222,0.67610377073288,0,0,
171,37.87226486,0,0,0,11.14953041,0,3.541143894,0,1.853506088,0,9.815466881,0,2.4383225440979,0.812811613082886,3.61566162109375,0.708271443843842,3.3860924243927,15.4051952362061,53.3923225402832,3.47273683547974,0.676350355148315,0,0,
172,37.88868713,0,0,0,11.15239716,0,3.541973829,0,1.853670478,0,9.819768906,0,2.43875861167908,0.812898457050323,3.61725950241089,0.708729147911072,3.38677573204041,15.4222345352173,53.4264221191406,3.47629880905151,0.676589548587799,0,0,
173,37.90744781,0,0,0,11.15567207,0,3.542920828,0,1.853858113,0,9.824683189,0,2.43917727470398,0.812981247901917,3.61880612373352,0.709171891212463,3.38754796981812,15.4390525817871,53.4605293273926,3.47977042198181,0.676820635795593,0,0,
174,37.92621231,0,0,0,11.15894604,0,3.54386878,0,1.85404551,0,9.829598427,0,2.43959021568298,0.81306380033493,3.62031507492065,0.709604203701019,3.38840341567993,15.4556512832642,53.4946441650391,3.48316097259521,0.677046775817871,0,0,
175,37.94263077,0,0,0,11.16180992,0,3.544697285,0,1.854209423,0,9.833900452,0,2.43999218940735,0.813144087791443,3.6217827796936,0.71002459526062,3.38933682441711,15.4720344543457,53.5287666320801,3.48646903038025,0.677266836166382,0,0,
176,37.95904922,0,0,0,11.16467762,0,3.545526028,0,1.854373217,0,9.838200569,0,2.44037914276123,0.813220798969269,3.6232054233551,0.710431814193726,3.3903431892395,15.4882030487061,53.5628967285156,3.48969340324402,0.677479803562164,0,0,
177,37.97546387,0,0,0,11.1675415,0,3.546354771,0,1.8545367719999999,0,9.84250164,0,2.44075536727905,0.813295364379883,3.62458753585815,0.710827529430389,3.39141774177551,15.5041599273682,53.5970230102539,3.49283790588379,0.677686750888824,0,0,
178,37.98953629,0,0,0,11.17000198,0,3.547065973,0,1.854676962,0,9.846189499,0,2.44111680984497,0.813366591930389,3.62592554092407,0.711210370063782,3.39255571365356,15.5199060440063,53.6311531066895,3.49590134620667,0.677886724472046,0,0,
179,38.00595474,0,0,0,11.17286682,0,3.547893763,0,1.854840398,0,9.85049057,0,2.44146752357483,0.813435912132263,3.6272246837616,0.711581945419312,3.39375281333923,15.5354433059692,53.665283203125,3.49888730049133,0.678080856800079,0,0,
180,38.02002335,0,0,0,11.17532349,0,3.548604727,0,1.85498035,0,9.854176521,0,2.44181036949158,0.813504040241241,3.62848854064941,0.711943566799164,3.3950047492981,15.5507745742798,53.6994094848633,3.50179958343506,0.678269982337952,0,0,
181,38.03409195,0,0,0,11.17778111,0,3.549314976,0,1.855120301,0,9.857863426,0,2.44214081764221,0.813569307327271,3.62971305847168,0.712293803691864,3.39630722999573,15.5659027099609,53.733528137207,3.50463652610779,0.678452968597412,0,0,
182,38.04816437,0,0,0,11.18023968,0,3.550024986,0,1.855260015,0,9.861552238,0,2.44246220588684,0.813632905483246,3.6309027671814,0.712634027004242,3.39765644073486,15.580828666687,53.7676391601563,3.50740170478821,0.678630769252777,0,0,
183,38.06223297,0,0,0,11.1826973,0,3.550734997,0,1.855399728,0,9.86523819,0,2.44277715682983,0.81369549036026,3.63206100463867,0.712965369224548,3.39904880523682,15.595555305481,53.8017463684082,3.510098695755,0.678804218769073,0,0,
184,38.07395554,0,0,0,11.18474388,0,3.551326752,0,1.855515838,0,9.868309975,0,2.44308018684387,0.81375539302825906,3.6331832408905,0.713286280632019,3.40048098564148,15.6100835800171,53.8358421325684,3.51272511482239,0.678971946239471,0,0,
185,38.08802795,0,0,0,11.18719864,0,3.552037001,0,1.855655551,0,9.87199688,0,2.44337463378906,0.81381368637085,3.63427305221558,0.713598012924194,3.40194916725159,15.6244163513184,53.8699226379395,3.51528453826904,0.679134964942932,0,0,
186,38.0997467,0,0,0,11.18924618,0,3.552628517,0,1.855771542,0,9.875068665,0,2.44366312026978,0.813871026039124,3.63533425331116,0.713901698589325,3.40345025062561,15.638557434082,53.903995513916,3.51777982711792,0.679293930530548,0,0,
187,38.11147308,0,0,0,11.19130039,0,3.553220272,0,1.855887771,0,9.878142357,0,2.44394040107727,0.813925683498383,3.63636183738709,0.714195549488068,3.40498113632202,15.6525068283081,53.9380531311035,3.52020931243896,0.67944753170013406,0,0,
188,38.12319946,0,0,0,11.19335079,0,3.553812742,0,1.856004,0,9.881217003,0,2.44420957565308,0.813978731632233,3.63735961914063,0.714480817317963,3.40653920173645,15.6662664413452,53.972095489502,3.52257561683655,0.679596722126007,0,0,
189,38.13492203,0,0,0,11.19539833,0,3.554403782,0,1.85612011,0,9.884289742,0,2.4444727897644,0.814030945301056,3.63833045959473,0.714758515357971,3.40812110900879,15.6798400878906,54.0061149597168,3.52488207817078,0.679742097854614,0,0,
190,38.14429855,0,0,0,11.19703197,0,3.554877043,0,1.856212616,0,9.886746407,0,2.44472479820251,0.814080417156219,3.63926959037781,0.715026915073395,3.40972471237183,15.6932277679443,54.0401191711426,3.52712607383728,0.679882287979126,0,0,
191,38.15602112,0,0,0,11.19908333,0,3.555468082,0,1.856328487,0,9.889820099,0,2.44496870040894,0.814128339290619,3.64017987251282,0.715287089347839,3.41134715080261,15.706431388855,54.0741004943848,3.52931070327759,0.680018126964569,0,0,
192,38.16539764,0,0,0,11.20072365,0,3.555942059,0,1.856421351,0,9.892277718,0,2.44520664215088,0.814175307750702,3.64106488227844,0.715539991855621,3.41298604011536,15.7194557189941,54.1080627441406,3.53143882751465,0.680150330066681,0,0,
193,38.17477798,0,0,0,11.20236778,0,3.556415319,0,1.856513858,0,9.894737244,0,2.4454333782196,0.81421959400177,3.64191889762878,0.715783894062042,3.41463923454285,15.7322988510132,54.1419982910156,3.53350782394409,0.680277526378632,0,0,
194,38.18415451,0,0,0,11.20400047,0,3.556887865,0,1.856606483,0,9.897193909,0,2.44565224647522,0.814262390136719,3.64274573326111,0.716019809246063,3.41630411148071,15.7449645996094,54.175910949707,3.53552055358887,0.680400431156158,0,0,
195,38.19352722,0,0,0,11.20564175,0,3.557361364,0,1.85669899,0,9.899651527,0,2.44586539268494,0.814304292201996,3.64354777336121,0.716248750686646,3.4179790019989,15.7574548721313,54.2098007202148,3.53747940063477,0.680519700050354,0,0,
196,38.20290375,0,0,0,11.20727825,0,3.557834625,0,1.856791496,0,9.902108192,0,2.44607424736023,0.814345598220825,3.64432811737061,0.716471552848816,3.41966152191162,15.7697706222534,54.2436561584473,3.53938746452332,0.680635988712311,0,0,
197,38.21228409,0,0,0,11.2089262,0,3.558307886,0,1.856884003,0,9.904569626,0,2.44628000259399,0.814386546611786,3.6450891494751,0.716688990592957,3.4213502407074,15.7819147109985,54.2774887084961,3.54124665260315,0.680749714374542,0,0,
198,38.22166061,0,0,0,11.21055984,0,3.55878067,0,1.85697639,0,9.907026291,0,2.44648385047913,0.814427375793457,3.64583253860474,0.716901659965515,3.4230432510376,15.793890953064,54.3112945556641,3.54305958747864,0.680861294269562,0,0,
199,38.2286911,0,0,0,11.21178913,0,3.559135199,0,1.85704577,0,9.90886879,0,2.44667887687683,0.814465939998627,3.64655232429504,0.717107474803925,3.42473888397217,15.8057012557983,54.3450660705566,3.54482316970825,0.680969059467316,0,0,
200,38.23807144,0,0,0,11.2134304,0,3.559608459,0,1.857138038,0,9.911328316,0,2.44686770439148,0.814503192901611,3.64725089073181,0.717307269573212,3.42643547058105,15.8173446655273,54.3788070678711,3.54653978347778,0.681073665618896,0,0,
201,38.24510193,0,0,0,11.21466351,0,3.559963703,0,1.857207298,0,9.913172722,0,2.4470522403717,0.814539670944214,3.64793109893799,0.717501759529114,3.42813181877136,15.8288259506226,54.4125137329102,3.54821133613586,0.681175649166107,0,0,
202,38.25213242,0,0,0,11.21588993,0,3.560317755,0,1.85727644,0,9.915014267,0,2.44722676277161,0.814573585987091,3.64858651161194,0.717688858509064,3.42982649803162,15.840145111084,54.4461860656738,3.54983496665955,0.681273400783539,0,0,
203,38.25916672,0,0,0,11.21712303,0,3.560672522,0,1.8573457,0,9.91686058,0,2.44739365577698,0.814605951309204,3.64921975135803,0.717869460582733,3.43151783943176,15.8513031005859,54.4798202514648,3.55141305923462,0.681367635726929,0,0,
204,38.2661972,0,0,0,11.21835232,0,3.561027527,0,1.857414842,0,9.918703079,0,2.44755554199219,0.81463748216629,3.64983320236206,0.718044400215149,3.43320488929749,15.8623027801514,54.5134201049805,3.5529477596283,0.681458830833435,0,0,
205,38.27322769,0,0,0,11.21958256,0,3.561382294,0,1.857484102,0,9.920546532,0,2.44771385192871,0.814668476581573,3.65042877197266,0.718214333057404,3.43488621711731,15.8731460571289,54.5469818115234,3.55444097518921,0.681547462940216,0,0,
206,38.28025818,0,0,0,11.2208128,0,3.561737061,0,1.857553124,0,9.922389984,0,2.44786906242371,0.814699232578278,3.65100860595703,0.71837991476059,3.43656063079834,15.8838357925415,54.5805053710938,3.55589461326599,0.68163400888443,0,0,
207,38.28729248,0,0,0,11.22204208,0,3.562091589,0,1.857622266,0,9.92423439,0,2.44802236557007,0.814729809761047,3.65157437324524,0.71854156255722,3.43822717666626,15.8943729400635,54.6139907836914,3.55731081962585,0.681718707084656,0,0,
208,38.29432297,0,0,0,11.22327232,0,3.562446833,0,1.857691288,0,9.926076889,0,2.44817423820496,0.814760267734528,3.65212750434875,0.718699872493744,3.43988490104675,15.9047622680664,54.6474342346191,3.55869126319885,0.681801855564117,0,0,
209,38.29901123,0,0,0,11.22409439,0,3.562683105,0,1.857737422,0,9.927308083,0,2.44831824302673,0.814788460731506,3.65266180038452,0.718852519989014,3.44153308868408,15.9150018692017,54.680835723877,3.5600323677063,0.681881785392761,0,0,
210,38.30604553,0,0,0,11.22532368,0,3.563038349,0,1.857806444,0,9.929152489,0,2.44845652580261,0.814815402030945,3.65317893028259,0.719000220298767,3.44317054748535,15.9250936508179,54.7141952514648,3.56133604049683,0.68195903301239,0,0,
211,38.31072998,0,0,0,11.2261467,0,3.563274622,0,1.85785234,0,9.930380821,0,2.44859075546265,0.814841687679291,3.65368056297302,0.719143450260162,3.4447968006134,15.9350414276123,54.7475128173828,3.56260418891907,0.682034015655518,0,0,
212,38.31776428,0,0,0,11.22737694,0,3.563628912,0,1.8579216,0,9.932226181,0,2.44872188568115,0.814867556095123,3.65416884422302,0.719282865524292,3.4464111328125,15.944845199585,54.7807846069336,3.56383800506592,0.682107031345367,0,0,
213,38.32244873,0,0,0,11.22819233,0,3.563865185,0,1.857967377,0,9.933452606,0,2.44885087013245,0.814893126487732,3.65464472770691,0.719418883323669,3.44801259040833,15.9545087814331,54.8140106201172,3.56503963470459,0.682178378105164,0,0,
214,38.32948303,0,0,0,11.22942543,0,3.564219713,0,1.858036518,0,9.93529892,0,2.44897842407227,0.814918518066406,3.65510964393616,0.719551920890808,3.4496009349823,15.9640340805054,54.8471946716309,3.5662100315094,0.682248294353485,0,0,
215,38.33416748,0,0,0,11.23024845,0,3.564456701,0,1.858082414,0,9.936527252,0,2.44910478591919,0.814943850040436,3.65556502342224,0.719682395458221,3.45117545127869,15.9734201431274,54.8803291320801,3.56735110282898,0.682317078113556,0,0,
216,38.33885193,0,0,0,11.23106766,0,3.564692497,0,1.858128428,0,9.937755585,0,2.449223279953,0.814967036247253,3.65600395202637,0.719807803630829,3.45273542404175,15.9826707839966,54.9134140014648,3.56845903396606,0.682382941246033,0,0,
217,38.34354401,0,0,0,11.23188877,0,3.564929724,0,1.858174324,0,9.938985825,0,2.4493362903595,0.814988911151886,3.65642762184143,0.719928801059723,3.45428037643433,15.9917860031128,54.9464530944824,3.56953549385071,0.682446300983429,0,0,
218,38.34822845,0,0,0,11.23270893,0,3.565165281,0,1.858220339,0,9.940215111,0,2.44944548606873,0.815010011196136,3.65683817863464,0.720045983791351,3.45581007003784,16.000768661499,54.9794425964355,3.57058167457581,0.682507574558258,0,0,
219,38.3529129,0,0,0,11.23352814,0,3.565401793,0,1.858266115,0,9.941443443,0,2.4495515823364298,0.815030753612518,3.6572368144989,0.720159709453583,3.45732378959656,16.0096206665039,55.012378692627,3.57159924507141,0.682567119598389,0,0,
220,38.35760498,0,0,0,11.23435307,0,3.565639257,0,1.85831213,0,9.942672729,0,2.44965553283691,0.815051198005676,3.6576247215271,0.72027051448822,3.45882129669189,16.0183429718018,55.0452690124512,3.57258939743042,0.682625114917755,0,0,
221,38.36228943,0,0,0,11.23516846,0,3.565874815,0,1.858357906,0,9.943902969,0,2.44975805282593,0.815071582794189,3.65800309181213,0.720378696918488,3.46030211448669,16.0269355773926,55.0781059265137,3.57355356216431,0.682681918144226,0,0,
222,38.36463165,0,0,0,11.23558331,0,3.565994024,0,1.858381033,0,9.944517136,0,2.44985270500183,0.815089702606201,3.65836477279663,0.720481872558594,3.46176600456238,16.0354022979736,55.1108894348145,3.57448768615723,0.682735741138458,0,0,
223,38.36932373,0,0,0,11.23640251,0,3.566229582,0,1.858426929,0,9.945748329,0,2.44994163513184,0.815106570720673,3.6587119102478,0.720580637454987,3.46321272850037,16.0437431335449,55.1436195373535,3.57539296150208,0.682787001132965,0,0,
224,38.37400436,0,0,0,11.23722172,0,3.566465855,0,1.858472824,0,9.946974754,0,2.45003318786621,0.815124809741974,3.65905380249023,0.720678269863129,3.4646418094635,16.0519638061523,55.1762924194336,3.57627654075623,0.682838022708893,0,0,
225,38.3763504,0,0,0,11.23763275,0,3.56658411,0,1.858495831,0,9.947590828,0,2.45011973381042,0.815141677856445,3.65938305854797,0.72077214717865,3.46605324745178,16.0600605010986,55.2089157104492,3.5771336555481,0.682886958122253,0,0,
226,38.38103867,0,0,0,11.23845196,0,3.566820621,0,1.858541489,0,9.948820114,0,2.45020294189453,0.815157830715179,3.6597011089325,0.720862746238709,3.46744656562805,16.0680370330811,55.2414817810059,3.57796597480774,0.682934165000916,0,0,
227,38.38572311,0,0,0,11.23927784,0,3.56705761,0,1.858587503,0,9.950050354,0,2.45029044151306,0.815175652503967,3.66001725196838,0.720953166484833,3.46882176399231,16.0758953094482,55.2739944458008,3.57877945899963,0.682981789112091,0,0,
228,38.38806915,0,0,0,11.2396822,0,3.567174911,0,1.8586103919999999,0,9.950663567,0,2.45037412643433,0.815192341804504,3.66032338142395,0.721040725708008,3.47017860412598,16.0836391448975,55.3064498901367,3.57957005500793,0.683027863502502,0,0,
229,38.39041138,0,0,0,11.24009705,0,3.567294121,0,1.85863328,0,9.95127964,0,2.45044803619385,0.815206170082092,3.66061305999756,0.721123099327087,3.47151708602905,16.0912666320801,55.3388481140137,3.58033394813538,0.683070600032806,0,0,
230,38.39509964,0,0,0,11.24091625,0,3.567529678,0,1.858679056,0,9.952508926,0,2.45052218437195,0.815220475196838,3.66089558601379,0.721203625202179,3.47283697128296,16.0987796783447,55.3711891174316,3.58107733726501,0.683112561702728,0,0,
231,38.39744186,0,0,0,11.24132729,0,3.567648172,0,1.858702064,0,9.953124046,0,2.45059609413147,0.815235137939453,3.66117215156555,0.721282422542572,3.4741382598877,16.10618019104,55.4034729003906,3.58180093765259,0.683153748512268,0,0,
232,38.40212631,0,0,0,11.24214649,0,3.567884445,0,1.85874784,0,9.954350471,0,2.45067000389099,0.815249979496002,3.66144275665283,0.72135978937149,3.47542071342468,16.113468170166,55.4356956481934,3.58250594139099,0.68319433927536,0,0,
233,38.40446854,0,0,0,11.24256134,0,3.568002701,0,1.858770728,0,9.954967499,0,2.45074415206909,0.815264999866486,3.66170859336853,0.721435904502869,3.47668480873108,16.1206493377686,55.4678611755371,3.58319306373596,0.683234512805939,0,0,
234,38.40681839,0,0,0,11.2429657,0,3.56812048,0,1.858793736,0,9.955581665,0,2.45081114768982,0.815277934074402,3.66196203231812,0.721508204936981,3.47793006896973,16.127721786499,55.4999656677246,3.58385825157166,0.683272361755371,0,0,
235,38.40916061,0,0,0,11.24338055,0,3.568239212,0,1.858816624,0,9.956197739,0,2.45087313652039,0.815289676189423,3.66220426559448,0.721577167510986,3.47915649414063,16.1346874237061,55.5320053100586,3.58450222015381,0.683308124542236,0,0,
236,38.41149902,0,0,0,11.2437849,0,3.568356514,0,1.858839393,0,9.956809044,0,2.45093154907227,0.815300643444061,3.66243648529053,0.721643149852753,3.48036432266235,16.1415481567383,55.5639839172363,3.58512616157532,0.683342218399048,0,0,
237,38.41618729,0,0,0,11.24460697,0,3.568593264,0,1.858885169,0,9.958040237,0,2.45099449157715,0.815313339233398,3.66266775131226,0.721709251403809,3.48155355453491,16.1483039855957,55.5959014892578,3.58573627471924,0.683376848697662,0,0,
238,38.41852951,0,0,0,11.24502182,0,3.568712234,0,1.858908057,0,9.958654404,0,2.45106029510498,0.815326988697052,3.66289854049683,0.72177541255950906,3.48272371292114,16.1549587249756,55.627758026123,3.58633303642273,0.683411955833435,0,0,
239,38.42087555,0,0,0,11.24543095,0,3.568829536,0,1.858931065,0,9.959270477,0,2.45112156867981,0.815339088439941,3.66312074661255,0.721839010715485,3.48387575149536,16.1615123748779,55.659553527832,3.58691215515137,0.683445513248444,0,0,
240,38.42321777,0,0,0,11.24584103,0,3.568948507,0,1.858954072,0,9.95988369,0,2.45117950439453,0.815350413322449,3.66333532333374,0.721900284290314,3.48500919342041,16.16796875,55.6912841796875,3.58747410774231,0.683477759361267,0,0,
241,38.42556,0,0,0,11.2462492,0,3.569066286,0,1.858976841,0,9.96049881,0,2.45123505592346,0.815361142158508,3.66354274749756,0.72195953130722,3.48612427711487,16.1743259429932,55.7229537963867,3.58801960945129,0.683508813381195,0,0,
242,38.42790222,0,0,0,11.24666119,0,3.569183826,0,1.858999729,0,9.961112976,0,2.45128893852234,0.815371632575989,3.66374373435974,0.722016990184784,3.48722100257874,16.1805877685547,55.7545547485352,3.58854985237122,0.683538973331451,0,0,
243,38.430244449999996,0,0,0,11.24706841,0,3.56930232,0,1.859022498,0,9.961726189,0,2.45134139060974,0.81538188457489,3.66393947601318,0.722072899341583,3.48829960823059,16.1867542266846,55.7860908508301,3.58906531333923,0.683568298816681,0,0,
244,38.43258667,0,0,0,11.24748325,0,3.569421291,0,1.859045506,0,9.962341309,0,2.45139312744141,0.815392017364502,3.66413021087646,0.722127437591553,3.48936009407043,16.1928253173828,55.8175659179688,3.58956694602966,0.683596968650818,0,0,
245,38.43493652,0,0,0,11.24789143,0,3.569538832,0,1.859068274,0,9.962957382,0,2.45144414901733,0.815402150154114,3.66431665420532,0.722180724143982,3.49040269851685,16.1988048553467,55.8489723205566,3.59005522727966,0.683625042438507,0,0,
246,38.43493652,0,0,0,11.24789143,0,3.569538832,0,1.859068274,0,9.962957382,0,2.45148777961731,0.815410077571869,3.66449093818665,0.722230315208435,3.4914274215698202,16.2046909332275,55.880313873291,3.59052562713623,0.683650672435761,0,0,
247,38.43727493,0,0,0,11.24830341,0,3.56965661,0,1.859091163,0,9.9635715480000009,0,2.45152592658997,0.815416812896729,3.66465449333191,0.722276568412781,3.49243426322937,16.2104873657227,55.9115905761719,3.5909788608551,0.683674335479736,0,0,
248,38.43962097,0,0,0,11.24870968,0,3.569774866,0,1.85911417,0,9.964185715,0,2.45156717300415,0.815424919128418,3.6648166179657,0.722322583198547,3.49342346191406,16.216194152832,55.942798614502,3.59142112731934,0.683698117733002,0,0,
249,38.441963199999996,0,0,0,11.24912548,0,3.569893122,0,1.859136939,0,9.964801788,0,2.45161080360413,0.81543385982513406,3.66497755050659,0.722368478775024,3.4943950176239,16.2218132019043,55.9739418029785,3.59185314178467,0.683722078800201,0,0,
250,38.44430542,0,0,0,11.24953938,0,3.570012093,0,1.859159827,0,9.965416908,0,2.45165586471558,0.815443277359009,3.66513729095459,0.722414195537567,3.49534940719604,16.2273445129395,56.0050163269043,3.5922749042511,0.68374627828598,0,0,
251,38.44430542,0,0,0,11.24953938,0,3.570012093,0,1.859159827,0,9.965416908,0,2.45169520378113,0.815450847148895,3.66528797149658,0.722457051277161,3.49628663063049,16.2327919006348,56.0360221862793,3.59268188476563,0.683768630027771,0,0,
252,38.44665146,0,0,0,11.24994469,0,3.570129395,0,1.859182715,0,9.966030121,0,2.45173072814941,0.815457284450531,3.66543054580688,0.722497463226318,3.4972071647644,16.2381534576416,56.0669593811035,3.59307456016541,0.683789432048798,0,0,
253,38.44899368,0,0,0,11.25035954,0,3.570247889,0,1.859205604,0,9.966646194,0,2.45176982879639,0.815465271472931,3.66557383537292,0.72253835201263406,3.49811053276062,16.2434329986572,56.0978317260742,3.5934591293335,0.683810889720917,0,0,
254,38.45133591,0,0,0,11.25076389,0,3.570366144,0,1.859228492,0,9.967259407,0,2.45181179046631,0.815474092960358,3.66571760177612,0.722579658031464,3.49899744987488,16.2486305236816,56.1286354064941,3.59383583068848,0.683832883834839,0,0,
255,38.45133591,0,0,0,11.25076389,0,3.570366144,0,1.859228492,0,9.967259407,0,2.45184922218323,0.81548136472702,3.66585373878479,0.722618699073792,3.49986815452576,16.2537479400635,56.159366607666,3.59420037269592,0.683853387832642,0,0,
256,38.45367813,0,0,0,11.25117779,0,3.5704844,0,1.859251261,0,9.967874527,0,2.45188283920288,0.815487623214722,3.6659836769104,0.722655713558197,3.50072240829468,16.2587871551514,56.1900291442871,3.59455275535584,0.683872640132904,0,0,
257,38.45367813,0,0,0,11.25117779,0,3.5704844,0,1.859251261,0,9.967874527,0,2.45191407203674,0.815493404865265,3.66610765457153,0.72269093990325906,3.5015606880188,16.2637462615967,56.2206230163574,3.59489345550537,0.683890879154205,0,0,
258,38.45602036,0,0,0,11.25158596,0,3.570602655,0,1.859274149,0,9.968488693,0,2.45194339752197,0.815498828887939,3.6662263870239298,0.722724556922913,3.50238299369812,16.268627166748,56.251148223877,3.59522342681885,0.683908224105835,0,0,
259,38.45836258,0,0,0,11.25199795,0,3.570720196,0,1.859297037,0,9.969103813,0,2.45197820663452,0.815506219863892,3.66634821891785,0.722759485244751,3.50318956375122,16.2734336853027,56.2816009521484,3.595547914505,0.683926701545715,0,0,
260,38.45836258,0,0,0,11.25199795,0,3.570720196,0,1.859297037,0,9.969103813,0,2.45201015472412,0.815512537956238,3.66646528244019,0.72279292345047,3.50398063659668,16.2781639099121,56.3119850158691,3.59586238861084,0.683944284915924,0,0,
261,38.46070862,0,0,0,11.25240517,0,3.57083869,0,1.859319806,0,9.969717979,0,2.45203995704651,0.815518319606781,3.66657781600952,0.722825050354004,3.50475645065308,16.2828178405762,56.3422966003418,3.59616708755493,0.683961093425751,0,0,
262,38.46070862,0,0,0,11.25240517,0,3.57083869,0,1.859319806,0,9.969717979,0,2.452068567276,0.815523862838745,3.66668605804443,0.722855925559998,3.50551724433899,16.2874011993408,56.3725395202637,3.59646272659302,0.68397718667984,0,0,
263,38.46305084,0,0,0,11.25281715,0,3.570956469,0,1.859342694,0,9.970333099,0,2.45209574699402,0.815529048442841,3.66679072380066,0.72288578748703,3.506263256073,16.2919139862061,56.4027099609375,3.59674954414368,0.683992743492126,0,0,
264,38.46305084,0,0,0,11.25281715,0,3.570956469,0,1.859342694,0,9.970333099,0,2.45212244987488,0.815534234046936,3.66689229011536,0.722914695739746,3.50699472427368,16.2963542938232,56.4328117370605,3.59702777862549,0.684007823467255,0,0,
265,38.46539688,0,0,0,11.25322819,0,3.571074963,0,1.859365582,0,9.970948219,0,2.4521484375,0.815539360046387,3.66699123382568,0.72294282913208,3.50771164894104,16.300724029541,56.4628410339355,3.59729814529419,0.684022486209869,0,0,
266,38.46539688,0,0,0,11.25322819,0,3.571074963,0,1.859365582,0,9.970948219,0,2.45217418670654,0.815544426441193,3.66708755493164,0.722970306873322,3.50841426849365,16.305025100708,56.4927940368652,3.59756088256836,0.68403685092926,0,0,
267,38.46773911,0,0,0,11.25364304,0,3.571193218,0,1.859388471,0,9.971563339,0,2.45219945907593,0.815549433231354,3.66718149185181,0.72299712896347,3.50910258293152,16.3092575073242,56.5226783752441,3.59781646728516,0.684050977230072,0,0,
268,38.46773911,0,0,0,11.25364304,0,3.571193218,0,1.859388471,0,9.971563339,0,2.45222449302673,0.81555449962616,3.66727352142334,0.723023414611816,3.50977730751038,16.3134250640869,56.552490234375,3.59806513786316,0.68406480550766,0,0,
269,38.47007751,0,0,0,11.25404835,0,3.571310997,0,1.85941112,0,9.972175598,0,2.45224952697754,0.815559506416321,3.66736364364624,0.723049163818359,3.51043844223022,16.3175258636475,56.5822296142578,3.59830713272095,0.684078454971313,0,0,
270,38.47007751,0,0,0,11.25404835,0,3.571310997,0,1.85941112,0,9.972175598,0,2.45227432250977,0.815564453601837,3.66745209693909,0.723074495792389,3.51108622550964,16.3215637207031,56.6119003295898,3.5985426902771,0.684091866016388,0,0,
271,38.47242355,0,0,0,11.25446224,0,3.571430206,0,1.859434128,0,9.972792625,0,2.45229935646057,0.815569519996643,3.66753935813904,0.72309947013855,3.51172065734863,16.3255367279053,56.6414947509766,3.59877276420593,0.684105157852173,0,0,
272,38.47242355,0,0,0,11.25446224,0,3.571430206,0,1.859434128,0,9.972792625,0,2.4523241519928,0.815574526786804,3.66762518882751,0.723124146461487,3.51234221458435,16.3294467926025,56.6710166931152,3.59899711608887,0.684118330478668,0,0,
273,38.47242355,0,0,0,11.25446224,0,3.571430206,0,1.859434128,0,9.972792625,0,2.45234203338623,0.815577447414398,3.66770195960999,0.723145842552185,3.51295113563538,16.3332958221436,56.7004623413086,3.59921073913574,0.684129476547241,0,0,
274,38.47476578,0,0,0,11.25487137,0,3.57154727,0,1.859457016,0,9.973406792,0,2.4523618221283,0.815581262111664,3.66777801513672,0.723167598247528,3.51354742050171,16.3370838165283,56.7298393249512,3.59941935539246,0.684140801429749,0,0,
275,38.47476578,0,0,0,11.25487137,0,3.57154727,0,1.859457016,0,9.973406792,0,2.45238280296326,0.815585553646088,3.66785430908203,0.723189413547516,3.51413154602051,16.3408088684082,56.7591400146484,3.59962344169617,0.68415230512619,0,0,
276,38.47476578,0,0,0,11.25487137,0,3.57154727,0,1.859457016,0,9.973406792,0,2.45239806175232,0.815588057041168,3.66792225837708,0.723208606243134,3.51470327377319,16.3444747924805,56.7883682250977,3.59981799125671,0.684162020683289,0,0,
277,38.477108,0,0,0,11.2552824,0,3.571665525,0,1.859479666,0,9.974020958,0,2.45241594314575,0.815591633319855,3.66799092292786,0.723228096961975,3.51526308059692,16.3480815887451,56.8175201416016,3.60000848770142,0.684172213077545,0,0,
278,38.477108,0,0,0,11.2552824,0,3.571665525,0,1.859479666,0,9.974020958,0,2.45243573188782,0.815595746040344,3.6680600643158,0.72324800491333,3.51581120491028,16.3516330718994,56.8465995788574,3.60019493103027,0.684182703495026,0,0,
279,38.477108,0,0,0,11.2552824,0,3.571665525,0,1.859479666,0,9.974020958,0,2.45244979858398,0.81559807062149,3.66812181472778,0.723265469074249,3.51634764671326,16.3551273345947,56.8756065368652,3.6003725528717,0.684191584587097,0,0,
280,38.47945404,0,0,0,11.25569057,0,3.571783304,0,1.859502554,0,9.974636078,0,2.45246696472168,0.815601587295532,3.66818499565125,0.723283529281616,3.51687288284302,16.3585643768311,56.9045372009277,3.60054683685303,0.684201002120972,0,0,
281,38.47945404,0,0,0,11.25569057,0,3.571783304,0,1.859502554,0,9.974636078,0,2.45248603820801,0.815605819225311,3.66824960708618,0.723302066326141,3.51738667488098,16.361946105957,56.9333915710449,3.6007182598114,0.68421083688736,0,0,
282,38.47945404,0,0,0,11.25569057,0,3.571783304,0,1.859502554,0,9.974636078,0,2.4524998664856,0.815608203411102,3.66830706596375,0.72331839799881,3.51788973808289,16.3652744293213,56.9621734619141,3.60088157653809,0.684219241142273,0,0,
283,38.48179626,0,0,0,11.25610161,0,3.571902037,0,1.859525323,0,9.975250244,0,2.45251655578613,0.815611720085144,3.66836643218994,0.723335444927216,3.51838183403015,16.3685474395752,56.9908828735352,3.6010422706604,0.684228301048279,0,0,
284,38.48179626,0,0,0,11.25610161,0,3.571902037,0,1.859525323,0,9.975250244,0,2.45253562927246,0.815615832805634,3.66842770576477,0.723353087902069,3.51886343955994,16.3717708587646,57.0195159912109,3.60120058059692,0.684237837791443,0,0,
285,38.48179626,0,0,0,11.25610161,0,3.571902037,0,1.859525323,0,9.975250244,0,2.45254921913147,0.815618216991425,3.66848206520081,0.723368585109711,3.51933479309082,16.3749408721924,57.0480766296387,3.6013514995575,0.684245944023132,0,0,
286,38.48179626,0,0,0,11.25610161,0,3.571902037,0,1.859525323,0,9.975250244,0,2.45255923271179,0.815619587898254,3.66853070259094,0.723382234573364,3.5197958946228,16.378059387207,57.0765609741211,3.60149550437927,0.684252738952637,0,0,
287,38.48413467,0,0,0,11.25650978,0,3.5720200539999998,0,1.859548211,0,9.975863457,0,2.45257329940796,0.815622448921204,3.66858220100403,0.723396956920624,3.52024698257446,16.3811283111572,57.1049690246582,3.60163760185242,0.684260427951813,0,0,
288,38.48413467,0,0,0,11.25650978,0,3.5720200539999998,0,1.859548211,0,9.975863457,0,2.45259022712708,0.815626263618469,3.66863632202148,0.723412573337555,3.52068829536438,16.3841495513916,57.1333084106445,3.60177826881409,0.684268832206726,0,0,
289,38.48413467,0,0,0,11.25650978,0,3.5720200539999998,0,1.859548211,0,9.975863457,0,2.45260262489319,0.815628468990326,3.66868448257446,0.723426282405853,3.52112007141113,16.3871192932129,57.1615676879883,3.60191226005554,0.684275925159454,0,0,
290,38.48413467,0,0,0,11.25650978,0,3.5720200539999998,0,1.859548211,0,9.975863457,0,2.45261144638062,0.815629780292511,3.6687273979187,0.723438322544098,3.52154207229614,16.3900413513184,57.189754486084,3.60203981399536,0.684281945228577,0,0,
291,38.48648071,0,0,0,11.25692463,0,3.572138309,0,1.859571099,0,9.976478577,0,2.45262455940247,0.81563264131546,3.66877388954163,0.723451614379883,3.52195501327515,16.392915725708,57.2178611755371,3.60216665267944,0.68428897857666,0,0,
292,38.48648071,0,0,0,11.25692463,0,3.572138309,0,1.859571099,0,9.976478577,0,2.45264101028442,0.815636396408081,3.66882371902466,0.723465979099274,3.52235865592957,16.3957462310791,57.2458953857422,3.60229253768921,0.684296846389771,0,0,
293,38.48648071,0,0,0,11.25692463,0,3.572138309,0,1.859571099,0,9.976478577,0,2.45265293121338,0.815638601779938,3.66886806488037,0.723478615283966,3.52275347709656,16.3985290527344,57.273853302002,3.6024124622345,0.684303462505341,0,0,
294,38.48648071,0,0,0,11.25692463,0,3.572138309,0,1.859571099,0,9.976478577,0,2.45266151428223,0.815639853477478,3.66890740394592,0.723489701747894,3.52313947677612,16.4012680053711,57.3017387390137,3.60252666473389,0.684309065341949,0,0,
295,38.48648071,0,0,0,11.25692463,0,3.572138309,0,1.859571099,0,9.976478577,0,2.4526674747467,0.815640509128571,3.66894268989563,0.723499476909637,3.52351689338684,16.4039611816406,57.3295478820801,3.60263562202454,0.684313893318176,0,0,
296,38.48882294,0,0,0,11.25733185,0,3.572256327,0,1.859593868,0,9.97709465,0,2.45267868041992,0.815643012523651,3.66898202896118,0.723510801792145,3.52388572692871,16.4066104888916,57.3572807312012,3.60274457931519,0.684319913387299,0,0,
297,38.48882294,0,0,0,11.25733185,0,3.572256327,0,1.859593868,0,9.97709465,0,2.45269393920898,0.815646588802338,3.669025182724,0.723523437976837,3.52424621582031,16.409215927124,57.384937286377,3.60285353660584,0.684326887130737,0,0,
298,38.48882294,0,0,0,11.25733185,0,3.572256327,0,1.859593868,0,9.97709465,0,2.45270490646362,0.815648674964905,3.66906380653381,0.72353458404541,3.5245988368988,16.4117794036865,57.4125175476074,3.60295724868774,0.68433278799057,0,0,
299,38.48882294,0,0,0,11.25733185,0,3.572256327,0,1.859593868,0,9.97709465,0,2.45271277427673,0.8156498670578,3.6690981388092,0.723544359207153,3.52494359016418,16.4142990112305,57.4400253295898,3.60305619239807,0.684337735176086,0,0,
300,38.48882294,0,0,0,11.25733185,0,3.572256327,0,1.859593868,0,9.97709465,0,2.45271825790405,0.815650582313538,3.66912865638733,0.723552942276001,3.52528047561646,16.4167804718018,57.467456817627,3.60315036773682,0.684341967105865,0,0,
