"Time Step","Softwood Merchantable","Hardwood Merchantable","Softwood Submerchantable","Hardwood Submerchantable","Softwood Other","Hardwood Other","Softwood Foliage","Hardwood Foliage","Softwood Fine Roots","Hardwood Fine Roots","Softwood Coarse Roots","Hardwood Coarse Roots","Aboveground Very Fast DOM","Belowground Very Fast DOM","Aboveground Fast DOM","Belowground Fast DOM","Medium DOM","Aboveground Slow DOM","Belowground Slow DOM","Softwood Stem Snag","Softwood Branch Snag","Hardwood Stem Snag","Hardwood Branch Snag",
0,0,0,0,0,0,0,0,0,0,0,0,0,2.29473304748535,5.18214893341064,57.7762489318848,51.4291496276855,50.4615783691406,41.1112289428711,260.508605957031,366.579315185547,64.0471420288086,0,0,
1,6.253118045e-5,0,0,0,0,0,0.2954560518,0,0.02776502445,0,0.03784010187,0,1.25026500225067,2.06174468994141,53.0833625793457,42.5365104675293,83.1933822631836,44.8076667785645,261.955657958984,322.487274169922,52.6588516235352,0,0,
2,6.677774945e-4,0,0,0,0,0,0.855749011,0,0.07946959138,0,0.1106549352,0,0.729145526885986,0.826403081417084,48.2604866027832,35.1819877624512,110.239601135254,48.0792465209961,262.839904785156,283.698608398438,43.295524597168,0,0,
3,0.002668574452,0,0,0,0,0,1.589781761,0,0.1453851759,0,0.2081388235,0,0.510908484458923,0.342830300331116,43.4978294372559,29.0998649597168,132.362899780273,50.9910583496094,263.399200439453,249.575454711914,35.5970993041992,0,0,
4,0.007130868733,0,0,0,0,0,2.461053371,0,0.2210352272,0,0.3269016743,0,0.470431208610535,0.159621357917786,38.9228668212891,24.0703182220459,150.230651855469,53.5900497436523,263.747131347656,219.556625366211,29.2675399780273,0,0,
5,0.01528352499,0,0,0,0.381662935,0,3.064500809,0,0.3033125103,0,0.4651288092,0,0.521831810474396,0.096853494644165,34.621265411377,19.9115104675293,164.426574707031,55.9105758666992,263.944488525391,193.148483276367,24.0651912689209,0,0,
6,0.02849109285,0,0,0,1.132014275,0,3.39557147,0,0.38981691,0,0.6216322184,0,0.60183310508728,0.0826540589332581,30.6484527587891,16.4730358123779,175.4609375,57.9775199890137,264.028198242188,169.916778564453,19.7930469512939,0,0,
7,0.04823535681,0,0,0,1.996752262,0,3.694293499,0,0.4786181748,0,0.795502305,0,0.685492336750031,0.0881768316030502,27.0306529998779,13.630485534668,183.779556274414,59.8116340637207,264.0234375,149.479461669922,16.287914276123,0,0,
8,0.07610122114,0,0,0,2.957867384,0,3.966439962,0,0.5681431293,0,0.9859474897,0,0.769002318382263,0.10173187404871,23.7726745605469,11.2809572219849,189.771667480469,61.432373046875,263.94873046875,131.500473022461,13.4143733978271,0,0,
9,0.1137648895,0,0,0,4.000302315,0,4.216216087,0,0.6571104527,0,1.192212462,0,0.850468993186951,0.118490435183048,20.8668746948242,9.33933448791504,193.77685546875,62.85791015625,263.818389892578,115.684196472168,11.0609321594238,0,0,
10,0.1629832387,0,0,0,5.111016273,0,4.446813583,0,0.7444863915,0,1.413534403,0,0.928971290588379,0.136385545134544,18.2973594665527,7.73521327972412,196.091186523438,64.1051559448242,263.643798828125,101.770553588867,9.13579368591309,0,0,
11,0.2255838662,0,0,0,6.278424263,0,4.660731316,0,0.8294510841,0,1.649121046,0,1.00408315658569,0.154477462172508,16.0430755615234,6.41035556793213,196.972564697266,65.1897506713867,263.434020996094,89.53076171875,7.56337213516235,0,0,
12,0.3034550548,0,0,0,7.492040634,0,4.859974861,0,0.9113703966,0,1.898143888,0,1.07563126087189,0.172300025820732,14.0800771713257,5.31658792495728,196.645401000977,66.126091003418,263.196380615234,78.7635803222656,6.28142023086548,0,0,
13,0.3985358477,0,0,0,8.742245674,0,5.04618454,0,0.9897711873,0,2.159735441,0,1.14357435703278,0.18959741294384,12.3831577301025,4.41405916213989,195.304794311523,66.927375793457,262.936859130859,69.2919769287109,5.2386679649353,0,0,
14,0.5128053427,0,0,0,10.02011967,0,5.22072649,0,1.064319015,0,2.432991505,0,1.2079416513443,0.206216439604759,10.9269905090332,3.66980147361755,193.1201171875,67.6056671142578,262.660217285156,60.9602317810059,4.39287614822388,0,0,
15,0.6482718587,0,0,0,11.31733418,0,5.384753227,0,1.134797931,0,2.716981888,0,1.26880323886871,0.222061157226563,9.68691062927246,3.05654048919678,190.23828125,68.1719436645508,262.370208740234,53.6313591003418,3.70923733711243,0,0,
16,0.806961,0,0,0,12.62607193,0,5.53924799,0,1.201092124,0,3.010754108,0,1.32625448703766,0.237072303891182,8.63943481445313,2.5517098903656,186.786437988281,68.6361923217773,262.069946289063,47.1848602294922,3.15906047821045,0,0,
17,0.9909032583,0,0,0,13.9389658,0,5.685059071,0,1.263169408,0,3.313344955,0,1.38040804862976,0.251216918230057,7.76256799697876,2.13663768768311,182.874572753906,69.0075073242188,261.761840820313,41.5147514343262,2.7186861038208,0,0,
18,1.202120423,0,0,0,15.24906158,0,5.82292366,0,1.321065426,0,3.623785973,0,1.43138885498047,0.264482080936432,7.03597736358643,1.79587209224701,178.597534179688,69.2941207885742,261.447814941406,36.5278053283691,2.36859607696533,0,0,
19,1.442611694,0,0,0,16.54978752,0,5.95348835,0,1.374870777,0,3.941116333,0,1.47933089733124,0.276870727539063,6.44105529785156,1.51662564277649,174.037033081055,69.5035247802734,261.12939453125,32.1420059204102,2.09268164634705,0,0,
20,1.714338064,0,0,0,17.83493805,0,6.077323914,0,1.424718857,0,4.264386654,0,1.52437496185303,0.288398265838623,5.96091318130493,1.28831386566162,169.263244628906,69.6425018310547,260.807739257813,28.2852325439453,1.87763917446136,0,0,
21,2.019206762,0,0,0,19.09865379,0,6.194936275,0,1.470775723,0,4.592665672,0,1.5666663646698,0.299089908599854,5.58032464981079,1.10217475891113,164.336288452148,69.7172393798828,260.483764648438,24.8940410614014,1.71247625350952,0,0,
22,2.359054089,0,0,0,20.33542442,0,6.306777954,0,1.513230681,0,4.925048351,0,1.60635256767273,0.308978348970413,5.28563833236694,0.950953722000122,159.307540893555,69.7333450317383,260.158111572266,21.9126319885254,1.58810269832611,0,0,
23,2.735627651,0,0,0,21.54008102,0,6.413253784,0,1.552289128,0,5.260660648,0,1.64358162879944,0.318101674318314,5.06467199325562,0.828643321990967,154.220703125,69.6959228515625,259.831329345703,19.2919273376465,1.49699592590332,0,0,
24,3.150569439,0,0,0,22.70779991,0,6.514730453,0,1.588165641,0,5.598662376,0,1.67850089073181,0.326501786708832,4.90659666061401,0.730267703533173,149.112854003906,69.6096267700195,259.503753662109,16.9887599945068,1.4329252243042,0,0,
25,3.605395079,0,0,0,23.83410263,0,6.61153698,0,1.62107873,0,5.938250542,0,1.71125495433807,0.334222972393036,4.80181789398193,0.651704668998718,144.015258789063,69.4787063598633,259.175720214844,14.9651679992676,1.3907253742218,0,0,
26,4.101476192,0,0,0,24.91486359,0,6.703974247,0,1.651246905,0,6.278662682,0,1.74198532104492,0.341310620307922,4.74185991287231,0.589538335800171,138.954147338867,69.3070297241211,258.847320556641,13.187762260437,1.36611044406891,0,0,
27,4.64002037,0,0,0,25.94632149,0,6.79231596,0,1.678884506,0,6.619177818,0,1.77082824707031,0.347810387611389,4.71925449371338,0.540937304496765,133.951385498047,69.09814453125,258.518707275391,11.6271753311157,1.35552024841309,0,0,
28,5.222053051,0,0,0,26.92508125,0,6.876811028,0,1.704199314,0,6.959116459,0,1.79791486263275,0.353767275810242,4.72743511199951,0.503554046154022,129.025054931641,68.8552703857422,258.189880371094,10.2575817108154,1.35599517822266,0,0,
29,5.848396301,0,0,0,27.84813118,0,6.957688332,0,1.727391005,0,7.297844887,0,1.82337033748627,0.359225183725357,4.76064157485962,0.475441455841064,124.189949035645,68.5813980102539,257.860931396484,9.05626678466797,1.36507272720337,0,0,
30,6.519652843,0,0,0,28.71284294,0,7.035159111,0,1.748648524,0,7.634770393,0,1.84731340408325,0.364226251840591,4.81383085250854,0.454983979463577,119.458023071289,68.2792434692383,257.531768798828,8.00325107574463,1.38070213794708,0,0,
31,7.236185551,0,0,0,29.51699066,0,7.109416485,0,1.76815033,0,7.969346046,0,1.86985599994659,0.368810683488846,4.88259649276733,0.440840870141983,114.838790893555,67.9512939453125,257.202392578125,7.08096027374268,1.40117526054382,0,0,
32,9.28912735,0,0,0,27.34255028,0,7.659475803,0,1.773151636,0,8.059484482,0,1.9093314409256,0.372193962335587,4.92592144012451,0.430899649858475,110.339660644531,67.6011810302734,256.872528076172,6.27772331237793,1.41174900531769,0,0,
33,10.01041698,0,0,0,27.48862457,0,7.638119698,0,1.782744169,0,8.237705231,0,1.95320904254913,0.374468505382538,4.93857479095459,0.423787206411362,105.966575622559,67.2303085327148,256.541839599609,5.57923460006714,1.41117763519287,0,0,
34,10.7610178,0,0,0,27.64132881,0,7.624318123,0,1.792445183,0,8.425474167,0,1.97708630561829,0.376601696014404,4.95421314239502,0.419418096542358,101.72386932373,66.8375854492188,256.210266113281,4.96907663345337,1.41207253932953,0,0,
35,11.5385704,0,0,0,27.79997063,0,7.617586613,0,1.802183151,0,8.622076988,0,1.99079501628876,0.378687977790833,4.9726734161377,0.417394012212753,97.6141052246094,66.4234466552734,255.877731323242,4.43678903579712,1.41423058509827,0,0,
36,12.34298801,0,0,0,27.96431541,0,7.617405415,0,1.811921239,0,8.827364922,0,1.9995801448822,0.380757927894592,4.9937891960144,0.417381942272186,93.6387176513672,65.9891052246094,255.544235229492,3.97316384315491,1.41748011112213,0,0,
37,13.17642498,0,0,0,28.13459587,0,7.623316288,0,1.821653605,0,9.041769981,0,2.00622367858887,0.382821053266525,5.017409324646,0.419107586145401,89.798210144043,65.5361328125,255.209671020508,3.57010626792908,1.42168033123016,0,0,
38,14.03432274,0,0,0,28.30969238,0,7.634847641,0,1.831300974,0,9.264006615,0,2.01217913627625,0.3848757147789,5.04338359832764,0.422340512275696,86.09228515625,65.0662384033203,254.874038696289,3.22048783302307,1.42671132087708,0,0,
39,14.92107677,0,0,0,28.49030876,0,7.651649475,0,1.8408916,0,9.495101929,0,2.01819181442261,0.386917948722839,5.07157039642334,0.426889151334763,82.5199890136719,64.581184387207,254.53727722168,2.9180371761322,1.43247258663177,0,0,
40,15.83215904,0,0,0,28.6753521,0,7.673266888,0,1.850360513,0,9.733772278,0,2.02462697029114,0.388943910598755,5.10183906555176,0.432593941688538,79.0797958374023,64.0826797485352,254.199325561523,2.65723752975464,1.43887960910797,0,0,
41,16.77194405,0,0,0,28.86553764,0,7.699465275,0,1.859741092,0,9.981060982,0,2.03165149688721,0.390949994325638,5.13406848907471,0.439321964979172,75.7697372436523,63.5723991394043,253.860168457031,2.43323421478271,1.44586133956909,0,0,
42,17.7337265,0,0,0,29.0593586,0,7.729733944,0,1.868960142,0,10.23510551,0,2.03932094573975,0.392932265996933,5.16813993453979,0.44695982336998,72.5874633789063,63.0519371032715,253.519775390625,2.24175024032593,1.45335566997528,0,0,
43,18.72408104,0,0,0,29.25798988,0,7.763981342,0,1.878079295,0,10.49754429,0,2.0476405620575,0.394888430833817,5.20394420623779,0.455412894487381,69.5303115844727,62.5228118896484,253.178100585938,2.07902216911316,1.46131002902985,0,0,
44,19.73853683,0,0,0,29.46038628,0,7.801797867,0,1.887057662,0,10.7671032,0,2.05659461021423,0.396818846464157,5.2413911819458,0.46460434794426,66.5953903198242,61.9864540100098,252.835144042969,1.94174587726593,1.46968173980713,0,0,
45,20.7770462,0,0,0,29.66642189,0,7.842924118,0,1.895902157,0,11.04367638,0,2.06614422798157,0.398721575737,5.28038120269775,0.474464952945709,63.7796287536621,61.4442138671875,252.49089050293,1.8270012140274,1.47843050956726,0,0,
46,21.83956718,0,0,0,29.87595749,0,7.887126446,0,1.904622674,0,11.32716656,0,2.07625079154968,0.4005968272686,5.32082462310791,0.484936654567719,61.0798072814941,60.8973731994629,252.145309448242,1.73221898078918,1.48752200603485,0,0,
47,22.92605782,0,0,0,30.08887863,0,7.934193611,0,1.913232327,0,11.61747551,0,2.0868763923645,0.402446240186691,5.36264038085938,0.495970547199249,58.492603302002,60.3471183776855,251.798431396484,1.65513896942139,1.49692642688751,0,0,
48,24.03429604,0,0,0,30.30464745,0,7.983833313,0,1.92173028,0,11.91392612,0,2.09798240661621,0.404271215200424,5.40574884414673,0.507523059844971,56.0146293640137,59.7945785522461,251.450225830078,1.5937659740448,1.50661683082581,0,0,
49,25.16860771,0,0,0,30.52400589,0,8.036058426,0,1.930169225,0,12.21759605,0,2.10954070091248,0.406075567007065,5.4500846862793,0.519559741020203,53.6424713134766,59.2408103942871,251.100723266602,1.54635095596313,1.51657164096832,0,0,
50,26.32242203,0,0,0,30.74558258,0,8.090405464,0,1.938521504,0,12.52664566,0,2.12152028083801,0.407862454652786,5.49558162689209,0.532048940658569,51.372688293457,58.6867980957031,250.749923706055,1.51134872436523,1.52677047252655,0,0,
51,27.50006104,0,0,0,30.97014809,0,8.146925926,0,1.946842909,0,12.84216118,0,2.13388991355896,0.40963488817215,5.54217290878296,0.544961452484131,49.2018508911133,58.133472442627,250.397857666016,1.48739326000214,1.53719365596771,0,0,
52,28.69932747,0,0,0,31.19717598,0,8.205371857,0,1.955143452,0,13.16347313,0,2.14663076400757,0.411398321390152,5.58980655670166,0.558274805545807,47.1265563964844,57.5816917419434,250.044555664063,1.47328925132751,1.54782629013062,0,0,
53,29.92019081,0,0,0,31.42661476,0,8.265620232,0,1.963450313,0,13.49050808,0,2.15972089767456,0.413157224655151,5.63842725753784,0.571967303752899,45.143440246582,57.0322685241699,249.690032958984,1.46797847747803,1.55865323543549,0,0,
54,31.16047478,0,0,0,31.65796471,0,8.32743454,0,1.971776843,0,13.82260704,0,2.17313742637634,0.414915978908539,5.68797826766968,0.586017966270447,43.2491912841797,56.4859428405762,249.334320068359,1.47052347660065,1.56965982913971,0,0,
55,32.42231369,0,0,0,31.89159393,0,8.390820503,0,1.980167389,0,14.16028214,0,2.18686389923096,0.416680008172989,5.73840999603271,0.600408911705017,41.4405517578125,55.943416595459,248.977478027344,1.48009955883026,1.5808333158493,0,0,
56,33.70353317,0,0,0,32.12701416,0,8.455563545,0,1.988636971,0,14.50287914,0,2.20088791847229,0.418455243110657,5.78967809677124,0.615124642848969,39.7143325805664,55.405345916748,248.619552612305,1.49598133563995,1.59216248989105,0,0,
57,35.00412369,0,0,0,32.36418915,0,8.52157402,0,1.997216225,0,14.85033894,0,2.21519446372986,0.420246988534927,5.84173536300659,0.630149483680725,38.0674247741699,54.8723297119141,248.26057434082,1.51752364635468,1.60363578796387,0,0,
58,36.32192612,0,0,0,32.60267639,0,8.588657379,0,2.005921125,0,15.20202351,0,2.22976779937744,0.422060281038284,5.89453220367432,0.645467638969421,36.4967918395996,54.3449249267578,247.900604248047,1.5441529750824,1.61524176597595,0,0,
59,37.66121674,0,0,0,32.8432045,0,8.656949043,0,2.014809847,0,15.55901432,0,2.24460387229919,0.423901796340942,5.94803380966187,0.66106778383255,34.9994850158691,53.8236465454102,247.539703369141,1.5753710269928,1.62697207927704,0,0,
60,39.01555634,0,0,0,33.08457947,0,8.726052284,0,2.023869991,0,15.91954422,0,2.25969386100769,0.425777196884155,6.00220012664795,0.676937699317932,33.5726356506348,53.308967590332,247.177917480469,1.61073291301727,1.6388179063797,0,0,
61,40.38922501,0,0,0,33.32754135,0,8.79611969,0,2.033159018,0,16.2847023,0,2.27502679824829,0.427691549062729,6.05699014663696,0.693064510822296,32.2134666442871,52.8013229370117,246.815338134766,1.64984107017517,1.65076959133148,0,0,
62,41.78007126,0,0,0,33.57165146,0,8.866981506,0,2.042691231,0,16.653862,0,2.29060220718384,0.429651498794556,6.11237382888794,0.709439516067505,30.9192867279053,52.3011207580566,246.452011108398,1.6923520565033,1.66282093524933,0,0,
63,43.18597031,0,0,0,33.81653595,0,8.93847084,0,2.052479267,0,17.02641869,0,2.30640888214111,0.431661337614059,6.16831159591675,0.72605037689209,29.6874885559082,51.808723449707,246.088012695313,1.73795092105865,1.67496299743652,0,0,
64,44.60903931,0,0,0,34.06251907,0,9.010647774,0,2.062564611,0,17.40288544,0,2.32244110107422,0.433726191520691,6.22476863861084,0.742886543273926,28.5155563354492,51.3244667053223,245.723419189453,1.7863609790802,1.68718826770782,0,0,
65,46.04715347,0,0,0,34.30922318,0,9.083356857,0,2.072957277,0,17.78266144,0,2.33869576454163,0.435851514339447,6.28171443939209,0.759938895702362,27.4010620117188,50.8486557006836,245.358322143555,1.8373384475708,1.69949018955231,0,0,
66,47.50243759,0,0,0,34.55699539,0,9.156662941,0,2.083697081,0,18.16627693,0,2.35517263412476,0.438042551279068,6.3391227722168,0.777199566364288,26.3416595458984,50.3815689086914,244.992767333984,1.89066898822784,1.71186339855194,0,0,
67,48.97064209,0,0,0,34.80507278,0,9.23031044,0,2.094775915,0,18.55256271,0,2.37186646461487,0.440303355455399,6.39696359634399,0.794659495353699,25.3350944519043,49.923454284668,244.626861572266,1.94615769386292,1.7243013381958,0,0,
68,50.4539032,0,0,0,35.05382538,0,9.304375648,0,2.106230259,0,18.94205666,0,2.38876938819885,0.442637473344803,6.45520353317261,0.812308609485626,24.3791904449463,49.4745407104492,244.260681152344,2.00362730026245,1.73679709434509,0,0,
69,51.95009995,0,0,0,35.30287552,0,9.378715515,0,2.118064404,0,19.3341713,0,2.4058780670166,0.445048809051514,6.51381492614746,0.830138206481934,23.4718532562256,49.0350189208984,243.894317626953,2.06292128562927,1.74934482574463,0,0,
70,53.46134567,0,0,0,35.5525589,0,9.453410149,0,2.13031292,0,19.72943115,0,2.4231915473938,0.447541505098343,6.57277250289917,0.848140954971313,22.6110668182373,48.6050643920898,243.527847290039,2.12390232086182,1.76193952560425,0,0,
71,54.98343658,0,0,0,35.80218887,0,9.528222084,0,2.142959118,0,20.12671471,0,2.44070410728455,0.450118184089661,6.63204908370972,0.866308331489563,21.7948970794678,48.1848373413086,243.161331176758,2.186443567276,1.77457535266876,0,0,
72,56.52059174,0,0,0,36.05243683,0,9.603334427,0,2.156053305,0,20.52709961,0,2.45841407775879,0.452782154083252,6.69162178039551,0.88463306427002,21.0214805603027,47.774471282959,242.794891357422,2.25043320655823,1.78724765777588,0,0,
73,58.0685997,0,0,0,36.3026123,0,9.67852211,0,2.169573784,0,20.92946625,0,2.47632145881653,0.455536544322968,6.75147008895874,0.903108835220337,20.2890300750732,47.3740768432617,242.428619384766,2.31577348709106,1.79995262622833,0,0,
74,59.62748337,0,0,0,36.5527153,0,9.753762245,0,2.183532476,0,21.33380699,0,2.49441432952881,0.458381921052933,6.81156349182129,0.921725988388062,19.5958251953125,46.983757019043,242.062576293945,2.38236522674561,1.81268358230591,0,0,
75,61.19723511,0,0,0,36.80274963,0,9.829040527,0,2.19794035,0,21.74010277,0,2.51268744468689,0.461319983005524,6.87187576293945,0.940476357936859,18.940221786499,46.603588104248,241.696853637695,2.45012187957764,1.82543528079987,0,0,
76,62.77997971,0,0,0,37.05305862,0,9.90444088,0,2.21282649,0,22.14889336,0,2.53114414215088,0.464353948831558,6.93239212036133,0.959355235099792,18.3206329345703,46.2336349487305,241.331573486328,2.51897263526917,1.83820497989655,0,0,
77,64.371521,0,0,0,37.30295563,0,9.97974968,0,2.228159904,0,22.55907822,0,2.54978108406067,0.467485070228577,6.99309253692627,0.978356540203094,17.7355422973633,45.8739433288574,240.966796875,2.58885049819946,1.85098886489868,0,0,
78,65.97397614,0,0,0,37.55279541,0,10.05505276,0,2.243967533,0,22.97119904,0,2.56859040260315,0.470713466405869,7.053955078125,0.997472882270813,17.1834907531738,45.5245475769043,240.602630615234,2.6596896648407,1.86378240585327,0,0,
79,67.58525085,0,0,0,37.80224609,0,10.13024521,0,2.260234118,0,23.38470459,0,2.58756875991821,0.474039971828461,7.11496019363403,1.01669800281525,16.6630821228027,45.1854667663574,240.239151000977,2.73143219947815,1.87658178806305,0,0,
80,69.20537567,0,0,0,38.05132294,0,10.20531368,0,2.276964188,0,23.79960251,0,2.60670804977417,0.477464199066162,7.17608690261841,1.03602468967438,16.1729793548584,44.8567161560059,239.876449584961,2.80402112007141,1.88938236236572,0,0,
81,70.83435822,0,0,0,38.30003357,0,10.28025818,0,2.294160366,0,24.21589088,0,2.6260042190551798,0.480986595153809,7.23731517791748,1.05544686317444,15.711893081665,44.5382804870605,239.514602661133,2.87740707397461,1.90218067169189,0,0,
82,72.47012329,0,0,0,38.54805756,0,10.35496712,0,2.311802387,0,24.63303757,0,2.64544916152954,0.484606027603149,7.29862403869629,1.07495737075806,15.2785949707031,44.230152130127,239.153717041016,2.95153975486755,1.91497218608856,0,0,
83,74.11684418,0,0,0,38.79604721,0,10.42962837,0,2.329936266,0,25.05210114,0,2.66504383087158,0.488323748111725,7.36000156402588,1.09455227851868,14.8719024658203,43.9323043823242,238.793869018555,3.02638149261475,1.92775475978851,0,0,
84,75.76830292,0,0,0,39.04306412,0,10.50395775,0,2.348494053,0,25.47150803,0,2.68478274345398,0.49213895201683,7.42143154144287,1.11422634124756,14.4906854629517,43.6446990966797,238.435134887695,3.10189294815063,1.9405255317688,0,0,
85,77.42867279,0,0,0,39.28975296,0,10.57813644,0,2.367520571,0,25.89231491,0,2.70465660095215,0.496049731969833,7.48289585113525,1.13397312164307,14.1338586807251,43.3672904968262,238.07763671875,3.17803335189819,1.95328068733215,0,0,
86,79.095870970000007,0,0,0,39.53579712,0,10.65206623,0,2.386991024,0,26.31399918,0,2.72466611862183,0.500056624412537,7.54438352584839,1.15378952026367,13.8003835678101,43.1000289916992,237.721435546875,3.25477313995361,1.96601843833923,0,0,
87,80.76786804,0,0,0,39.78092957,0,10.72566128,0,2.406877995,0,26.73605347,0,2.74479961395264,0.504156529903412,7.60587644577026,1.17366862297058,13.4892654418945,42.8428497314453,237.366607666016,3.3320746421814,1.97873473167419,0,0,
88,82.44879913,0,0,0,40.02575302,0,10.7990942,0,2.427228212,0,27.1595211,0,2.76505541801453,0.508349478244781,7.66736316680908,1.1936069726944,13.1995496749878,42.5956878662109,237.013244628906,3.40991067886353,1.99142801761627,0,0,
89,84.13249207,0,0,0,40.26936722,0,10.87209702,0,2.447962046,0,27.58285713,0,2.78542637825012,0.512633383274078,7.7288293838501,1.21359956264496,12.930323600769,42.3584671020508,236.661437988281,3.48825097084045,2.00409531593323,0,0,
90,85.82307434,0,0,0,40.51240921,0,10.94485092,0,2.469125748,0,28.00710869,0,2.80590176582336,0.517005205154419,7.79025793075562,1.2336403131485,12.6807117462158,42.1311073303223,236.311233520508,3.56706309318542,2.01673316955566,0,0,
91,87.5164566,0,0,0,40.75429535,0,11.01718235,0,2.490662098,0,28.43125916,0,2.82647585868835,0.52146315574646,7.85163450241089,1.25372433662415,12.4498748779297,41.913516998291,235.962753295898,3.6463189125061,2.02933883666992,0,0,
92,89.21675873,0,0,0,40.99560165,0,11.08926392,0,2.512618065,0,28.8563385,0,2.84714436531067,0.526005804538727,7.91294717788696,1.27384746074677,12.2370080947876,41.7056045532227,235.616027832031,3.72599363327026,2.04191017150879,0,0,
93,90.9198761,0,0,0,41.23580933,0,11.1609211,0,2.534934998,0,29.28135109,0,2.86790370941162,0.530631721019745,7.97418737411499,1.29400646686554,12.0413436889648,41.507266998291,235.271148681641,3.80606508255005,2.05444574356079,0,0,
94,92.62789154,0,0,0,41.47519684,0,11.23225307,0,2.557633162,0,29.70681381,0,2.8887460231781,0.535338163375854,8.03534126281738,1.31419682502747,11.8621435165405,41.3183975219727,234.928192138672,3.88650846481323,2.06694269180298,0,0,
95,94.33876801,0,0,0,41.71348572,0,11.30316544,0,2.580678463,0,30.13222694,0,2.90966582298279,0.540122926235199,8.09639930725098,1.33441472053528,11.6987009048462,41.1389007568359,234.58723449707,3.96730184555054,2.07939982414246,0,0,
96,96.05457306,0,0,0,41.95098877,0,11.37375355,0,2.604091406,0,30.55811691,0,2.9306583404541,0.544984400272369,8.1573543548584,1.35465729236603,11.5503387451172,40.9686546325684,234.248336791992,4.04842567443848,2.09181523323059,0,0,
97,97.77120209,0,0,0,42.18715286,0,11.44385052,0,2.627808809,0,30.98348045,0,2.95171570777893,0.549919247627258,8.2181921005249,1.37491977214813,11.4164094924927,40.8075485229492,233.911560058594,4.12985706329346,2.10418653488159,0,0,
98,99.49075317,0,0,0,42.42227554,0,11.51354599,0,2.651851177,0,31.40884781,0,2.9728262424469,0.554923295974731,8.27889919281006,1.39519679546356,11.2962923049927,40.655460357666,233.576995849609,4.21157026290894,2.11651062965393,0,0,
99,101.2132111,0,0,0,42.65638351,0,11.58284569,0,2.676211119,0,31.83423042,0,2.99398875236511,0.559995770454407,8.33946800231934,1.41548585891724,11.1893911361694,40.5122680664063,233.244674682617,4.29354858398438,2.12878680229187,0,0,
100,102.936554,0,0,0,42.88920975,0,11.65166664,0,2.700852156,0,32.25914001,0,3.01519513130188,0.565133631229401,8.39988803863525,1.4357830286026,11.0951356887817,40.3778457641602,232.914688110352,4.37577104568481,2.1410129070282,0,0,
101,104.6628571,0,0,0,43.1210556,0,11.72009945,0,2.725795269,0,32.68409729,0,3.03644108772278,0.570334553718567,8.46015167236328,1.45608508586884,11.0129804611206,40.2520713806152,232.58708190918,4.45821952819824,2.15318751335144,0,0,
102,106.3900833,0,0,0,43.3516655,0,11.78807163,0,2.751003265,0,33.10861588,0,3.05772233009338,0.575596690177917,8.5202522277832,1.47638952732086,10.9423999786377,40.1348075866699,232.261917114258,4.54087829589844,2.16530966758728,0,0,
103,108.1182404,0,0,0,43.58105087,0,11.85558414,0,2.776468277,0,33.53271484,0,3.07903099060059,0.580916464328766,8.58017921447754,1.49669253826141,10.8828945159912,40.0259323120117,231.939254760742,4.62372779846191,2.17737770080566,0,0,
104,109.8473587,0,0,0,43.80922318,0,11.92264271,0,2.802181959,0,33.95640564,0,3.10036087036133,0.586291313171387,8.63992404937744,1.51699090003967,10.8339815139771,39.9253082275391,231.619140625,4.70674991607666,2.18938970565796,0,0,
105,111.577446,0,0,0,44.03622055,0,11.98925209,0,2.828137398,0,34.37971115,0,3.12170815467834,0.591719269752502,8.69948196411133,1.53728199005127,10.7952013015747,39.8327980041504,231.301635742188,4.78992986679077,2.20134496688843,0,0,
106,113.306488,0,0,0,44.26179504,0,12.05534554,0,2.854295492,0,34.80215073,0,3.14306402206421,0.597196638584137,8.75884246826172,1.55756211280823,10.7661123275757,39.7482681274414,230.986801147461,4.87324857711792,2.21324181556702,0,0,
107,115.0365143,0,0,0,44.48620224,0,12.12100506,0,2.880679131,0,35.22422791,0,3.16442322731018,0.602720975875854,8.81799793243408,1.57782793045044,10.7462902069092,39.6715774536133,230.674697875977,4.95668935775757,2.22507834434509,0,0,
108,116.7655411,0,0,0,44.70922089,0,12.18615913,0,2.907249689,0,35.64547348,0,3.18578171730042,0.608290195465088,8.8769416809082,1.59807705879211,10.7353296279907,39.602596282959,230.365341186523,5.04023694992065,2.23685431480408,0,0,
109,118.4955902,0,0,0,44.93115997,0,12.25089073,0,2.934031963,0,36.06640625,0,3.20713710784912,0.613902807235718,8.93566989898682,1.61830759048462,10.7328405380249,39.5411834716797,230.058807373047,5.12387895584106,2.2485685348510702,0,0,
110,120.2246552,0,0,0,45.15172195,0,12.31513214,0,2.960985899,0,36.4865303,0,3.22848677635193,0.619556903839111,8.99418067932129,1.63851797580719,10.7384519577026,39.4871978759766,229.755111694336,5.207603931427,2.26022124290466,0,0,
111,121.9507294,0,0,0,45.37071228,0,12.37881279,0,2.988073587,0,36.90538788,0,3.24981737136841,0.625247001647949,9.05246067047119,1.65870344638824,10.751805305481,39.440502166748,229.454315185547,5.29139041900635,2.27180981636047,0,0,
112,123.6778717,0,0,0,45.58864212,0,12.44208813,0,3.015349865,0,37.32395935,0,3.27112650871277,0.630971968173981,9.11050510406494,1.67886173725128,10.7725582122803,39.4009552001953,229.156463623047,5.37522506713867,2.28333330154419,0,0,
113,125.4020386,0,0,0,45.80502319,0,12.50481796,0,3.042745352,0,37.741294860000004,0,3.2924120426178,0.636730372905731,9.16831111907959,1.69899117946625,10.8003807067871,39.3684196472168,228.861587524414,5.45909690856934,2.29479169845581,0,0,
114,127.1253052,0,0,0,46.02013779,0,12.56708145,0,3.070284843,0,38.15789413,0,3.31366682052612,0.642518937587738,9.22587203979492,1.71908867359161,10.8349590301514,39.3427581787109,228.569732666016,5.54298973083496,2.30618357658386,0,0,
115,128.8456268,0,0,0,46.23373795,0,12.6288166,0,3.097929478,0,38.57328415,0,3.33488631248474,0.64833527803421,9.28318119049072,1.73915159702301,10.8759908676147,39.3238296508789,228.28092956543,5.62689018249512,2.31750822067261,0,0,
116,130.5650482,0,0,0,46.44610596,0,12.69010067,0,3.125704765,0,38.98797226,0,3.35606741905212,0.654177665710449,9.34023475646973,1.75917816162109,10.9231843948364,39.3114929199219,227.995208740234,5.71078586578369,2.32876491546631,0,0,
117,132.2815704,0,0,0,46.6570015,0,12.7508707,0,3.153572321,0,39.40148544,0,3.37720847129822,0.66004467010498,9.39702987670898,1.77916669845581,10.9762630462646,39.3056106567383,227.712600708008,5.79466581344604,2.33995318412781,0,0,
118,133.9952087,0,0,0,46.86646271,0,12.81112766,0,3.181526184,0,39.81383514,0,3.39830183982849,0.665932774543762,9.45355987548828,1.79911434650421,11.0349597930908,39.3060531616211,227.433151245117,5.87851572036743,2.35107231140137,0,0,
119,135.7059631,0,0,0,47.07449341,0,12.8708849,0,3.209559441,0,40.22503662,0,3.41934299468994,0.671839892864227,9.50982093811035,1.81901848316193,11.0990180969238,39.3126754760742,227.156890869141,5.96232175827026,2.36212134361267,0,0,
120,137.4138641,0,0,0,47.28111267,0,12.93014526,0,3.237667322,0,40.63510895,0,3.44032883644104,0.677764236927032,9.5658073425293,1.83887732028961,11.1681928634644,39.3253440856934,226.883850097656,6.04607248306274,2.37309956550598,0,0,
121,139.1189423,0,0,0,47.48635864,0,12.98892498,0,3.265844107,0,41.04407501,0,3.46125793457031,0.683704733848572,9.6215181350708,1.8586893081665,11.2422475814819,39.343921661377,226.614044189453,6.12975788116455,2.38400721549988,0,0,
122,140.821167,0,0,0,47.69021988,0,13.04721832,0,3.294083834,0,41.45192719,0,3.48212862014771,0.689659953117371,9.67695140838623,1.878453373909,11.3209562301636,39.3682746887207,226.347518920898,6.21336936950684,2.3948438167572,0,0,
123,142.5205994,0,0,0,47.89274597,0,13.10503674,0,3.322382689,0,41.8586998,0,3.50293970108032,0.695628821849823,9.73210620880127,1.89816880226135,11.4041023254395,39.3982734680176,226.084289550781,6.29689884185791,2.40560984611511,0,0,
124,144.21316529999999,0,0,0,48.09343719,0,13.16225147,0,3.350666285,0,42.26341629,0,3.52367854118347,0.701605975627899,9.78697299957275,1.91783118247986,11.4914779663086,39.4337882995605,225.824356079102,6.38032865524292,2.41630339622498,0,0,
125,145.9049988,0,0,0,48.29306793,0,13.21907711,0,3.379033566,0,42.66757584,0,3.54434466362,0.707590699195862,9.84154796600342,1.93743860721588,11.5828828811646,39.474681854248,225.567764282227,6.46364784240723,2.42692422866821,0,0,
126,147.5899963,0,0,0,48.49094391,0,13.27531433,0,3.407376528,0,43.06971359,0,3.56493711471558,0.713582277297974,9.89583110809326,1.9569901227951,11.6781253814697,39.5208282470703,225.314529418945,6.54684734344482,2.43747210502625,0,0,
127,149.2722626,0,0,0,48.68753433,0,13.33110619,0,3.435759068,0,43.47081757,0,3.58544945716858,0.719577491283417,9.94981575012207,1.976482629776,11.7770204544067,39.5720977783203,225.064651489258,6.62991428375244,2.44794607162476,0,0,
128,150.9517822,0,0,0,48.88285446,0,13.38645458,0,3.46417737,0,43.87090683,0,3.60588955879211,0.725579023361206,10.0035076141357,1.99591791629791,11.8793907165527,39.6283645629883,224.81819152832,6.7128472328186,2.4583477973938,0,0,
129,152.6245422,0,0,0,49.07648087,0,13.44124126,0,3.492559195,0,44.2690239,0,3.62624979019165,0.731582939624786,10.0569019317627,2.01529359817505,11.9850673675537,39.6894989013672,224.575134277344,6.79563570022583,2.46867656707764,0,0,
130,154.292572,0,0,0,49.26863098,0,13.49553394,0,3.520933867,0,44.66566086,0,3.64652037620544,0.737585067749023,10.1099901199341,2.03460550308228,12.0938873291016,39.7553825378418,224.335510253906,6.87826251983643,2.47893095016479,0,0,
131,155.9558716,0,0,0,49.45936584,0,13.54934025,0,3.549298048,0,45.06084061,0,3.66670203208923,0.743585348129272,10.1627721786499,2.05385255813599,12.2056932449341,39.8258819580078,224.099319458008,6.96072006225586,2.48911094665527,0,0,
132,157.6144714,0,0,0,49.64868546,0,13.60266972,0,3.57764864,0,45.45456696,0,3.68679428100586,0.749583303928375,10.2152471542358,2.07303404808044,12.3203344345093,39.9008865356445,223.866577148438,7.0430006980896,2.49921679496765,0,0,
133,159.2683716,0,0,0,49.83657837,0,13.65552616,0,3.605980873,0,45.84684753,0,3.70679759979248,0.755578458309174,10.2674140930176,2.09214925765991,12.4376668930054,39.9802703857422,223.637298583984,7.12509870529175,2.50924897193909,0,0,
134,160.9176178,0,0,0,50.02308655,0,13.70791721,0,3.634292603,0,46.23770142,0,3.72671175003052,0.761569917201996,10.3192739486694,2.11119771003723,12.5575513839722,40.0639228820801,223.411499023438,7.20700788497925,2.51920747756958,0,0,
135,162.5601807,0,0,0,50.208004,0,13.75978947,0,3.662547112,0,46.62666702,0,3.74653148651123,0.767554938793182,10.3708229064941,2.13017749786377,12.6798553466797,40.1517181396484,223.189178466797,7.28871774673462,2.52909159660339,0,0,
136,164.1980896,0,0,0,50.39156723,0,13.81120491,0,3.690773249,0,47.01422119,0,3.76625347137451,0.773531973361969,10.4220581054688,2.14908671379089,12.8044490814209,40.2435455322266,222.970352172852,7.37021923065186,2.53890132904053,0,0,
137,165.8293457,0,0,0,50.57357025,0,13.86210632,0,3.71893549,0,47.39989853,0,3.78587532043457,0.77949994802475,10.4729785919189,2.16792392730713,12.9312124252319,40.3392944335938,222.755020141602,7.45150423049927,2.54863667488098,0,0,
138,167.4539642,0,0,0,50.75405884,0,13.91251183,0,3.747030497,0,47.78372574,0,3.80539155006409,0.785455942153931,10.5235795974731,2.18668603897095,13.0600242614746,40.4388465881348,222.543182373047,7.53255987167358,2.55829644203186,0,0,
139,169.0739594,0,0,0,50.93322372,0,13.96248341,0,3.775090694,0,48.16617584,0,3.82480454444885,0.791400730609894,10.573860168457,2.20537281036377,13.1907711029053,40.5420913696289,222.334869384766,7.61338090896606,2.56788182258606,0,0,
140,170.6893768,0,0,0,51.11109161,0,14.01202869,0,3.803113699,0,48.5472641,0,3.8441207408905,0.797336459159851,10.6238269805908,2.22398591041565,13.3233442306519,40.64892578125,222.130065917969,7.69396781921387,2.57739329338074,0,0,
141,172.2961731,0,0,0,51.28726578,0,14.06102657,0,3.831026316,0,48.92604065,0,3.86333250999451,0.803259193897247,10.6734752655029,2.2425229549408,13.4576377868652,40.7592430114746,221.928787231445,7.77431058883667,2.58683085441589,0,0,
142,173.8983917,0,0,0,51.46218109,0,14.10961056,0,3.858897686,0,49.30348206,0,3.88243651390076,0.809167087078094,10.7228021621704,2.260981798172,13.5935525894165,40.872932434082,221.731033325195,7.85440015792847,2.59619402885437,0,0,
143,175.4940491,0,0,0,51.63563538,0,14.15772152,0,3.886689901,0,49.6791153,0,3.90143632888794,0.815061390399933,10.7718105316162,2.27936315536499,13.7309894561768,40.9898948669434,221.536804199219,7.93423461914063,2.6054835319519,0,0,
144,177.0811157,0,0,0,51.80745697,0,14.20530796,0,3.914366007,0,50.05247116,0,3.92032241821289,0.820937871932983,10.8204936981201,2.29766368865967,13.8698568344116,41.1100273132324,221.346099853516,8.0137996673584,2.61469841003418,0,0,
145,178.6636658,0,0,0,51.97804642,0,14.25249958,0,3.941994429,0,50.4245224,0,3.93909621238709,0.826796889305115,10.8688516616821,2.31588244438171,14.0100631713867,41.233226776123,221.158905029297,8.09308815002441,2.62383890151978,0,0,
146,180.2396545,0,0,0,52.14722443,0,14.2992363,0,3.969537973,0,50.79478073,0,3.95776391029358,0.832640409469604,10.9168891906738,2.33402061462402,14.1515226364136,41.3593978881836,220.975234985352,8.1721019744873,2.63290596008301,0,0,
147,181.8091278,0,0,0,52.31504822,0,14.34553337,0,3.996995211,0,51.1632843,0,3.97632336616516,0.838466942310333,10.9646062850952,2.35207772254944,14.2941522598267,41.4884452819824,220.79508972168,8.25083637237549,2.64190006256104,0,0,
148,183.3721008,0,0,0,52.48144913,0,14.39138126,0,4.024363995,0,51.53001022,0,3.99477386474609,0.844275593757629,11.0120029449463,2.37005305290222,14.4378728866577,41.6202697753906,220.61848449707,8.32928657531738,2.65082168579102,0,0,
149,184.9265442,0,0,0,52.64627838,0,14.43673706,0,4.051607132,0,51.89451599,0,4.01310873031616,0.850063562393188,11.0590763092041,2.387943983078,14.5826082229614,41.7547836303711,220.445373535156,8.40744209289551,2.65966987609863,0,0,
150,186.4744873,0,0,0,52.80980301,0,14.48166752,0,4.078760624,0,52.25728226,0,4.03132581710815,0.855829417705536,11.1058225631714,2.40574884414673,14.7282838821411,41.8918876647949,220.275772094727,8.48529529571533,2.66844463348389,0,0,
151,188.0159607,0,0,0,52.97195435,0,14.52616787,0,4.105820656,0,52.61830902,0,4.04942941665649,0.86157500743866,11.1522445678711,2.42346811294556,14.8748292922974,42.0314979553223,220.109680175781,8.56284332275391,2.67714643478394,0,0,
152,189.5509644,0,0,0,53.13280487,0,14.57025623,0,4.132787228,0,52.97760773,0,4.06742095947266,0.867300450801849,11.1983451843262,2.44110250473022,15.0221757888794,42.1735191345215,219.947082519531,8.64008522033691,2.68577647209167,0,0,
153,191.0774994,0,0,0,53.2921524,0,14.61386871,0,4.159623623,0,53.33472061,0,4.08529806137085,0.873003721237183,11.2441244125366,2.45865035057068,15.1702585220337,42.31787109375,219.787994384766,8.71701335906982,2.6943347454071,0,0,
154,192.5975952,0,0,0,53.45019531,0,14.65707874,0,4.186364174,0,53.69011688,0,4.10305786132813,0.878683865070343,11.2895793914795,2.47611021995544,15.3190135955811,42.464469909668,219.632400512695,8.79362392425537,2.70282077789307,0,0,
155,194.1092377,0,0,0,53.60677338,0,14.6998291,0,4.212971687,0,54.04334641,0,4.12069988250732,0.884340107440948,11.3347101211548,2.49348163604736,15.4683799743652,42.6132278442383,219.480270385742,8.86990928649902,2.71123504638672,0,0,
156,195.6144409,0,0,0,53.76206589,0,14.74217701,0,4.239480972,0,54.39487457,0,4.13822364807129,0.889972150325775,11.3795166015625,2.5107638835907,15.6183013916016,42.7640609741211,219.331604003906,8.94586563110352,2.71957802772522,0,0,
157,197.1112213,0,0,0,53.91591263,0,14.78408051,0,4.265855312,0,54.74423599,0,4.15563011169434,0.895579814910889,11.423999786377,2.52795624732971,15.7687187194824,42.9168891906738,219.186401367188,9.02148914337158,2.72784924507141,0,0,
158,198.6016083,0,0,0,54.06853104,0,14.82559299,0,4.292129993,0,55.09192276,0,4.17291831970215,0.901162683963776,11.4681596755981,2.54505848884583,15.9195795059204,43.0716323852539,219.044662475586,9.09677600860596,2.73604965209961,0,0,
159,200.0835724,0,0,0,54.21973419,0,14.86667347,0,4.318268776,0,55.43746948,0,4.19009017944336,0.906720817089081,11.5119981765747,2.56207013130188,16.0708312988281,43.2282180786133,218.906356811523,9.17172336578369,2.74417996406555,0,0,
160,201.5591431,0,0,0,54.36968994,0,14.90737152,0,4.344304562,0,55.78133774,0,4.20714521408081,0.912253797054291,11.555516242981,2.57899141311646,16.2224216461182,43.3865661621094,218.771484375,9.24632930755615,2.75223994255066,0,0,
161,203.0263672,0,0,0,54.51827621,0,14.94764137,0,4.370203495,0,56.12308121,0,4.22408437728882,0.917761623859406,11.5987157821655,2.59582209587097,16.3743057250977,43.5466079711914,218.640029907227,9.32059097290039,2.76023054122925,0,0,
162,204.4851685,0,0,0,54.6654892,0,14.98749065,0,4.395964146,0,56.4627037,0,4.2409029006958,0.923241853713989,11.6415929794312,2.6125602722168,16.5264358520508,43.7082633972168,218.511993408203,9.39450073242188,2.76815128326416,0,0,
163,205.9376373,0,0,0,54.81150818,0,15.02697659,0,4.421620369,0,56.80068207,0,4.25760364532471,0.928695678710938,11.6841516494751,2.62920618057251,16.678768157959,43.8714714050293,218.387359619141,9.46805763244629,2.77600312232971,0,0,
164,207.3817444,0,0,0,54.95617294,0,15.06604767,0,4.447136879,0,57.13654327,0,4.27418851852417,0.934123456478119,11.726393699646,2.64576053619385,16.8312606811523,44.0361518859863,218.266098022461,9.54126071929932,2.78378653526306,0,0,
165,208.8174896,0,0,0,55.09952545,0,15.10470963,0,4.472513676,0,57.47031021,0,4.29065370559692,0.939523041248322,11.7683181762695,2.66222167015076,16.9838714599609,44.2022399902344,218.148223876953,9.61410331726074,2.79150152206421,0,0,
166,210.2469025,0,0,0,55.2416954,0,15.14301682,0,4.497784138,0,57.80243683,0,4.30700206756592,0.944895684719086,11.80992603302,2.67859029769897,17.1365604400635,44.3696708679199,218.03369140625,9.6865873336792,2.79914879798889,0,0,
167,211.6660004,0,0,0,55.38237,0,15.18087864,0,4.52287817,0,58.13201523,0,4.32323122024536,0.950239658355713,11.8512182235718,2.69486498832703,17.2892894744873,44.5383758544922,217.922515869141,9.75870513916016,2.80672860145569,0,0,
168,213.0787659,0,0,0,55.52192688,0,15.21839333,0,4.547865391,0,58.45997238,0,4.33933973312378,0.955554246902466,11.8921937942505,2.71104454994202,17.4420223236084,44.7082939147949,217.814666748047,9.83045387268066,2.81424069404602,0,0,
169,214.4832153,0,0,0,55.66016388,0,15.25551891,0,4.572710037,0,58.78585052,0,4.35533142089844,0.960841178894043,11.9328546524048,2.72713041305542,17.5947246551514,44.8793640136719,217.710144042969,9.90183353424072,2.82168555259705,0,0,
170,215.879364,0,0,0,55.7971611,0,15.29225731,0,4.597412586,0,59.10965729,0,4.37120485305786,0.966099083423615,11.973201751709,2.74312162399292,17.7473602294922,45.0515213012695,217.608917236328,9.97283935546875,2.82906413078308,0,0,
171,217.2692108,0,0,0,55.93305588,0,15.3286705,0,4.62200737,0,59.43186188,0,4.38696384429932,0.971329510211945,12.0132398605347,2.75901937484741,17.8998985290527,45.2247047424316,217.510971069336,10.043475151062,2.83637714385986,0,0,
172,218.6487732,0,0,0,56.06750488,0,15.36465168,0,4.64642334,0,59.75154114,0,4.40260601043701,0.976530730724335,12.0529689788818,2.774822473526,18.0523071289063,45.3988609313965,217.416290283203,10.1137351989746,2.84362459182739,0,0,
173,220.022049,0,0,0,56.20087814,0,15.40030766,0,4.670730591,0,60.06962585,0,4.41813039779663,0.981702029705048,12.0923871994019,2.79053044319153,18.2045574188232,45.5739326477051,217.32487487793,10.1836166381836,2.85080671310425,0,0,
174,221.3850708,0,0,0,56.33283615,0,15.43554211,0,4.694859505,0,60.38520432,0,4.4335355758667,0.986843168735504,12.131495475769,2.80614280700684,18.3566207885742,45.7498626708984,217.236694335938,10.253116607666,2.85792374610901,0,0,
175,222.7418213,0,0,0,56.46374893,0,15.47046185,0,4.718878746,0,60.69919586,0,4.44882202148438,0.99195396900177,12.170295715332,2.82165908813477,18.5084686279297,45.9265937805176,217.151733398438,10.3222332000732,2.86497616767883,0,0,
176,224.0903015,0,0,0,56.5934639,0,15.505022049999999,0,4.742754459,0,61.01115799,0,4.46399593353271,0.997036576271057,12.2087917327881,2.83708095550537,18.6600704193115,46.1040725708008,217.069961547852,10.3909683227539,2.87196469306946,0,0,
177,225.4305267,0,0,0,56.72195816,0,15.53922558,0,4.766484737,0,61.32107925,0,4.47905492782593,1.00208961963654,12.2469844818115,2.85240793228149,18.8114051818848,46.2822494506836,216.991394042969,10.4593210220337,2.87889003753662,0,0,
178,226.7625122,0,0,0,56.84923553,0,15.57307243,0,4.790070057,0,61.62895966,0,4.4939980506897,1.00711226463318,12.2848739624023,2.86763954162598,18.9624481201172,46.4610748291016,216.915985107422,10.5272884368896,2.8857524394989,0,0,
179,228.0842743,0,0,0,56.97515488,0,15.60652065,0,4.813475132,0,61.93436432,0,4.50882053375244,1.01210224628448,12.3224573135376,2.88277363777161,19.1131744384766,46.640495300293,216.843719482422,10.5948629379272,2.89255118370056,0,0,
180,229.3997955,0,0,0,57.10012436,0,15.63967228,0,4.836771011,0,62.23822021,0,4.52352523803711,1.01706075668335,12.3597364425659,2.89781045913696,19.2635612487793,46.8204612731934,216.774612426758,10.6620435714722,2.89928698539734,0,0,
181,230.7071075,0,0,0,57.22386551,0,15.67247677,0,4.859920979,0,62.54005051,0,4.5381178855896,1.02199041843414,12.3967170715332,2.91275191307068,19.4135856628418,47.0009307861328,216.708602905273,10.7288341522217,2.90596127510071,0,0,
182,232.0062103,0,0,0,57.34648895,0,15.70494843,0,4.882925987,0,62.83987427,0,4.55259799957275,1.02689027786255,12.4333992004395,2.92759776115417,19.5632266998291,47.1818504333496,216.645690917969,10.7952337265015,2.91257381439209,0,0,
183,233.2970886,0,0,0,57.4679451,0,15.73707962,0,4.90578413,0,63.13768005,0,4.56696510314941,1.03175950050354,12.4697856903076,2.94234824180603,19.7124652862549,47.3631820678711,216.585830688477,10.8612432479858,2.9191255569458,0,0,
184,234.5797577,0,0,0,57.58829498,0,15.76887512,0,4.928498268,0,63.4335022,0,4.58121871948242,1.03659820556641,12.5058765411377,2.95700287818909,19.8612804412842,47.5448799133301,216.529037475586,10.9268589019775,2.925616979599,0,0,
185,235.854248,0,0,0,57.70749664,0,15.80034542,0,4.951066017,0,63.72731781,0,4.59535932540894,1.04140615463257,12.5416736602783,2.97156190872192,20.0096549987793,47.7269020080566,216.475280761719,10.9920816421509,2.93204832077026,0,0,
186,237.1205139,0,0,0,57.82557678,0,15.83149052,0,4.973487377,0,64.01913452,0,4.60938835144043,1.04618322849274,12.5771789550781,2.98602533340454,20.1575717926025,47.9092025756836,216.424545288086,11.0569095611572,2.93841981887817,0,0,
187,238.3786163,0,0,0,57.94253922,0,15.86231041,0,4.995764256,0,64.30896759,0,4.62330484390259,1.05092966556549,12.6123933792114,3.00039339065552,20.3050136566162,48.0917472839355,216.376815795898,11.1213426589966,2.94473195075989,0,0,
188,239.6285553,0,0,0,58.05838013,0,15.89280891,0,5.017892838,0,64.59680939,0,4.63710975646973,1.05564510822296,12.6473178863525,3.01466584205627,20.4519634246826,48.2744903564453,216.332046508789,11.1853799819946,2.95098519325256,0,0,
189,240.8703156,0,0,0,58.17318726,0,15.92299652,0,5.039878368,0,64.8826828,0,4.65080451965332,1.06032967567444,12.6819543838501,3.02884316444397,20.5984058380127,48.4573974609375,216.290237426758,11.2490215301514,2.95718002319336,0,0,
190,242.1038971,0,0,0,58.28686523,0,15.95286369,0,5.061716557,0,65.16657257,0,4.66438817977905,1.06498336791992,12.7163057327271,3.04292511940002,20.744327545166,48.6404266357422,216.251373291016,11.3122663497925,2.96331715583801,0,0,
191,243.3293304,0,0,0,58.39951706,0,15.98242378,0,5.083409309,0,65.44849396,0,4.6778621673584,1.0696063041687,12.7503719329834,3.0569121837616,20.8897113800049,48.8235511779785,216.215408325195,11.3751153945923,2.9693968296051,0,0,
192,244.5466156,0,0,0,58.51104736,0,16.01167679,0,5.104955196,0,65.72843933,0,4.69122648239136,1.07419836521149,12.7841558456421,3.07080411911011,21.0345458984375,49.0067253112793,216.182357788086,11.4375686645508,2.97541952133179,0,0,
193,245.755722,0,0,0,58.62155914,0,16.04062843,0,5.126355171,0,66.00641632,0,4.7044825553894,1.07875943183899,12.8176574707031,3.08460116386414,21.1788158416748,49.1899147033691,216.15217590332,11.4996252059937,2.98138546943665,0,0,
194,246.9567108,0,0,0,58.73100281,0,16.06927872,0,5.147610664,0,66.28244781,0,4.71763038635254,1.08328986167908,12.8508796691895,3.09830355644226,21.3225116729736,49.3730888366699,216.124847412109,11.5612840652466,2.98729515075684,0,0,
195,248.1495667,0,0,0,58.83945084,0,16.09762573,0,5.168719292,0,66.55651855,0,4.73067092895508,1.08778941631317,12.8838243484497,3.11191153526306,21.4656181335449,49.5562133789063,216.100357055664,11.6225461959839,2.99314951896667,0,0,
196,249.334259,0,0,0,58.94679642,0,16.12567902,0,5.18968153,0,66.82861328,0,4.74360370635986,1.09225797653198,12.9164924621582,3.12542510032654,21.6081256866455,49.7392616271973,216.078659057617,11.6834125518799,2.99894857406616,0,0,
197,250.5108337,0,0,0,59.05319977,0,16.15343857,0,5.210499287,0,67.09877777,0,4.75643014907837,1.09669578075409,12.9488859176636,3.13884449005127,21.7500228881836,49.9221954345703,216.059783935547,11.7438812255859,3.00469279289246,0,0,
198,251.6792908,0,0,0,59.15851212,0,16.18091202,0,5.231169224,0,67.36698151,0,4.7691502571106,1.1011027097702,12.9810056686401,3.15216970443726,21.891300201416,50.1049880981445,216.043655395508,11.8039531707764,3.01038265228271,0,0,
199,252.8396454,0,0,0,59.26284027,0,16.20809364,0,5.251695633,0,67.633255,0,4.7817645072937,1.10547876358032,13.0128536224365,3.16540122032166,22.0319480895996,50.2876091003418,216.030288696289,11.8636293411255,3.01601839065552,0,0,
200,253.9918518,0,0,0,59.36618042,0,16.23499107,0,5.272074699,0,67.89757538,0,4.794273853302,1.10982418060303,13.0444307327271,3.17853903770447,22.1719551086426,50.470027923584,216.019638061523,11.922908782959,3.02160048484802,0,0,
201,255.1339722,0,0,0,59.46827316,0,16.26155472,0,5.292272568,0,68.15949249,0,4.80667304992676,1.11413621902466,13.0757350921631,3.19158124923706,22.3113136291504,50.6522178649902,216.011688232422,11.981785774231,3.02712845802307,0,0,
202,256.269989,0,0,0,59.56962967,0,16.28789139,0,5.312361717,0,68.41995239,0,4.81896495819092,1.11841666698456,13.1067676544189,3.20452857017517,22.4500141143799,50.8341522216797,216.006408691406,12.04026222229,3.03260278701782,0,0,
203,257.3999023,0,0,0,59.67020416,0,16.31399918,0,5.332339287,0,68.67893219,0,4.8311619758606,1.12267053127289,13.1375408172607,3.2173855304718,22.5880489349365,51.0158081054688,216.003799438477,12.098349571228,3.03802585601807,0,0,
204,258.5196838,0,0,0,59.76956177,0,16.33978081,0,5.352135658,0,68.93550873,0,4.84325981140137,1.12689518928528,13.1680536270142,3.23015117645264,22.7254104614258,51.1971588134766,216.003829956055,12.1560468673706,3.04339838027954,0,0,
205,259.6314087,0,0,0,59.86800003,0,16.3652916,0,5.371788025,0,69.19017792,0,4.85525274276733,1.1310875415802,13.1983032226563,3.24282383918762,22.8620910644531,51.3781776428223,216.006500244141,12.2133483886719,3.04871892929077,0,0,
206,260.7350464,0,0,0,59.9654274,0,16.39052773,0,5.391293526,0,69.44290924,0,4.86714172363281,1.13524842262268,13.2282905578613,3.25540351867676,22.998083114624,51.558837890625,216.011749267578,12.2702541351318,3.05398797988892,0,0,
207,261.8305969,0,0,0,60.06193542,0,16.41550446,0,5.410654068,0,69.69373322,0,4.87892818450928,1.13937830924988,13.2580165863037,3.26789045333862,23.1333808898926,51.7391204833984,216.019577026367,12.3267641067505,3.05920600891113,0,0,
208,262.9180908,0,0,0,60.157478330000004,0,16.44020844,0,5.429870129,0,69.94263458,0,4.89061307907104,1.14347743988037,13.2874841690063,3.2802848815918,23.2679767608643,51.919002532959,216.029968261719,12.3828773498535,3.06437349319458,0,0,
209,263.9994812,0,0,0,60.25226593,0,16.46469498,0,5.448974609,0,70.19007111,0,4.90220069885254,1.14754784107208,13.3166971206665,3.29258871078491,23.4018650054932,52.098461151123,216.042877197266,12.4386014938354,3.0694913864135702,0,0,
210,265.0708008,0,0,0,60.34596634,0,16.48887634,0,5.467901707,0,70.43515778,0,4.91369009017944,1.1515885591507,13.3456573486328,3.30480170249939,23.535041809082,52.277473449707,216.058288574219,12.4939365386963,3.07456016540527,0,0,
211,266.1360474,0,0,0,60.43889236,0,16.51285172,0,5.48671627,0,70.67877197,0,4.9250807762146,1.15559911727905,13.3743658065796,3.31692385673523,23.667501449585,52.4560241699219,216.076187133789,12.5488815307617,3.07958030700684,0,0,
212,267.1932373,0,0,0,60.53086853,0,16.53655624,0,5.505386829,0,70.92048645,0,4.93637704849243,1.15958118438721,13.4028263092041,3.32895684242249,23.7992382049561,52.6340866088867,216.096542358398,12.6034412384033,3.08455228805542,0,0,
213,268.2423706,0,0,0,60.62194061,0,16.56001472,0,5.523911953,0,71.16029358,0,4.94757699966431,1.16353356838226,13.4310388565063,3.34090042114258,23.930248260498,52.8116455078125,216.119369506836,12.6576147079468,3.0894763469696,0,0,
214,269.2834473,0,0,0,60.71213531,0,16.58321762,0,5.542292595,0,71.39820099,0,4.95867919921875,1.16745555400848,13.459005355835,3.35275459289551,24.0605278015137,52.9886817932129,216.144607543945,12.7114019393921,3.09435296058655,0,0,
215,270.3164673,0,0,0,60.80142593,0,16.60617638,0,5.560529232,0,71.63420868,0,4.96968412399292,1.17134714126587,13.4867258071899,3.3645191192627,24.1900730133057,53.1651802062988,216.172256469727,12.7648019790649,3.09918212890625,0,0,
216,271.3414307,0,0,0,60.88974762,0,16.62887383,0,5.57861948,0,71.86830902,0,4.98059129714966,1.17520821094513,13.514199256897,3.3761932849884,24.3188781738281,53.3411178588867,216.202255249023,12.8178129196167,3.10396409034729,0,0,
217,272.3603516,0,0,0,60.97741318,0,16.65137672,0,5.59660244,0,72.10098267,0,4.99140453338623,1.17904102802277,13.5414323806763,3.38777899742126,24.4469413757324,53.5164833068848,216.234619140625,12.8704423904419,3.10869956016541,0,0,
218,273.3712158,0,0,0,61.06415939,0,16.67363548,0,5.614439487,0,72.33175659,0,5.00212812423706,1.18284642696381,13.5684280395508,3.39927792549133,24.5742588043213,53.6912536621094,216.269317626953,12.9226932525635,3.11338949203491,0,0,
219,274.374054,0,0,0,61.15006256,0,16.69564819,0,5.632133484,0,72.56065369,0,5.0127592086792,1.18662250041962,13.5951862335205,3.41068983078003,24.7008285522461,53.865421295166,216.30632019043,12.9745635986328,3.11803436279297,0,0,
220,275.3688354,0,0,0,61.23504639,0,16.71742439,0,5.649682045,0,72.78765106,0,5.02329587936401,1.19036865234375,13.6217069625854,3.42201328277588,24.8266468048096,54.0389671325684,216.345611572266,13.0260534286499,3.122633934021,0,0,
221,276.3556519,0,0,0,61.31921768,0,16.73895645,0,5.667088509,0,73.01277924,0,5.03373718261719,1.19408428668976,13.6479902267456,3.43324851989746,24.9517116546631,54.2118759155273,216.387176513672,13.0771608352661,3.12718796730042,0,0,
222,277.3363647,0,0,0,61.40264893,0,16.76029587,0,5.684382915,0,73.23645782,0,5.04408740997314,1.19777178764343,13.6740417480469,3.44439721107483,25.076021194458,54.3841361999512,216.43098449707,13.1278915405273,3.1316978931427,0,0,
223,278.309082,0,0,0,61.48519516,0,16.78139877,0,5.701535702,0,73.45826721,0,5.05434942245483,1.2014319896698,13.6998624801636,3.4554603099823,25.1995735168457,54.5557289123535,216.477020263672,13.1782484054565,3.13616418838501,0,0,
224,279.2737122,0,0,0,61.56694794,0,16.8022747,0,5.71854353,0,73.67819214,0,5.06452083587646,1.20506310462952,13.72545337677,3.46643733978271,25.3223667144775,54.7266464233398,216.525253295898,13.2282295227051,3.14058661460876,0,0,
225,280.2304077,0,0,0,61.64774704,0,16.82291031,0,5.735406876,0,73.8962326,0,5.0745997428894,1.20866429805756,13.7508125305176,3.47732758522034,25.4443988800049,54.8968734741211,216.575668334961,13.2778329849243,3.14496517181396,0,0,
226,281.1810303,0,0,0,61.72792816,0,16.84335709,0,5.75216198,0,74.112854,0,5.0845890045166,1.21223723888397,13.7759447097778,3.48813199996948,25.5656681060791,55.0663986206055,216.628234863281,13.3270626068115,3.14930057525635,0,0,
227,282.1236572,0,0,0,61.80733109,0,16.86358452,0,5.768775463,0,74.32762146,0,5.09449195861816,1.21578323841095,13.8008527755737,3.49885225296021,25.6861724853516,55.2352104187012,216.682922363281,13.375922203064,3.15359401702881,0,0,
228,283.0602417,0,0,0,61.88599396,0,16.88361931,0,5.785277843,0,74.54094696,0,5.10431098937988,1.21930241584778,13.8255395889282,3.50948929786682,25.8059139251709,55.4032974243164,216.739730834961,13.4244165420532,3.15784597396851,0,0,
229,283.98883059999997,0,0,0,61.96382141,0,16.90342712,0,5.801638126,0,74.75241852,0,5.11404514312744,1.22279465198517,13.8500089645386,3.52004384994507,25.9248886108398,55.5706481933594,216.798645019531,13.4725475311279,3.16205668449402,0,0,
230,284.9093933,0,0,0,62.04084015,0,16.92301941,0,5.817854404,0,74.96200562,0,5.12369060516357,1.22625803947449,13.8742570877075,3.53051424026489,26.043098449707,55.7372550964355,216.859634399414,13.5203113555908,3.16622591018677,0,0,
231,285.821991,0,0,0,62.11701965,0,16.94238091,0,5.833928585,0,75.1697464,0,5.13324642181396,1.22969174385071,13.8982830047607,3.54089999198914,26.1605415344238,55.9031066894531,216.922668457031,13.5677061080933,3.17035388946533,0,0,
232,286.7285461,0,0,0,62.1925621,0,16.96157074,0,5.849893093,0,75.37606812,0,5.14271545410156,1.23309755325317,13.9220914840698,3.55120253562927,26.2772178649902,56.0681915283203,216.987716674805,13.6147346496582,3.17444062232971,0,0,
233,287.6290894,0,0,0,62.26744461,0,16.98057556,0,5.865749359,0,75.58097839,0,5.15210485458374,1.23647856712341,13.9456882476807,3.56142425537109,26.3931274414063,56.2325019836426,217.054779052734,13.6614065170288,3.17848801612854,0,0,
234,288.521637,0,0,0,62.34151459,0,16.99936676,0,5.881463051,0,75.78401947,0,5.16141366958618,1.23983359336853,13.9690732955933,3.57156562805176,26.5082702636719,56.3960304260254,217.123840332031,13.7077226638794,3.18249583244324,0,0,
235,289.4062195,0,0,0,62.41482544,0,17.01794434,0,5.897035122,0,75.98522186,0,5.17063665390015,1.24316024780273,13.9922475814819,3.58162522315979,26.6226463317871,56.5587692260742,217.194854736328,13.7536783218384,3.18646454811096,0,0,
236,290.28479,0,0,0,62.48747253,0,17.03634262,0,5.912498474,0,76.18501282,0,5.17977666854858,1.24645960330963,14.015212059021,3.59160351753235,26.7362575531006,56.7207107543945,217.267807006836,13.7992763519287,3.19039416313171,0,0,
237,291.1553345,0,0,0,62.55926895,0,17.054533,0,5.927817822,0,76.38292694,0,5.18883419036865,1.24973201751709,14.0379667282104,3.60150098800659,26.8491020202637,56.8818435668945,217.342681884766,13.8445196151733,3.19428467750549,0,0,
238,292.0198975,0,0,0,62.63048553,0,17.07254601,0,5.943030834,0,76.57946014,0,5.19781064987183,1.25297784805298,14.0605144500732,3.61131834983826,26.961181640625,57.042163848877,217.419464111328,13.8894090652466,3.19813656806946,0,0,
239,292.8764954,0,0,0,62.70088959,0,17.0903492,0,5.958101749,0,76.77414703,0,5.20670604705811,1.25619721412659,14.082857131958,3.62105631828308,27.0724964141846,57.20166015625,217.498123168945,13.9339466094971,3.20195031166077,0,0,
240,293.7270508,0,0,0,62.77067184,0,17.10798454,0,5.973062038,0,76.9673996,0,5.21551990509033,1.25938999652863,14.1049947738647,3.63071441650391,27.183048248291,57.3603286743164,217.578659057617,13.9781332015991,3.20572662353516,0,0,
241,294.5716553,0,0,0,62.83983994,0,17.12545395,0,5.9879179,0,77.15929413,0,5.22425889968872,1.2625584602356,14.1269330978394,3.64029550552368,27.2928371429443,57.5181732177734,217.661026000977,14.0219764709473,3.20946598052979,0,0,
242,295.4082642,0,0,0,62.90824509,0,17.14271545,0,6.002630234,0,77.34931183,0,5.23292016983032,1.26570165157318,14.1486740112305,3.64979910850525,27.4018650054932,57.6751747131348,217.745223999023,14.0654745101929,3.21316862106323,0,0,
243,296.236908,0,0,0,62.97593307,0,17.15977859,0,6.0172019,0,77.53752136,0,5.24149942398071,1.26881647109985,14.1702146530151,3.65922355651855,27.5101337432861,57.8313293457031,217.831207275391,14.108624458313,3.21683478355408,0,0,
244,297.0615234,0,0,0,63.04307938,0,17.17670441,0,6.031699657,0,77.72475433,0,5.25000190734863,1.27190637588501,14.1915588378906,3.66857099533081,27.6176433563232,57.9866371154785,217.918975830078,14.1514329910278,3.22046494483948,0,0,
245,297.8761902,0,0,0,63.10935974,0,17.19339371,0,6.046020508,0,77.90970612,0,5.25842714309692,1.27497041225433,14.2127075195313,3.67784142494202,27.7243976593018,58.1410903930664,218.008499145508,14.1938991546631,3.22405910491943,0,0,
246,298.6868896,0,0,0,63.17514038,0,17.20996284,0,6.060268879,0,78.09371185,0,5.26677370071411,1.27800822257996,14.233660697937,3.68703460693359,27.830394744873,58.2946853637695,218.099761962891,14.2360239028931,3.22761750221252,0,0,
247,299.489563,0,0,0,63.24018097,0,17.22633171,0,6.074375153,0,78.27587891,0,5.27504730224609,1.28102207183838,14.2544221878052,3.69615244865417,27.9356384277344,58.4474182128906,218.192733764648,14.2778129577637,3.23114085197449,0,0,
248,300.2862854,0,0,0,63.30462646,0,17.24254036,0,6.088375568,0,78.45664978,0,5.28324508666992,1.28401052951813,14.2749919891357,3.7051944732666,28.0401306152344,58.5992813110352,218.287414550781,14.3192663192749,3.23462891578674,0,0,
249,301.0770264,0,0,0,63.36848068,0,17.25858307,0,6.102267742,0,78.63603973,0,5.2913703918457,1.28697538375854,14.2953758239746,3.71416234970093,28.143871307373,58.7502746582031,218.383773803711,14.360387802124,3.23808264732361,0,0,
250,301.8598328,0,0,0,63.4315834,0,17.27443886,0,6.116019249,0,78.81359863,0,5.29942083358765,1.28991484642029,14.3155717849731,3.7230558395385702,28.246862411499,58.900390625,218.481781005859,14.4011783599854,3.24150252342224,0,0,
251,302.6366272,0,0,0,63.49410248,0,17.29013252,0,6.129663467,0,78.98976898,0,5.30739593505859,1.29282855987549,14.335578918457,3.7318742275238,28.3491096496582,59.0496292114258,218.581420898438,14.4416351318359,3.2448878288269,0,0,
252,303.4074402,0,0,0,63.55602264,0,17.30566788,0,6.143201351,0,79.16454315,0,5.31529903411865,1.29571831226349,14.3554010391235,3.74061942100525,28.450611114502,59.1979904174805,218.682693481445,14.481764793396,3.24823951721191,0,0,
253,304.1723022,0,0,0,63.61739731,0,17.32105446,0,6.156632423,0,79.33795929,0,5.32313299179077,1.29858505725861,14.3750429153442,3.74929213523865,28.5513706207275,59.3454704284668,218.785568237305,14.5215692520142,3.25155878067017,0,0,
254,304.9291992,0,0,0,63.67802429,0,17.3362484,0,6.169922352,0,79.50952911,0,5.33089303970337,1.30142676830292,14.3945035934448,3.75789189338684,28.651388168335,59.4920616149902,218.890014648438,14.5610494613647,3.25484490394592,0,0,
255,305.6820984,0,0,0,63.7382431,0,17.35132599,0,6.183140278,0,79.68016815,0,5.33858346939087,1.30424499511719,14.4137859344482,3.76641964912415,28.7506694793701,59.637767791748,218.996017456055,14.6002082824707,3.2580988407135,0,0,
256,306.427063,0,0,0,63.79772949,0,17.36621284,0,6.196217537,0,79.84898376,0,5.34620571136475,1.30704033374786,14.4328918457031,3.77487683296204,28.8492164611816,59.7825813293457,219.103561401367,14.6390495300293,3.26132082939148,0,0,
257,307.1660461,0,0,0,63.85659027,0,17.38094902,0,6.209187508,0,80.01641083,0,5.35375547409058,1.30981063842773,14.4518184661865,3.78326177597046,28.9470310211182,59.9265060424805,219.212631225586,14.6775703430176,3.26451063156128,0,0,
258,307.8990479,0,0,0,63.91490936,0,17.395534519999998,0,6.22205019,0,80.18245697,0,5.36123609542847,1.31255757808685,14.4705696105957,3.79157638549805,29.0441150665283,60.0695343017578,219.323211669922,14.7157735824585,3.26766848564148,0,0,
259,308.6261292,0,0,0,63.97270584,0,17.40997696,0,6.234809399,0,80.34715271,0,5.36864900588989,1.31528162956238,14.4891481399536,3.79982089996338,29.1404724121094,60.211669921875,219.435272216797,14.7536630630493,3.2707953453064,0,0,
260,309.3452454,0,0,0,64.02973175,0,17.42422485,0,6.247425556,0,80.50999451,0,5.37599086761475,1.31798088550568,14.5075521469116,3.80799412727356,29.2361068725586,60.352912902832,219.548797607422,14.7912368774414,3.27389049530029,0,0,
261,310.0603638,0,0,0,64.08638,0,17.43836784,0,6.259970188,0,80.67192078,0,5.3832631111145,1.32065665721893,14.5257816314697,3.81609725952148,29.3310203552246,60.4932556152344,219.663772583008,14.8284969329834,3.27695465087891,0,0,
262,310.7695313,0,0,0,64.14243317,0,17.45236015,0,6.272408962,0,80.83247375,0,5.39047288894653,1.32331192493439,14.5438451766968,3.82413291931152,29.4252128601074,60.632698059082,219.780166625977,14.8654518127441,3.27998876571655,0,0,
263,311.4707336,0,0,0,64.19782257,0,17.46617126,0,6.284706593,0,80.99119568,0,5.39761447906494,1.32594299316406,14.5617389678955,3.83209943771362,29.5186901092529,60.7712440490723,219.897964477539,14.9020967483521,3.2829921245575,0,0,
264,312.1679688,0,0,0,64.25280762,0,17.47987938,0,6.296934605,0,81.1490097,0,5.4046893119812,1.32855129241943,14.5794658660889,3.83999729156494,29.6114540100098,60.9088897705078,220.017166137695,14.9384365081787,3.28596568107605,0,0,
265,312.8572998,0,0,0,64.30706024,0,17.49340439,0,6.30902195,0,81.30500793,0,5.41169881820679,1.33113718032837,14.5970268249512,3.84782743453979,29.7035064697266,61.0456390380859,220.137741088867,14.9744701385498,3.2889096736908,0,0,
266,313.5426331,0,0,0,64.36095428,0,17.50681877,0,6.321037292,0,81.46007538,0,5.41864204406738,1.333700299263,14.6144227981567,3.85558986663818,29.7948532104492,61.1814918518066,220.259674072266,15.0102014541626,3.29182410240173,0,0,
267,314.2219849,0,0,0,64.41429138,0,17.52009583,0,6.332946301,0,81.61376953,0,5.42552471160889,1.33624339103699,14.6316585540771,3.8632869720459,29.8854942321777,61.3164443969727,220.382949829102,15.0456371307373,3.29470992088318,0,0,
268,314.8954163,0,0,0,64.46708679,0,17.53322792,0,6.344749928,0,81.76610565,0,5.43234491348267,1.33876478672028,14.648736000061,3.87091875076294,29.975435256958,61.450496673584,220.507537841797,15.0807771682739,3.29756760597229,0,0,
269,315.5628662,0,0,0,64.51934814,0,17.54622269,0,6.356448174,0,81.91706848,0,5.43910264968872,1.341264128685,14.6656532287598,3.87848496437073,30.0646781921387,61.5836563110352,220.633438110352,15.1156225204468,3.30039691925049,0,0,
270,316.2243958,0,0,0,64.57106781,0,17.55907822,0,6.368041039,0,82.06667328,0,5.44579648971558,1.34374129772186,14.6824131011963,3.88598585128784,30.153226852417,61.7159156799316,220.760604858398,15.1501741409302,3.30319809913635,0,0,
271,316.8799438,0,0,0,64.62223053,0,17.57179451,0,6.379527569,0,82.21489716,0,5.45242643356323,1.34619617462158,14.699013710022,3.89342164993286,30.2410831451416,61.8472785949707,220.889038085938,15.1844320297241,3.30597114562988,0,0,
272,317.5295715,0,0,0,64.67284393,0,17.58436775,0,6.390908718,0,82.361763,0,5.45899295806885,1.34862875938416,14.7154560089111,3.90079188346863,30.3282527923584,61.9777488708496,221.018737792969,15.2183971405029,3.30871605873108,0,0,
273,318.17523190000003,0,0,0,64.72317505,0,17.59684372,0,6.402220249,0,82.50772095,0,5.46550035476685,1.35104131698608,14.7317457199097,3.90809869766235,30.414737701416,62.1073265075684,221.149658203125,15.2520751953125,3.31143403053284,0,0,
274,318.8129578,0,0,0,64.77270508,0,17.60914421,0,6.41339016,0,82.65185547,0,5.47194623947144,1.35343253612518,14.7478828430176,3.91534209251404,30.5005416870117,62.2360076904297,221.281814575195,15.2854652404785,3.31412482261658,0,0,
275,319.4466858,0,0,0,64.82192993,0,17.6213398,0,6.424490452,0,82.79508209,0,5.4783296585083,1.35580158233643,14.7638645172119,3.92252087593079,30.5856647491455,62.3637962341309,221.415145874023,15.318567276001,3.31678795814514,0,0,
276,320.0744629,0,0,0,64.87056732,0,17.63340378,0,6.435483456,0,82.9369278,0,5.48465490341187,1.3581508398056,14.7796964645386,3.92963719367981,30.6701164245605,62.4906921386719,221.549667358398,15.3513879776001,3.31942486763,0,0,
277,320.6982727,0,0,0,64.91888428,0,17.6453743,0,6.446407795,0,83.07788086,0,5.49092388153076,1.36048078536987,14.7953824996948,3.93669271469116,30.7538928985596,62.6167030334473,221.685363769531,15.3839302062988,3.32203555107117,0,0,
278,321.314209,0,0,0,64.96652222,0,17.65716743,0,6.457191467,0,83.21702576,0,5.49713373184204,1.36278986930847,14.8109197616577,3.94368696212769,30.8370037078857,62.7418251037598,221.822204589844,15.4161930084229,3.32462024688721,0,0,
279,321.926178,0,0,0,65.0137558,0,17.6688652,0,6.467904568,0,83.3552475,0,5.50328254699707,1.36507713794708,14.8263082504272,3.95061850547791,30.9194507598877,62.8660583496094,221.960159301758,15.4481763839722,3.32717895507813,0,0,
280,322.5321655,0,0,0,65.06049347,0,17.68043327,0,6.478511333,0,83.49210358,0,5.50937461853027,1.36734437942505,14.8415508270264,3.95748925209045,31.0012340545654,62.9894104003906,222.099243164063,15.4798851013184,3.3297119140625,0,0,
281,323.1341858,0,0,0,65.10688782,0,17.69190216,0,6.489050388,0,83.62807465,0,5.51541137695313,1.36959266662598,14.8566513061523,3.96429991722107,31.0823593139648,63.1118850708008,222.239410400391,15.5113220214844,3.33222007751465,0,0,
282,323.7303162,0,0,0,65.15274811,0,17.70323753,0,6.499483109,0,83.76268005,0,5.52139377593994,1.37182235717773,14.8716125488281,3.9710521697998,31.1628322601318,63.2334747314453,222.38069152832,15.5424919128418,3.33470368385315,0,0,
283,324.3204651,0,0,0,65.19811249,0,17.7144413,0,6.509810448,0,83.8959198,0,5.52731800079346,1.37403118610382,14.8864297866821,3.97774434089661,31.2426567077637,63.3541870117188,222.523025512695,15.5733919143677,3.33716201782227,0,0,
284,324.9066467,0,0,0,65.24307251,0,17.72555351,0,6.520066738,0,84.02824402,0,5.53318691253662,1.37622046470642,14.9011077880859,3.98437762260437,31.3218326568604,63.4740295410156,222.666412353516,15.6040229797363,3.33959603309631,0,0,
285,325.486908,0,0,0,65.28755951,0,17.7365303,0,6.530220032,0,84.15922546,0,5.53900146484375,1.37839078903198,14.9156475067139,3.99095273017883,31.4003677368164,63.5930023193359,222.810836791992,15.6343908309937,3.34200572967529,0,0,
286,326.0632019,0,0,0,65.33165741,0,17.74742317,0,6.5403013229999996,0,84.28929138,0,5.54476356506348,1.38054251670837,14.9300508499146,3.99747037887573,31.4782600402832,63.7111053466797,222.956268310547,15.6644973754883,3.34439134597778,0,0,
287,326.6335754,0,0,0,65.37528992,0,17.75818062,0,6.550278664,0,84.4180069,0,5.55047273635864,1.3826756477356,14.9443197250366,4.00393104553223,31.5555171966553,63.8283424377441,223.102722167969,15.6943445205688,3.3467538356781,0,0,
288,327.197998,0,0,0,65.41836548,0,17.76880836,0,6.560150623,0,84.54535675,0,5.55612421035767,1.38478803634644,14.9584512710571,4.01033353805542,31.6321430206299,63.9447135925293,223.250152587891,15.7239303588867,3.34909224510193,0,0,
289,327.7584839,0,0,0,65.46117401,0,17.77934647,0,6.569953918,0,84.67182922,0,5.56172180175781,1.38688099384308,14.9724493026733,4.01667881011963,31.7081413269043,64.0602264404297,223.398559570313,15.7532548904419,3.3514070510864298,0,0,
290,328.3129883,0,0,0,65.50339508,0,17.78975487,0,6.579650402,0,84.79691315,0,5.56726551055908,1.38895511627197,14.9863119125366,4.02296733856201,31.7835159301758,64.1748733520508,223.547927856445,15.7823219299316,3.35369873046875,0,0,
291,328.8635559,0,0,0,65.54528809,0,17.80007744,0,6.589277744,0,84.92110443,0,5.57275676727295,1.3910106420517,15.0000419616699,4.02919912338257,31.858268737793,64.2886734008789,223.698226928711,15.8111343383789,3.35596704483032,0,0,
292,329.4101868,0,0,0,65.58683777,0,17.81030655,0,6.598834515,0,85.04439545,0,5.578200340271,1.39304983615875,15.0136451721191,4.03537654876709,31.9324035644531,64.4016189575195,223.849456787109,15.8396978378296,3.35821318626404,0,0,
293,329.9508972,0,0,0,65.62789917,0,17.82040977,0,6.608287334,0,85.16633606,0,5.58359384536743,1.39507126808167,15.02712059021,4.04150056838989,32.0059242248535,64.5137176513672,224.001602172852,15.8680143356323,3.3604371547699,0,0,
294,330.4856567,0,0,0,65.66843414,0,17.83038712,0,6.617635727,0,85.28691864,0,5.58893299102783,1.39707255363464,15.0404644012451,4.04756832122803,32.0788345336914,64.6249694824219,224.154632568359,15.8960790634155,3.36263871192932,0,0,
295,331.0164185,0,0,0,65.7086792,0,17.8402729,0,6.626913548,0,85.40660095,0,5.59421825408936,1.399054646492,15.0536785125732,4.05358028411865,32.1511421203613,64.7353744506836,224.308563232422,15.9238929748535,3.36481761932373,0,0,
296,331.5433044,0,0,0,65.75788116,0,17.85049629,0,6.636278152,0,85.52739716,0,5.59948635101318,1.40102994441986,15.0668935775757,4.05954742431641,32.2228469848633,64.8449478149414,224.463363647461,15.9514636993408,3.3670175075531,0,0,
297,332.064209,0,0,0,65.83044434,0,17.86166,0,6.645935059,0,85.65196991,0,5.60482978820801,1.40302693843842,15.0805292129517,4.06549739837646,32.2939529418945,64.9537353515625,224.619033813477,15.9787893295288,3.36938261985779,0,0,
298,332.5811768,0,0,0,65.90238953,0,17.87272263,0,6.655517578,0,85.77557373,0,5.61026573181152,1.40504634380341,15.0948219299316,4.07144498825073,32.3644638061523,65.0617980957031,224.775573730469,16.0058727264404,3.37198734283447,0,0,
299,333.0941772,0,0,0,65.97375488,0,17.88368416,0,6.665027142,0,85.89823914,0,5.61573123931885,1.40706539154053,15.109655380249,4.07738256454468,32.434383392334,65.1691665649414,224.932968139648,16.0327186584473,3.3747832775116,0,0,
300,333.6012573,0,0,0,66.0442276,0,17.89450455,0,6.674424648,0,86.01945496,0,5.62118673324585,1.4090723991394,15.1249227523804,4.08330202102661,32.5037155151367,65.2758712768555,225.091201782227,16.059326171875,3.37773013114929,0,0,
