"Time Step","Softwood Merchantable","Hardwood Merchantable","Softwood Submerchantable","Hardwood Submerchantable","Softwood Other","Hardwood Other","Softwood Foliage","Hardwood Foliage","Softwood Fine Roots","Hardwood Fine Roots","Softwood Coarse Roots","Hardwood Coarse Roots","Aboveground Very Fast DOM","Belowground Very Fast DOM","Aboveground Fast DOM","Belowground Fast DOM","Medium DOM","Aboveground Slow DOM","Belowground Slow DOM","Softwood Stem Snag","Softwood Branch Snag","Hardwood Stem Snag","Hardwood Branch Snag",
0,0,0,0,0,0,0,0,0,0,0,0,0,0.72630101442337,1.96785402297974,6.17684316635132,4.77402496337891,7.8844141960144,11.4512796401978,56.7709007263184,27.2510509490967,9.3213939666748,0,0,
1,0.00421135081,0,0,0,0.06904593855,0,0.02259602398,0,0.009045760147,0,0.01223367546,0,0.575855851173401,1.29020845890045,6.40640068054199,4.30159854888916,8.53058338165283,11.591480255127,56.8486518859863,26.038818359375,7.9744439125061,0,0,
2,0.02021699958,0,0,0,0.217677623,0,0.06227177382,0,0.02819879726,0,0.03843814507,0,0.464342296123505,0.849202990531921,6.49499034881592,3.87610125541687,9.12229442596436,11.715859413147,56.8796463012695,24.8805809020996,6.82321166992188,0,0,
3,0.05058485642,0,0,0,0.4210544527,0,0.1122484803,0,0.05450872332,0,0.07511437684,0,0.387368261814117,0.565047025680542,6.47612380981445,3.49299836158752,9.66263580322266,11.8257064819336,56.8787307739258,23.774019241333,5.84004688262939,0,0,
4,0.09690618515,0,0,0,0.6672677994,0,0.1699557751,0,0.08653191477,0,0.1208448932,0,0.340357035398483,0.385003864765167,6.37698554992676,3.14818215370178,10.1545429229736,11.9223670959473,56.8559226989746,22.7169361114502,5.00112152099609,0,0,
5,0.1603405625,0,0,0,0.9480680227,0,0.2337974608,0,0.1232172549,0,0.1747524738,0,0.319133222103119,0.274260491132736,6.21964120864868,2.83794093132019,10.6008071899414,12.0072011947632,56.8180541992188,21.707239151001,4.28595590591431,0,0,
6,0.2417697757,0,0,0,1.256986141,0,0.3026161194,0,0.1637033671,0,0.2362012416,0,0.319995611906052,0.209808051586151,6.0219202041626,2.55892372131348,11.0040836334229,12.0815496444702,56.7698173522949,20.7429370880127,3.67696022987366,0,0,
7,0.3418659866,0,0,0,1.588615775,0,0.3755021989,0,0.2072468251,0,0.3046815991,0,0.339696973562241,0.176403611898422,5.79813766479492,2.30810594558716,11.3668966293335,12.1467132568359,56.714485168457,19.8221302032471,3.15903067588806,0,0,
8,0.4611276686,0,0,0,1.93827033,0,0.4517057538,0,0.2531908154,0,0.3797542453,0,0.375398337841034,0.16391359269619,5.55969047546387,2.08275818824768,11.6916446685791,12.2039403915405,56.6543731689453,18.9430103302002,2.71919846534729,0,0,
9,0.5999010801,0,0,0,2.30179739,0,0.5305891633,0,0.3009491265,0,0.4610187709,0,0.424619078636169,0.165568381547928,5.31555509567261,1.88041710853577,11.9806108474731,12.2544136047363,56.5911483764648,18.103853225708,2.34632730484009,0,0,
10,0.7583938241,0,0,0,2.675468206,0,0.6115991473,0,0.3499973416,0,0.5480950475,0,0.485189944505692,0.176816195249557,5.07270669937134,1.69886004924774,12.2359628677368,12.2992448806763,56.5260238647461,17.3030090332031,2.0308530330658,0,0,
11,0.9366843104,0,0,0,3.055910587,0,0.6942490339,0,0.3998672664,0,0.6406120062,0,0.555211186408997,0.194570645689964,4.8364691734314,1.53608059883118,12.4597625732422,12.3394660949707,56.4599113464355,16.5389022827148,1.76456022262573,0,0,
12,1.134728789,0,0,0,3.440063953,0,0.7781065106,0,0.4501430988,0,0.7382006645,0,0.633016884326935,0.216716885566711,4.61080837249756,1.39026784896851,12.6539688110352,12.3760328292847,56.3935012817383,15.8100290298462,1.54039025306702,0,0,
13,1.352367282,0,0,0,3.825148821,0,0.8627852201,0,0.5004577041,0,0.8404892087,0,0.717144370079041,0.241787135601044,4.39857959747314,1.25978648662567,12.8204431533813,12.4098196029663,56.327320098877,15.114953994751,1.3522766828537,0,0,
14,1.589328289,0,0,0,4.208646297,0,0.947938621,0,0.5504902005,0,0.9471026063,0,0.806308448314667,0.268747568130493,4.20173406600952,1.14315986633301,12.9609546661377,12.4416198730469,56.2617835998535,14.4523029327393,1.19500505924225,0,0,
15,1.845234156,0,0,0,4.588282108,0,1.033254981,0,0.5999627709,0,1.05766058,0,0.899379909038544,0.296857893466949,4.02149200439453,1.03905403614044,13.0771837234497,12.4721479415894,56.1972160339355,13.8207597732544,1.06409180164337,0,0,
16,2.119605064,0,0,0,4.962013721,0,1.118453622,0,0.648637712,0,1.17177844,0,0.995366930961609,0.325579077005386,3.85848689079285,0.946263670921326,13.170726776123,12.5020437240601,56.1338806152344,13.2190628051758,0.955680549144745,0,0,
17,2.411864281,0,0,0,5.328020573,0,1.203282237,0,0.6963144541,0,1.28906858,0,1.09339964389801,0.354511976242065,3.71288681030273,0.86369925737381,13.2430992126465,12.5318717956543,56.0719757080078,12.6460065841675,0.866454362869263,0,0,
18,2.721343756,0,0,0,5.684697628,0,1.287513614,0,0.7428269982,0,1.409142256,0,1.19271636009216,0.383356511592865,3.58449363708496,0.790375530719757,13.2957401275635,12.5621271133423,56.0116653442383,12.1004323959351,0.79355925321579,0,0,
19,3.047288656,0,0,0,6.030642986,0,1.370944262,0,0.7880402803,0,1.531610131,0,1.29265236854553,0.411884516477585,3.47282814979553,0.725401282310486,13.3300151824951,12.5932388305664,55.9530754089355,11.5812292098999,0.734539389610291,0,0,
20,3.388863802,0,0,0,6.364654064,0,1.453392267,0,0.8318477869,0,1.656086326,0,1.3926295042038,0.439921170473099,3.37719893455505,0.66797000169754,13.3472204208374,12.6255722045898,55.8963088989258,11.0873279571533,0.687281489372253,0,0,
21,3.745159626,0,0,0,6.685716152,0,1.534695387,0,0.8741680384,0,1.782188535,0,1.49214696884155,0.467332124710083,3.29675841331482,0.617351531982422,13.3485841751099,12.6594371795654,55.8414344787598,10.6177062988281,0.64996737241745,0,0,
22,4.115199089,0,0,0,6.9929986,0,1.614709973,0,0.9149427414,0,1.909542799,0,1.59077405929565,0.494014799594879,3.23055124282837,0.572884619235992,13.3352727890015,12.6950874328613,55.7885055541992,10.1713771820068,0.621032774448395,0,0,
23,4.497943878,0,0,0,7.285841942,0,1.693309426,0,0.9541330934,0,2.037781954,0,1.68814206123352,0.519891679286957,3.17755174636841,0.533970057964325,13.3083906173706,12.7327289581299,55.7375640869141,9.74739265441895,0.599132418632507,0,0,
24,4.892302036,0,0,0,7.563751698,0,1.770383,0,0.9917179346,0,2.166551113,0,1.78393852710724,0.544905722141266,3.13669610023499,0.500064671039581,13.2689838409424,12.7725210189819,55.6886329650879,9.34483814239502,0.583109974861145,0,0,
25,5.297135353,0,0,0,7.826388836,0,1.845834613,0,1.027691007,0,2.295506477,0,1.87790071964264,0.569016695022583,3.10690712928772,0.470675975084305,13.2180442810059,12.8145837783813,55.641716003418,8.96283340454102,0.57197231054306,0,0,
26,5.711267948,0,0,0,8.073560715,0,1.919582129,0,1.062059283,0,2.424319744,0,1.96981120109558,0.592198371887207,3.08711433410645,0.445357114076614,13.1565103530884,12.858998298645,55.5968246459961,8.60053062438965,0.564867436885834,0,0,
27,6.133491516,0,0,0,8.305208206,0,1.991555929,0,1.094839931,0,2.552677155,0,2.05949211120605,0.614435970783234,3.07627034187317,0.423702627420425,13.0852689743042,12.9058132171631,55.5539398193359,8.25710964202881,0.561065077781677,0,0,
28,6.767250538,0,0,0,8.308794022,0,2.0440557,0,1.124962211,0,2.675699711,0,2.14561796188354,0.635609328746796,3.07046866416931,0.405323773622513,13.0051593780518,12.9549293518066,55.5130386352539,7.932457447052,0.558930218219757,0,0,
29,7.164937496,0,0,0,8.42164135,0,2.10024929,0,1.14897728,0,2.777498722,0,2.22689366340637,0.655165076255798,3.06763529777527,0.389776736497879,12.9169950485229,13.0061416625977,55.4740371704102,7.62565851211548,0.557657301425934,0,0,
30,7.564146042,0,0,0,8.5328722,0,2.155955791,0,1.172326207,0,2.879834652,0,2.30367374420166,0.672949969768524,3.06891584396362,0.376688033342361,12.8215408325195,13.0592889785767,55.4368286132813,7.33514261245728,0.557633340358734,0,0,
31,7.964997292,0,0,0,8.642674446,0,2.211217642,0,1.195040941,0,2.982752562,0,2.37668490409851,0.689438104629517,3.07397961616516,0.36581939458847,12.7194919586182,13.1142444610596,55.4013404846191,7.0601954460144,0.558663308620453,0,0,
32,8.367595673,0,0,0,8.751220703,0,2.266069651,0,1.217149854,0,3.086295128,0,2.44651317596436,0.704946458339691,3.08251643180847,0.356956541538239,12.6115036010742,13.1709051132202,55.3675308227539,6.80013608932495,0.560582160949707,0,0,
33,8.766998291,0,0,0,8.85731411,0,2.319867373,0,1.238413334,0,3.189194679,0,2.51355862617493,0.719660520553589,3.0942120552063,0.349900901317596,12.4981937408447,13.2291822433472,55.3353652954102,6.55429744720459,0.563243687152863,0,0,
34,9.165895462,0,0,0,8.961815834,0,2.37300396,0,1.259010434,0,3.29214859,0,2.57811427116394,0.733695447444916,3.10876369476318,0.344470947980881,12.3801422119141,13.2889957427979,55.304817199707,6.32203483581543,0.566521406173706,0,0,
35,9.56441021,0,0,0,9.064866066,0,2.425518036,0,1.278974175,0,3.395190239,0,2.64046406745911,0.747149050235748,3.12590384483337,0.340506434440613,12.2578945159912,13.3502788543701,55.2758674621582,6.10274028778076,0.570311844348907,0,0,
36,9.962647438,0,0,0,9.166584969,0,2.477443218,0,1.298333764,0,3.498348236,0,2.70084404945374,0.7600919008255,3.1453857421875,0.337863266468048,12.1319637298584,13.412971496582,55.2484970092773,5.895836353302,0.574527561664581,0,0,
37,10.3558073,0,0,0,9.265851974,0,2.528179407,0,1.316888571,0,3.600375414,0,2.75938558578491,0.772552192211151,3.16696000099182,0.336406081914902,12.0028314590454,13.4770164489746,55.2226867675781,5.70075273513794,0.579089164733887,0,0,
38,10.74650383,0,0,0,9.36342907,0,2.578093529,0,1.334797382,0,3.701944351,0,2.81617331504822,0.784543871879578,3.19038772583008,0.336010336875916,11.8709487915039,13.5423574447632,55.1984176635742,5.51693964004517,0.583926975727081,0,0,
39,11.13485336,0,0,0,9.459424019,0,2.6272223,0,1.352093101,0,3.803080082,0,2.87132167816162,0.796096444129944,3.21546220779419,0.336566954851151,11.7367372512817,13.6089401245117,55.1756706237793,5.34387969970703,0.588985502719879,0,0,
40,11.52096748,0,0,0,9.553936958,0,2.675599575,0,1.368806005,0,3.903805733,0,2.92493367195129,0.807235777378082,3.24199509620667,0.337977916002274,11.6005926132202,13.6767148971558,55.154426574707,5.18107891082764,0.594218254089355,0,0,
41,11.90254974,0,0,0,9.646479607,0,2.722960234,0,1.384865284,0,4.003516674,0,2.97707176208496,0.81797456741333,3.26980471611023,0.340152263641357,11.4628839492798,13.7456312179565,55.1346702575684,5.0280590057373,0.599583745002747,0,0,
42,12.2797308,0,0,0,9.737151146,0,2.76934433,0,1.400305867,0,4.102236748,0,3.02776741981506,0.82831734418869,3.29871559143066,0.343005359172821,11.3239574432373,13.815637588501,55.1163749694824,4.88435554504395,0.605044424533844,0,0,
43,12.6526289,0,0,0,9.826051712,0,2.814790249,0,1.415161133,0,4.199989319,0,3.0770583152771,0.838274300098419,3.32856941223145,0.34646120667457603,11.1841344833374,13.886682510376,55.0995254516602,4.74952411651611,0.61056923866272,0,0,
44,13.02135277,0,0,0,9.913256645,0,2.859332561,0,1.429461479,0,4.296793461,0,3.12498736381531,0.847858667373657,3.35922312736511,0.350451529026031,11.0437154769897,13.9587163925171,55.0840911865234,4.62314319610596,0.616132497787476,0,0,
45,13.3860054,0,0,0,9.998848915,0,2.903002739,0,1.443235278,0,4.392668724,0,3.17159914970398,0.857085466384888,3.39054775238037,0.354915022850037,10.9029779434204,14.0316886901855,55.0700531005859,4.50480937957764,0.621712923049927,0,0,
46,13.74434376,0,0,0,10.08235073,0,2.94555521,0,1.45642364,0,4.487016201,0,3.21691226959229,0.865961194038391,3.42241764068604,0.35979375243187,10.7621812820435,14.1055498123169,55.0573883056641,4.39413022994995,0.627290427684784,0,0,
47,14.0988121,0,0,0,10.1643858,0,2.987299919,0,1.469141006,0,4.580470085,0,3.2609529495239298,0.874496102333069,3.45471906661987,0.365035712718964,10.6215667724609,14.1802473068237,55.0460777282715,4.29073190689087,0.6328484416008,0,0,
48,14.44717216,0,0,0,10.24447632,0,3.027994394,0,1.481329679,0,4.672430992,0,3.30375242233276,0.882702648639679,3.48735117912292,0.370594173669815,10.4813556671143,14.2557325363159,55.0360984802246,4.19425773620605,0.638373732566834,0,0,
49,14.79183674,0,0,0,10.32322025,0,3.067937374,0,1.493095517,0,4.763529301,0,3.34534502029419,0.890594244003296,3.52022266387939,0.376427233219147,10.3417530059814,14.331955909729,55.0274238586426,4.10436630249023,0.643855214118958,0,0,
50,15.12827492,0,0,0,10.39962292,0,3.106624842,0,1.504306436,0,4.852557659,0,3.38574242591858,0.898176848888397,3.55324339866638,0.382494509220123,10.2029495239258,14.4088678359985,55.0200271606445,4.0207257270813,0.649281799793243,0,0,
51,15.46118546,0,0,0,10.47479153,0,3.144615889,0,1.515140295,0,4.940751076,0,3.42496275901794,0.905459046363831,3.58633208274841,0.388759702444077,10.0651187896729,14.4864187240601,55.0138931274414,3.9430193901062,0.654644429683685,0,0,
52,15.78834438,0,0,0,10.54825115,0,3.18167305,0,1.525541902,0,5.027513981,0,3.46305513381958,0.912459552288055,3.61942601203918,0.395193040370941,9.92842102050781,14.5645618438721,55.0089912414551,3.87095284461975,0.659938335418701,0,0,
53,16.10983086,0,0,0,10.62005711,0,3.21782279,0,1.535532713,0,5.112858772,0,3.50004124641418,0.919187068939209,3.6524600982666,0.401765048503876,9.79300212860107,14.6432495117188,55.0053024291992,3.8042368888855,0.665157377719879,0,0,
54,16.42572212,0,0,0,10.69025326,0,3.253089428,0,1.545132518,0,5.196799755,0,3.53594636917114,0.925651371479034,3.68537735939026,0.408449321985245,9.65899658203125,14.7224349975586,55.0028076171875,3.74259638786316,0.670296967029572,0,0,
55,16.73608398,0,0,0,10.75888824,0,3.28749752,0,1.554359913,0,5.27934885,0,3.57079839706421,0.931863248348236,3.71812629699707,0.415222108364105,9.52652645111084,14.802074432373,55.0014839172363,3.68576884269714,0.675353586673737,0,0,
56,17.04098511,0,0,0,10.82599735,0,3.321069002,0,1.563232303,0,5.360515594,0,3.60462713241577,0.937833309173584,3.75066208839417,0.422062158584595,9.39570140838623,14.8821239471436,55.0013046264648,3.63350367546082,0.68032443523407,0,0,
57,17.33824158,0,0,0,10.89112949,0,3.353579283,0,1.571702719,0,5.439712524,0,3.63743948936462,0.943565368652344,3.78293514251709,0.42894771695137,9.26662063598633,14.9625396728516,55.0022506713867,3.58555483818054,0.685205340385437,0,0,
58,17.63016891,0,0,0,10.95481873,0,3.385298967,0,1.579852819,0,5.517551422,0,3.66924834251404,0.949065864086151,3.81490254402161,0.43585929274559,9.13937473297119,15.0432767868042,55.0042991638184,3.54168725013733,0.689992964267731,0,0,
59,17.91682816,0,0,0,11.01709938,0,3.416247368,0,1.58769691,0,5.594041824,0,3.70009350776672,0.954348802566528,3.84653544425964,0.44278210401535,9.0140438079834,15.1242942810059,55.0074310302734,3.50168442726135,0.694687306880951,0,0,
60,18.19826698,0,0,0,11.07800007,0,3.446442842,0,1.595248461,0,5.669193268,0,3.73001194000244,0.959426283836365,3.87780857086182,0.449702948331833,8.89069843292236,15.2055521011353,55.0116271972656,3.46533966064453,0.699288547039032,0,0,
61,18.4745369,0,0,0,11.13754559,0,3.475900173,0,1.602519989,0,5.743011951,0,3.75903820991516,0.964309096336365,3.90870046615601,0.45660999417305,8.76940250396729,15.287013053894,55.0168647766113,3.43245601654053,0.703797221183777,0,0,
62,18.74346542,0,0,0,11.19530106,0,3.504404783,0,1.60946691,0,5.814916611,0,3.7871835231781,0.969000935554504,3.93918299674988,0.463489949703217,8.65020942687988,15.3686389923096,55.0231246948242,3.40283799171448,0.708211660385132,0,0,
63,19.00732803,0,0,0,11.25176907,0,3.532209158,0,1.616159439,0,5.885510445,0,3.81446194648743,0.97350686788559,3.96923232078552,0.470330983400345,8.53316688537598,15.4503927230835,55.0303840637207,3.37629914283752,0.712530970573425,0,0,
64,19.26616669,0,0,0,11.30696106,0,3.559327126,0,1.622608066,0,5.954796791,0,3.84091114997864,0.977838635444641,3.99883604049683,0.477125108242035,8.41831684112549,15.5322389602661,55.0386276245117,3.35266947746277,0.716756582260132,0,0,
65,19.51781464,0,0,0,11.36045074,0,3.585545063,0,1.628769279,0,6.022196293,0,3.86654448509216,0.982000529766083,4.02797555923462,0.483862638473511,8.30569267272949,15.6141424179077,55.0478363037109,3.33177900314331,0.720887959003448,0,0,
66,19.76672935,0,0,0,11.41318512,0,3.611337423,0,1.63476038,0,6.088897705,0,3.89139723777771,0.98600310087204,4.05664300918579,0.490537494421005,8.19532203674316,15.6960716247559,55.0579872131348,3.31347298622131,0.724927067756653,0,0,
67,20.00853539,0,0,0,11.46425343,0,3.636257648,0,1.640484095,0,6.15372467,0,3.91550159454346,0.989855289459229,4.08483266830444,0.497144311666489,8.0872278213501,15.7779951095581,55.0690650939941,3.29760408401489,0.728875696659088,0,0,
68,20.24328804,0,0,0,11.51368809,0,3.660325527,0,1.645951748,0,6.21668911,0,3.93884706497192,0.993554174900055,4.11252212524414,0.503672957420349,7.98142671585083,15.859881401062,55.0810546875,3.28401684761047,0.73273122310638406,0,0,
69,20.47539902,0,0,0,11.56242657,0,3.684002161,0,1.651273131,0,6.278972626,0,3.96146893501282,0.997110247612,4.13970994949341,0.510119736194611,7.87793159484863,15.9417018890381,55.0939331054688,3.27257800102234,0.736496150493622,0,0,
70,20.70052719,0,0,0,11.60956192,0,3.706851244,0,1.656355381,0,6.339405537,0,3.9833984375,1.00053238868713,4.16639471054077,0.516481339931488,7.77674913406372,16.0234260559082,55.1076889038086,3.26315999031067,0.740172505378723,0,0,
71,20.92089272,0,0,0,11.65558147,0,3.729110003,0,1.661256075,0,6.398584366,0,4.00464391708374,1.00382244586945,4.19256782531738,0.522752225399017,7.67788314819336,16.1050281524658,55.1223030090332,3.25563406944275,0.743760287761688,0,0,
72,21.13652039,0,0,0,11.70049191,0,3.750786304,0,1.665981531,0,6.456510544,0,4.02523517608643,1.00698864459991,4.21823024749756,0.528930068016052,7.58133268356323,16.1864814758301,55.1377563476563,3.24988460540771,0.747261583805084,0,0,
73,21.34744072,0,0,0,11.74431515,0,3.771891356,0,1.670538306,0,6.5131917,0,4.0451979637146,1.01003754138947,4.24338388442993,0.535012781620026,7.48709297180176,16.2677612304688,55.1540336608887,3.24580144882202,0.750678539276123,0,0,
74,21.55151176,0,0,0,11.78660679,0,3.79221797,0,1.674886107,0,6.568048954,0,4.064537525177,1.01296997070313,4.26802253723145,0.540996015071869,7.39515686035156,16.3488464355469,55.1711196899414,3.24327230453491,0.754010915756226,0,0,
75,21.75093079,0,0,0,11.82784462,0,3.811995268,0,1.679078221,0,6.62167263,0,4.08325958251953,1.01578772068024,4.2921404838562,0.546875834465027,7.30551338195801,16.4297103881836,55.1889991760254,3.24218964576721,0.757258653640747,0,0,
76,21.94788551,0,0,0,11.86847591,0,3.83144331,0,1.683164239,0,6.674648762,0,4.10140943527222,1.01850295066833,4.31575107574463,0.552653968334198,7.21814870834351,16.5103302001953,55.2076568603516,3.24246597290039,0.760425984859467,0,0,
77,22.13806915,0,0,0,11.90763092,0,3.850144148,0,1.687059283,0,6.72581768,0,4.11900568008423,1.02111971378326,4.33885812759399,0.558329463005066,7.13304567337036,16.5906867980957,55.2270736694336,3.24401044845581,0.763514757156372,0,0,
78,22.32366943,0,0,0,11.945755,0,3.868319273,0,1.690813303,0,6.775765419,0,4.13604831695557,1.02363717556,4.36145639419556,0.563898801803589,7.05018615722656,16.6707592010498,55.2472381591797,3.24672865867615,0.766524374485016,0,0,
79,22.50470924,0,0,0,11.98287106,0,3.88597846,0,1.694431305,0,6.82449913,0,4.15255689620972,1.02606046199799,4.3835506439209,0.569361507892609,6.96954870223999,16.7505283355713,55.2681350708008,3.25053834915161,0.769456565380096,0,0,
80,22.68335724,0,0,0,12.01942348,0,3.903336287,0,1.697959065,0,6.872599602,0,4.16856670379639,1.02839839458466,4.40515422821045,0.574719846248627,6.89110994338989,16.8299770355225,55.2897529602051,3.25536799430847,0.77231502532959,0,0,
81,22.85532951,0,0,0,12.05453777,0,3.919981003,0,1.701315999,0,6.91891098,0,4.18408966064453,1.03065299987793,4.42627143859863,0.579973220825195,6.81484508514404,16.9090900421143,55.3120727539063,3.26114225387573,0.775100946426392,0,0,
82,23.02279472,0,0,0,12.08867455,0,3.93612957,0,1.704548955,0,6.964018822,0,4.19911956787109,1.03282189369202,4.44689750671387,0.585118472576141,6.74072742462158,16.9878463745117,55.3350868225098,3.26778221130371,0.777813315391541,0,0,
83,23.18791771,0,0,0,12.12227058,0,3.95199585,0,1.707701921,0,7.00850296,0,4.21368837356567,1.03491342067719,4.46704578399658,0.59015816450119,6.66872835159302,17.0662326812744,55.3587760925293,3.27522659301758,0.780455589294434,0,0,
84,23.34642601,0,0,0,12.15446568,0,3.967172623,0,1.710696816,0,7.051213741,0,4.22780513763428,1.0369291305542,4.48672008514404,0.595091938972473,6.5988187789917,17.1442337036133,55.383129119873,3.2834095954895,0.783028602600098,0,0,
85,23.50261497,0,0,0,12.18613911,0,3.982075453,0,1.713617682,0,7.093306065,0,4.24147891998291,1.0388708114624,4.50592422485352,0.599919438362122,6.53096771240234,17.2218360900879,55.4081344604492,3.2922694683075,0.785533308982849,0,0,
86,23.65436172,0,0,0,12.21685314,0,3.996506214,0,1.716427207,0,7.134207249,0,4.25473546981812,1.04074454307556,4.52467060089111,0.604643046855927,6.46514272689819,17.2990245819092,55.4337768554688,3.30175352096558,0.787972450256348,0,0,
87,23.80168152,0,0,0,12.24663448,0,4.010471821,0,1.719128489,0,7.173922539,0,4.26757907867432,1.04255080223083,4.54296207427979,0.609262347221375,6.40131139755249,17.375789642334,55.4600486755371,3.31180453300476,0.790346622467041,0,0,
88,23.94671822,0,0,0,12.2759037,0,4.024177074,0,1.721762657,0,7.213027,0,4.28003168106079,1.04429423809052,4.56081056594849,0.613779604434967,6.33943939208984,17.4521179199219,55.4869346618652,3.32237529754639,0.792658269405365,0,0,
89,24.08522224,0,0,0,12.30381584,0,4.037223816,0,1.724255323,0,7.250374794,0,4.29209470748901,1.04597473144531,4.57821798324585,0.618194222450256,6.27949333190918,17.5279979705811,55.5144233703613,3.33341336250305,0.794907510280609,0,0,
90,24.22359276,0,0,0,12.33166409,0,4.050219059,0,1.726723313,0,7.287692547,0,4.30378770828247,1.04759657382965,4.59519529342651,0.62250828742981,6.22143793106079,17.6034164428711,55.5424995422363,3.3448760509491,0.797096729278564,0,0,
91,24.3554554,0,0,0,12.35815811,0,4.06256628,0,1.729054809,0,7.323256969,0,4.31512594223022,1.04916298389435,4.6117525100708,0.626723766326904,6.16523694992065,17.6783695220947,55.5711517333984,3.35672235488892,0.799227774143219,0,0,
92,24.4850769,0,0,0,12.38417244,0,4.074670315,0,1.731327534,0,7.358222485,0,4.32610750198364,1.05067265033722,4.62789058685303,0.630839765071869,6.11085510253906,17.7528419494629,55.6003684997559,3.36890625953674,0.801300287246704,0,0,
93,24.61034203,0,0,0,12.40928364,0,4.086334705,0,1.733506203,0,7.392017365,0,4.33674716949463,1.05212903022766,4.64361906051636,0.634858191013336,6.05825567245483,17.8268280029297,55.6301422119141,3.38139128684998,0.803316295146942,0,0,
94,24.73338127,0,0,0,12.43390846,0,4.097760201,0,1.735629082,0,7.42521286,0,4.3470573425293,1.05353486537933,4.65894651412964,0.63878071308136,6.00740194320679,17.9003200531006,55.6604614257813,3.39414191246033,0.805277287960052,0,0,
95,24.85420036,0,0,0,12.45806789,0,4.108950615,0,1.737697363,0,7.457813263,0,4.35706615447998,1.05489587783813,4.67388963699341,0.642611503601074,5.9582576751709,17.9733085632324,55.6913108825684,3.40713167190552,0.807186663150787,0,0,
96,24.96857071,0,0,0,12.48090553,0,4.119516373,0,1.739640594,0,7.488675594,0,4.3667631149292,1.05620872974396,4.68844699859619,0.646349012851715,5.91078615188599,18.0457878112793,55.7226867675781,3.4203214645385702,0.809043407440186,0,0,
97,25.08285522,0,0,0,12.50370312,0,4.130047321,0,1.741568446,0,7.519517899,0,4.37615728378296,1.05747532844543,4.70262575149536,0.649994671344757,5.86495018005371,18.117748260498,55.7545700073242,3.43368053436279,0.810848653316498,0,0,
98,25.19282722,0,0,0,12.52561569,0,4.140157223,0,1.743410349,0,7.549199104,0,4.38527250289917,1.05870091915131,4.71644067764282,0.653552174568176,5.82071256637573,18.18918800354,55.7869567871094,3.44718670845032,0.812605500221252,0,0,
99,25.30060577,0,0,0,12.54706764,0,4.150041103,0,1.745203018,0,7.578289986,0,4.39411211013794,1.05988550186157,4.72989749908447,0.657022356987,5.77803754806519,18.2600994110107,55.8198318481445,3.46081233024597,0.814314484596252,0,0,
100,25.40408707,0,0,0,12.56764317,0,4.159510136,0,1.746912837,0,7.606223106,0,4.40267944335938,1.06102931499481,4.74300146102905,0.660405993461609,5.73688793182373,18.3304786682129,55.8531875610352,3.47453045845032,0.81597626209259,0,0,
101,25.50538826,0,0,0,12.58776569,0,4.168758869,0,1.748575807,0,7.633569241,0,4.41097784042358,1.06213283538818,4.75575733184814,0.663703739643097,5.69722747802734,18.400318145752,55.887020111084,3.48831534385681,0.81759124994278,0,0,
102,25.60451698,0,0,0,12.60743427,0,4.177788258,0,1.750192761,0,7.660329819,0,4.41902589797974,1.06320011615753,4.76817798614502,0.666918933391571,5.659019947052,18.4696159362793,55.9213104248047,3.50214982032776,0.819161832332611,0,0,
103,25.69936562,0,0,0,12.62624359,0,4.186410427,0,1.751730561,0,7.685938358,0,4.42682361602783,1.06423056125641,4.78026676177979,0.67005181312561,5.62222862243652,18.5383682250977,55.9560546875,3.51601052284241,0.820688366889954,0,0,
104,25.79205132,0,0,0,12.64459896,0,4.194818974,0,1.753224373,0,7.710962296,0,4.43437147140503,1.06522393226624,4.79202699661255,0.673102796077728,5.58681869506836,18.6065692901611,55.9912376403809,3.52987480163574,0.822170853614807,0,0,
105,25.88468361,0,0,0,12.66292858,0,4.203203678,0,1.754708648,0,7.735972881,0,4.44170093536377,1.06618738174438,4.8034782409668,0.676077246665955,5.55275440216064,18.6742153167725,56.02685546875,3.54373502731323,0.823613405227661,0,0,
106,25.97094917,0,0,0,12.679986,0,4.210999489,0,1.75608325,0,7.7592659,0,4.44880723953247,1.06711888313293,4.814621925354,0.67897492647171,5.52000093460083,18.7413063049316,56.0628967285156,3.55757021903992,0.825015664100647,0,0,
107,26.05717087,0,0,0,12.69701958,0,4.218774796,0,1.757449746,0,7.782548428,0,4.45568561553955,1.06801688671112,4.8254599571228,0.681795656681061,5.48852396011353,18.8078384399414,56.0993576049805,3.57136058807373,0.826377213001251,0,0,
108,26.14124107,0,0,0,12.71361828,0,4.226343155,0,1.758775234,0,7.805251598,0,4.4623646736145,1.06888782978058,4.83600950241089,0.684544324874878,5.45828819274902,18.8738079071045,56.1362228393555,3.58510065078735,0.82770186662674,0,0,
109,26.22316742,0,0,0,12.72977734,0,4.233705044,0,1.760060191,0,7.827376366,0,4.46885204315186,1.06973254680634,4.84627914428711,0.687222957611084,5.42926073074341,18.9392166137695,56.1734886169434,3.59877824783325,0.828990757465363,0,0,
110,26.30085373,0,0,0,12.74508667,0,4.240673542,0,1.76127243,0,7.848356247,0,4.47513771057129,1.07054817676544,4.85626792907715,0.689830720424652,5.40140867233276,19.0040607452393,56.2111434936523,3.61237525939941,0.830242931842804,0,0,
111,26.37850189,0,0,0,12.76038074,0,4.247626781,0,1.762478471,0,7.869327068,0,4.48122978210449,1.07133638858795,4.86598348617554,0.692369341850281,5.37469863891602,19.0683364868164,56.2491798400879,3.62588095664978,0.831459522247314,0,0,
112,26.45191765,0,0,0,12.77483368,0,4.254190922,0,1.763613343,0,7.889155865,0,4.487135887146,1.07209861278534,4.87543296813965,0.694840490818024,5.34909868240356,19.1320457458496,56.2875900268555,3.63928532600403,0.832641661167145,0,0,
113,26.52529907,0,0,0,12.78926277,0,4.260739803,0,1.764742374,0,7.908975124,0,4.49286079406738,1.07283568382263,4.88462257385254,0.697245717048645,5.32457685470581,19.1951885223389,56.3263664245605,3.65257906913757,0.833790242671967,0,0,
114,26.59445763,0,0,0,12.80285645,0,4.266903877,0,1.765802026,0,7.927654743,0,4.49841022491455,1.07354831695557,4.89355850219727,0.699586391448975,5.30110168457031,19.2577629089355,56.3654975891113,3.66575264930725,0.834905982017517,0,0,
115,26.66358948,0,0,0,12.81643486,0,4.2730546,0,1.766856551,0,7.946326733,0,4.50378799438477,1.07423710823059,4.90224599838257,0.701863646507263,5.2786431312561,19.319766998291,56.4049758911133,3.67879748344421,0.835989594459534,0,0,
116,26.73059464,0,0,0,12.82958794,0,4.279008389,0,1.767874479,0,7.964426041,0,4.50901222229004,1.07490599155426,4.91069841384888,0.704081237316132,5.25717067718506,19.3812026977539,56.4447975158691,3.69171214103699,0.837043583393097,0,0,
117,26.79548073,0,0,0,12.84231567,0,4.28476572,0,1.768856168,0,7.981952667,0,4.51408290863037,1.07555425167084,4.91891956329346,0.706239819526672,5.23665475845337,19.4420700073242,56.4849510192871,3.70448851585388,0.838068246841431,0,0,
118,26.85824966,0,0,0,12.85462666,0,4.290327549,0,1.769802094,0,7.998908997,0,4.51900005340576,1.07618129253387,4.92691326141357,0.708340108394623,5.21706628799438,19.502368927002,56.5254364013672,3.71711874008179,0.839063823223114,0,0,
119,26.91890144,0,0,0,12.86650848,0,4.295693398,0,1.770712614,0,8.015292168,0,4.52376317977905,1.07678699493408,4.93468236923218,0.710382759571075,5.19837665557861,19.5621013641357,56.566234588623,3.72959518432617,0.840030491352081,0,0,
120,26.97744179,0,0,0,12.87797165,0,4.300867081,0,1.771588206,0,8.031105995,0,4.52837371826172,1.07737135887146,4.94223022460938,0.712368249893188,5.18055820465088,19.6212635040283,56.6073455810547,3.74191069602966,0.840968430042267,0,0,
121,27.03596115,0,0,0,12.88942719,0,4.306030273,0,1.772460461,0,8.046915054,0,4.53284692764282,1.07793772220612,4.9495677947998,0.714299738407135,5.16358280181885,19.6798610687256,56.6487617492676,3.75406551361084,0.841879665851593,0,0,
122,27.09236908,0,0,0,12.9004612,0,4.311002731,0,1.773298264,0,8.062152863,0,4.53719425201416,1.07848834991455,4.95670509338379,0.716179966926575,5.14742469787598,19.7378921508789,56.6904754638672,3.76605987548828,0.842766106128693,0,0,
123,27.1466732,0,0,0,12.91107845,0,4.315783501,0,1.774101973,0,8.076822281,0,4.54141139984131,1.07902145385742,4.9636435508728,0.718008816242218,5.13205718994141,19.7953605651855,56.7324752807617,3.77788662910461,0.843627274036407,0,0,
124,27.19886971,0,0,0,12.92127895,0,4.320373535,0,1.774872065,0,8.090924263,0,4.545494556427,1.07953596115112,4.970383644104,0.719786286354065,5.11745500564575,19.8522682189941,56.7747611999512,3.78953957557678,0.844462931156158,0,0,
125,27.25104904,0,0,0,12.93147278,0,4.32495594,0,1.775639415,0,8.105020523,0,4.5494556427002,1.08003449440002,4.97693490982056,0.721514880657196,5.10359239578247,19.9086151123047,56.817325592041,3.80101919174194,0.845274746417999,0,0,
126,27.30112457,0,0,0,12.94124889,0,4.329349995,0,1.776373744,0,8.118549347,0,4.55330419540405,1.08051872253418,4.98330545425415,0.723196864128113,5.09044504165649,19.9644012451172,56.8601608276367,3.81232619285584,0.84606409072876,0,0,
127,27.34910393,0,0,0,12.95061493,0,4.333554745,0,1.777075052,0,8.131511688,0,4.55703258514404,1.08098661899567,4.98949432373047,0.724831700325012,5.07798957824707,20.0196304321289,56.9032592773438,3.82345461845398,0.846830368041992,0,0,
128,27.39706612,0,0,0,12.95997047,0,4.337753296,0,1.777774096,0,8.144469261,0,4.56065130233765,1.0814403295517,4.9955096244812,0.726421535015106,5.06620264053345,20.0743045806885,56.9466171264648,3.83440518379211,0.847574889659882,0,0,
129,27.44293022,0,0,0,12.96891403,0,4.341763973,0,1.778440475,0,8.156860352,0,4.56416654586792,1.08188080787659,5.00135803222656,0.727968215942383,5.05506086349487,20.1284255981445,56.9902229309082,3.84517884254456,0.848298668861389,0,0,
130,27.48669815,0,0,0,12.9774437,0,4.345588684,0,1.779074907,0,8.168685913,0,4.56757020950317,1.08230602741241,5.00703859329224,0.729470908641815,5.04454231262207,20.1819972991943,57.0340805053711,3.85576987266541,0.849000930786133,0,0,
131,27.53045654,0,0,0,12.98596954,0,4.349407196,0,1.779707551,0,8.18050766,0,4.57086992263794,1.08271765708923,5.01255750656128,0.730931460857391,5.03462505340576,20.2350196838379,57.0781745910645,3.8661789894104,0.849682748317719,0,0,
132,27.57211685,0,0,0,12.9940834,0,4.353041649,0,1.780308247,0,8.191762924,0,4.57407236099243,1.08311676979065,5.01792001724243,0.732351422309875,5.02528810501099,20.2874965667725,57.122501373291,3.87640762329102,0.850345134735107,0,0,
133,27.61376953,0,0,0,13.00219059,0,4.356669903,0,1.780907154,0,8.203016281,0,4.57718229293823,1.08350419998169,5.02313232421875,0.733732223510742,5.01651096343994,20.3394298553467,57.1670570373535,3.88645648956299,0.850988924503326,0,0,
134,27.65332794,0,0,0,13.00989246,0,4.360113621,0,1.781474829,0,8.213705063,0,4.58020353317261,1.0838805437088,5.02819871902466,0.735075235366821,5.00827360153198,20.3908233642578,57.2118339538574,3.89632701873779,0.851614713668823,0,0,
135,27.69079781,0,0,0,13.01717758,0,4.363371849,0,1.782010913,0,8.223828316,0,4.58312511444092,1.08424305915833,5.03311681747437,0.736379086971283,5.00055646896362,20.4416790008545,57.2568283081055,3.90601325035095,0.852221310138702,0,0,
136,27.72825813,0,0,0,13.02446556,0,4.366627693,0,1.782545924,0,8.233950615,0,4.58595275878906,1.08459293842316,5.03789091110229,0.737645149230957,4.99334001541138,20.492000579834,57.3020324707031,3.91551661491394,0.852809429168701,0,0,
137,27.76362801,0,0,0,13.03134537,0,4.369699001,0,1.78305006,0,8.243507385,0,4.58869123458862,1.0849312543869,5.04252576828003,0.738874495029449,4.98660612106323,20.5417861938477,57.3474388122559,3.9248378276825,0.853379905223846,0,0,
138,27.79899406,0,0,0,13.03821754,0,4.372767925,0,1.783552885,0,8.253061295,0,4.59134435653687,1.08525860309601,5.04702520370483,0.740068316459656,4.98033618927002,20.59104347229,57.3930435180664,3.93397831916809,0.853933274745941,0,0,
139,27.83435059,0,0,0,13.04508495,0,4.375832081,0,1.784054518,0,8.262615204,0,4.59392881393433,1.08557856082916,5.05140113830566,0.741230010986328,4.9745135307312,20.6397724151611,57.4388465881348,3.94294595718384,0.854471981525421,0,0,
140,27.86762238,0,0,0,13.05154514,0,4.378715038,0,1.7845256329999999,0,8.271604538,0,4.59644412994385,1.0858902931213399,5.05565643310547,0.742360353469849,4.96912050247192,20.6879787445068,57.4848365783691,3.95174145698547,0.854996144771576,0,0,
141,27.89880562,0,0,0,13.05760193,0,4.381414413,0,1.784966469,0,8.280030251,0,4.59887599945068,1.08619034290314,5.05978536605835,0.74345725774765,4.96414089202881,20.7356662750244,57.531005859375,3.96035885810852,0.855504095554352,0,0,
142,27.92998505,0,0,0,13.06365681,0,4.384111881,0,1.785406232,0,8.288455009,0,4.60122632980347,1.08647930622101,5.06379079818726,0.744521498680115,4.95955801010132,20.7828350067139,57.5773544311523,3.96879935264587,0.855996131896973,0,0,
143,27.96116066,0,0,0,13.06970692,0,4.386807919,0,1.785845041,0,8.296878815,0,4.60351228713989,1.08676087856293,5.06768369674683,0.745556354522705,4.95535659790039,20.8294925689697,57.6238784790039,3.97707056999207,0.856474578380585,0,0,
144,27.99024963,0,0,0,13.07535076,0,4.38932085,0,1.786254048,0,8.304738998,0,4.60573291778564,1.08703434467316,5.07146596908569,0.746562123298645,4.95152139663696,20.875638961792,57.6705703735352,3.98517298698425,0.856939435005188,0,0,
145,28.01933479,0,0,0,13.0809927,0,4.391832352,0,1.786662102,0,8.312597275,0,4.60788679122925,1.08729922771454,5.07513904571533,0.747539162635803,4.94803762435913,20.9212760925293,57.7174224853516,3.99310731887817,0.857390761375427,0,0,
146,28.04841614,0,0,0,13.08662796,0,4.394340992,0,1.787069201,0,8.320454597,0,4.60998773574829,1.08755838871002,5.07871246337891,0.748490333557129,4.94489145278931,20.9664115905762,57.7644348144531,4.00088119506836,0.857830464839935,0,0,
147,28.07541275,0,0,0,13.09186745,0,4.396669865,0,1.787446737,0,8.327750206,0,4.61203145980835,1.08781063556671,5.08218669891357,0.749415636062622,4.94206857681274,21.0110473632813,57.8115997314453,4.00849485397339,0.858258247375488,0,0,
148,28.10033226,0,0,0,13.09669209,0,4.398816586,0,1.78779459,0,8.334482193,0,4.61400175094604,1.08805203437805,5.08555507659912,0.750312507152557,4.93955612182617,21.0551872253418,57.8589134216309,4.01594161987305,0.858672142028809,0,0,
149,28.12732315,0,0,0,13.1019249,0,4.401142597,0,1.788170815,0,8.341775894,0,4.61591339111328,1.08828616142273,5.08882665634155,0.751183867454529,4.937340259552,21.0988368988037,57.9063720703125,4.02322864532471,0.85907393693924,0,0,
150,28.15015602,0,0,0,13.1063509,0,4.403107643,0,1.788488626,0,8.347946167,0,4.61776494979858,1.08851253986359,5.09200143814087,0.752029597759247,4.93540859222412,21.141996383667,57.953971862793,4.03035640716553,0.859463572502136,0,0,
151,28.17506409,0,0,0,13.11117268,0,4.405250072,0,1.788834691,0,8.354675293,0,4.619553565979,1.08873045444489,5.09508037567139,0.752849757671356,4.93374919891357,21.1846714019775,58.001708984375,4.03732490539551,0.85984081029892,0,0,
152,28.19789314,0,0,0,13.11559296,0,4.407213688,0,1.789151669,0,8.360843658,0,4.62129259109497,1.08894276618958,5.09807157516479,0.753646850585938,4.93234968185425,21.2268619537354,58.0495758056641,4.04414081573486,0.860207498073578,0,0,
153,28.22071838,0,0,0,13.12001419,0,4.40917635,0,1.789467931,0,8.367012024,0,4.62297821044922,1.08914840221405,5.10097503662109,0.754420638084412,4.9311990737915,21.268575668335,58.0975685119629,4.05080461502075,0.860563158988953,0,0,
154,28.24353981,0,0,0,13.12443352,0,4.411137104,0,1.789783835,0,8.373179436,0,4.62462139129639,1.08934962749481,5.10379838943481,0.75517338514328,4.93028593063354,21.309814453125,58.1456871032715,4.05732297897339,0.860909521579742,0,0,
155,28.26428413,0,0,0,13.12844944,0,4.412918568,0,1.790070534,0,8.37878418,0,4.62621593475342,1.08954465389252,5.10654020309448,0.755904734134674,4.92959928512573,21.3505840301514,58.193920135498,4.06369543075562,0.86124587059021,0,0,
156,28.28502655,0,0,0,13.1324625,0,4.4146986009999996,0,1.790356874,0,8.384388924,0,4.62775850296021,1.08973252773285,5.1092004776001,0.756614148616791,4.92912912368774,21.3908863067627,58.2422676086426,4.06992149353027,0.861571729183197,0,0,
157,28.30576515,0,0,0,13.13647175,0,4.41647768,0,1.790642858,0,8.38999176,0,4.62925863265991,1.08991575241089,5.11178541183472,0.757303833961487,4.9288649559021,21.4307250976563,58.2907218933105,4.07600784301758,0.861888647079468,0,0,
158,28.32443047,0,0,0,13.14008141,0,4.418078423,0,1.790899873,0,8.39503479,0,4.63071203231812,1.09009277820587,5.11429405212402,0.757973253726959,4.92879724502563,21.4701061248779,58.3392868041992,4.08195400238037,0.86219596862793,0,0,
159,28.34309196,0,0,0,13.14369011,0,4.419677258,0,1.79115653,0,8.400076866,0,4.63211393356323,1.09026277065277,5.11672496795654,0.758621871471405,4.92891693115234,21.5090293884277,58.3879508972168,4.08775901794434,0.86249315738678,0,0,
160,28.36175156,0,0,0,13.14730358,0,4.421276569,0,1.791413069,0,8.40512085,0,4.63347482681274,1.09042799472809,5.11908531188965,0.759251713752747,4.92921447753906,21.5475006103516,58.4367141723633,4.09342908859253,0.862781703472137,0,0,
161,28.38040924,0,0,0,13.15090561,0,4.422874928,0,1.79166913,0,8.410161018,0,4.6348032951355,1.0905900001525899,5.1213812828064,0.759864628314972,4.92968082427979,21.5855255126953,58.4855728149414,4.09897041320801,0.863062918186188,0,0,
162,28.39699173,0,0,0,13.15411472,0,4.424295425,0,1.791896462,0,8.414642334,0,4.63609170913696,1.09074699878693,5.12361001968384,0.760459840297699,4.93030786514282,21.6231060028076,58.5345191955566,4.1043815612793,0.863335788249969,0,0,
163,28.4156456,0,0,0,13.15771961,0,4.425890923,0,1.792151928,0,8.419683456,0,4.63734865188599,1.09090042114258,5.12577772140503,0.761039018630981,4.93108749389648,21.6602458953857,58.5835571289063,4.10966825485229,0.863601565361023,0,0,
164,28.43015289,0,0,0,13.16052532,0,4.42713213,0,1.792350531,0,8.423603058,0,4.63856649398804,1.09104871749878,5.12788152694702,0.761601209640503,4.93201208114624,21.6969509124756,58.6326751708984,4.11483001708984,0.863859415054321,0,0,
165,28.44673157,0,0,0,13.16372681,0,4.428550243,0,1.792577267,0,8.42808342,0,4.63973903656006,1.09119045734406,5.12992000579834,0.762145638465881,4.93307399749756,21.7332248687744,58.6818771362305,4.11986494064331,0.864108502864838,0,0,
166,28.46330643,0,0,0,13.16692924,0,4.429967403,0,1.792803645,0,8.432561874,0,4.64089012145996,1.09133088588715,5.1319055557251,0.762676537036896,4.93426513671875,21.7690696716309,58.7311515808105,4.12478542327881,0.864352166652679,0,0,
167,28.47781181,0,0,0,13.16972923,0,4.431206226,0,1.793001533,0,8.436481476,0,4.64200925827026,1.09146749973297,5.1338357925415,0.763192713260651,4.93557929992676,21.8044910430908,58.7805023193359,4.12959003448486,0.864589095115662,0,0,
168,28.49231339,0,0,0,13.17253304,0,4.43244648,0,1.793199301,0,8.44039917,0,4.64308977127075,1.0915983915329,5.13570737838745,0.76369309425354,4.93700885772705,21.8394927978516,58.8299217224121,4.13427639007568,0.864818334579468,0,0,
169,28.50681305,0,0,0,13.17533112,0,4.433684826,0,1.793396831,0,8.444316864,0,4.64413976669312,1.09172570705414,5.13752555847168,0.764179289340973,4.93854808807373,21.8740787506104,58.8794059753418,4.13885021209717,0.865041136741638,0,0,
170,28.51924133,0,0,0,13.17773151,0,4.434745312,0,1.793565989,0,8.447675705,0,4.64515113830566,1.09184765815735,5.13928651809692,0.764650166034698,4.94019031524658,21.9082508087158,58.928955078125,4.14330959320068,0.865256428718567,0,0,
171,28.533741,0,0,0,13.18053341,0,4.435983181,0,1.793763161,0,8.451594353,0,4.64613199234009,1.09196591377258,5.14099597930908,0.765107154846191,4.94192886352539,21.9420146942139,58.9785614013672,4.14765930175781,0.86546528339386,0,0,
172,28.54616737,0,0,0,13.18293095,0,4.43704319,0,1.79393208,0,8.454951286,0,4.64708852767944,1.09208190441132,5.14265823364258,0.765551745891571,4.94375801086426,21.9753723144531,59.0282249450684,4.15190505981445,0.865668714046478,0,0,
173,28.55859184,0,0,0,13.18532658,0,4.438103199,0,1.794100642,0,8.45830822,0,4.64801216125488,1.09219336509705,5.14426946640015,0.765982568264008,4.94567251205444,22.0083293914795,59.077938079834,4.15604400634766,0.86586552858352706,0,0,
174,28.57101631,0,0,0,13.18772793,0,4.439162731,0,1.794269443,0,8.461666107,0,4.64890956878662,1.09230184555054,5.14583396911621,0.766400992870331,4.94766616821289,22.0408878326416,59.1277046203613,4.16008138656616,0.866056680679321,0,0,
175,28.58344078,0,0,0,13.19011974,0,4.440222263,0,1.794437885,0,8.465023041,0,4.6497859954834,1.09240829944611,5.1473560333252,0.766808331012726,4.94973468780518,22.0730533599854,59.1775131225586,4.16402101516724,0.866242945194244,0,0,
176,28.59379196,0,0,0,13.1921196,0,4.441103935,0,1.794577956,0,8.467820168,0,4.65063190460205,1.09251046180725,5.14883136749268,0.767203032970428,4.95187282562256,22.1048278808594,59.2273712158203,4.16786050796509,0.866423189640045,0,0,
177,28.60621643,0,0,0,13.19451427,0,4.442162514,0,1.79474628,0,8.471176147,0,4.65145349502563,1.09260964393616,5.15026378631592,0.767586410045624,4.9540753364563,22.1362190246582,59.2772674560547,4.1716046333313,0.86659824848175,0,0,
178,28.6165657,0,0,0,13.19651222,0,4.443045139,0,1.794886351,0,8.473973274,0,4.65225601196289,1.09270703792572,5.15165758132935,0.767959535121918,4.95633792877197,22.1672286987305,59.3272018432617,4.17525720596313,0.866768896579742,0,0,
179,28.62691689,0,0,0,13.19850922,0,4.443925858,0,1.795026422,0,8.476770401,0,4.6530294418335,1.09280025959015,5.15300750732422,0.768320918083191,4.958655834198,22.1978588104248,59.3771743774414,4.17881631851196,0.866933882236481,0,0,
180,28.63726616,0,0,0,13.20051098,0,4.444808006,0,1.795166254,0,8.479568481,0,4.65377998352051,1.09289073944092,5.15431833267212,0.768671810626984,4.96102523803711,22.2281150817871,59.4271774291992,4.18228530883789,0.867093980312347,0,0,
181,28.64554596,0,0,0,13.20210457,0,4.445512772,0,1.795278072,0,8.481803894,0,4.65449810028076,1.0929764509201,5.15558481216431,0.769010603427887,4.96344137191772,22.257999420166,59.4772071838379,4.18566179275513,0.867248058319092,0,0,
182,28.65589333,0,0,0,13.20410156,0,4.446393967,0,1.795417786,0,8.484601021,0,4.65519094467163,1.09305906295776,5.15681123733521,0.769338548183441,4.96590042114258,22.2875137329102,59.5272674560547,4.18894958496094,0.867396891117096,0,0,
183,28.66624069,0,0,0,13.20609951,0,4.447274685,0,1.79555738,0,8.487397194,0,4.65587759017944,1.09314250946045,5.15800905227661,0.769659221172333,4.9683985710144,22.3166656494141,59.5773506164551,4.1921591758728,0.867543160915375,0,0,
184,28.67452049,0,0,0,13.2076931,0,4.447978973,0,1.79566896,0,8.489634514,0,4.65654516220093,1.09322357177734,5.15917253494263,0.769970893859863,4.9709324836731,22.345458984375,59.6274566650391,4.19528770446777,0.867685377597809,0,0,
185,28.68279839,0,0,0,13.20928669,0,4.448682785,0,1.79578054,0,8.491869926,0,4.65718364715576,1.09330010414124,5.16029691696167,0.770271837711334,4.97349834442139,22.3738956451416,59.6775817871094,4.19833183288574,0.867822229862213,0,0,
186,28.69107437,0,0,0,13.21088314,0,4.449387074,0,1.795892,0,8.494107246,0,4.657799243927,1.0933735370636,5.16138553619385,0.770563125610352,4.97609281539917,22.4019794464111,59.7277183532715,4.20129585266113,0.86795449256897,0,0,
187,28.69935226,0,0,0,13.21248341,0,4.450091362,0,1.79600358,0,8.496344566,0,4.65839672088623,1.09344506263733,5.16244173049927,0.770845711231232,4.9787130355835,22.4297142028809,59.7778701782227,4.20418262481689,0.868082761764526,0,0,
188,28.70762825,0,0,0,13.21407604,0,4.45079422,0,1.796115041,0,8.498580933,0,4.65897989273071,1.09351539611816,5.16346836090088,0.771120548248291,4.98135566711426,22.457103729248,59.8280334472656,4.20699548721313,0.86820775270462,0,0,
189,28.71590424,0,0,0,13.21566868,0,4.451498032,0,1.796226263,0,8.500815392,0,4.65955209732056,1.09358489513397,5.16446781158447,0.771388351917267,4.98401784896851,22.4841499328613,59.8782043457031,4.20973777770996,0.868329763412476,0,0,
190,28.72418022,0,0,0,13.21726418,0,4.45220089,0,1.796337605,0,8.503053665,0,4.66011524200439,1.09365367889404,5.16544246673584,0.771649777889252,4.98669672012329,22.5108604431152,59.9283828735352,4.21241283416748,0.86844927072525,0,0,
191,28.73038673,0,0,0,13.21846485,0,4.452728748,0,1.796421051,0,8.504730225,0,4.66065740585327,1.09371936321259,5.16638708114624,0.771902918815613,4.98938989639282,22.5372371673584,59.9785652160645,4.21501731872559,0.86856484413147,0,0,
192,28.73866081,0,0,0,13.22005749,0,4.453432083,0,1.796532154,0,8.506965637,0,4.66118288040161,1.09378278255463,5.16730356216431,0.772148609161377,4.99209499359131,22.5632839202881,60.028751373291,4.21755313873291,0.868676960468292,0,0,
193,28.74486732,0,0,0,13.2212553,0,4.453959942,0,1.796615481,0,8.50864315,0,4.66169500350952,1.09384477138519,5.16819477081299,0.772387683391571,4.9948091506958,22.5890026092529,60.0789337158203,4.22002458572388,0.868786156177521,0,0,
194,28.75107193,0,0,0,13.22244644,0,4.45448637,0,1.796698809,0,8.510318756,0,4.66218280792236,1.0939028263092,5.16905498504639,0.772618174552917,4.99753046035767,22.6143989562988,60.1291160583496,4.2224268913269,0.868890881538391,0,0,
195,28.75727844,0,0,0,13.22364712,0,4.455013752,0,1.796782017,0,8.511997223,0,4.66265153884888,1.09395837783813,5.16988706588745,0.772840976715088,5.00025606155396,22.6394729614258,60.1792945861816,4.22476387023926,0.868991851806641,0,0,
196,28.76348114,0,0,0,13.2248373,0,4.45554018,0,1.796865344,0,8.513670921,0,4.66310501098633,1.09401226043701,5.17069339752197,0.773056864738464,5.00298452377319,22.6642303466797,60.2294654846191,4.22703742980957,0.869089663028717,0,0,
197,28.76968765,0,0,0,13.22603798,0,4.456067562,0,1.796948552,0,8.515349388,0,4.66354656219482,1.09406495094299,5.17147588729858,0.773266434669495,5.00571346282959,22.6886730194092,60.2796287536621,4.22925090789795,0.869184613227844,0,0,
198,28.77589226,0,0,0,13.22722626,0,4.456593513,0,1.797031641,0,8.517024994,0,4.663978099823,1.09411704540253,5.17223691940308,0.773470401763916,5.00844097137451,22.7128047943115,60.329776763916,4.23140716552734,0.86927717924118,0,0,
199,28.78209877,0,0,0,13.22842789,0,4.457120895,0,1.79711473,0,8.518702507,0,4.6644024848938,1.09416854381561,5.17297840118408,0.773669242858887,5.01116561889648,22.7366313934326,60.3799095153809,4.23350811004639,0.869367778301239,0,0,
200,28.78830147,0,0,0,13.22961807,0,4.457646847,0,1.797197819,0,8.520378113,0,4.66482067108154,1.09421980381012,5.17370271682739,0.773863554000854,5.01388549804688,22.7601566314697,60.4300308227539,4.23555660247803,0.869456648826599,0,0,
201,28.79243851,0,0,0,13.23041821,0,4.457997799,0,1.79725337,0,8.521495819,0,4.66522073745728,1.0942679643631,5.17440223693848,0.774051189422607,5.01659870147705,22.7833805084229,60.4801292419434,4.23754835128784,0.869542181491852,0,0,
202,28.79864311,0,0,0,13.23161221,0,4.458525181,0,1.79733634,0,8.523173332,0,4.6656060218811,1.09431397914886,5.17507982254028,0.774232864379883,5.0193042755127,22.8063087463379,60.5302124023438,4.23948574066162,0.869624733924866,0,0,
203,28.80278015,0,0,0,13.23241329,0,4.458875656,0,1.797391772,0,8.524291992,0,4.66597938537598,1.09435868263245,5.17573738098145,0.774409174919128,5.02200031280518,22.8289432525635,60.5802764892578,4.24137115478516,0.869704842567444,0,0,
204,28.80898285,0,0,0,13.23360348,0,4.459401608,0,1.797474623,0,8.525966644,0,4.66634368896484,1.09440243244171,5.1763768196106,0.774580597877502,5.02468585968018,22.8512859344482,60.630313873291,4.24320650100708,0.86978280544281,0,0,
205,28.81311798,0,0,0,13.23440361,0,4.459753036,0,1.797530174,0,8.527085304,0,4.66670083999634,1.09444570541382,5.17699909210205,0.774747669696808,5.02735900878906,22.8733425140381,60.6803283691406,4.24499464035034,0.869859039783478,0,0,
206,28.81725502,0,0,0,13.23519993,0,4.460103512,0,1.797585368,0,8.528202057,0,4.66703844070435,1.09448564052582,5.17759847640991,0.774908244609833,5.03001928329468,22.8951168060303,60.7303161621094,4.24673080444336,0.869931817054749,0,0,
207,28.82345581,0,0,0,13.23639297,0,4.460628986,0,1.797668219,0,8.529877663,0,4.66737413406372,1.09452629089355,5.17818450927734,0.77506548166275,5.03266477584839,22.9166107177734,60.7802696228027,4.24842357635498,0.870003581047058,0,0,
208,28.82759285,0,0,0,13.23719025,0,4.460980892,0,1.797723651,0,8.530996323,0,4.66770839691162,1.09456741809845,5.17875862121582,0.775219798088074,5.03529500961304,22.9378261566162,60.8301963806152,4.250075340271,0.870074391365051,0,0,
209,28.83172607,0,0,0,13.23798656,0,4.461330891,0,1.797778726,0,8.532113075,0,4.66802787780762,1.09460592269897,5.17931365966797,0.775368869304657,5.03790903091431,22.9587688446045,60.8800926208496,4.25168085098267,0.87014251947403,0,0,
210,28.83586311,0,0,0,13.23878002,0,4.461681366,0,1.797834039,0,8.533230782,0,4.66833543777466,1.09464275836945,5.17985153198242,0.775513291358948,5.04050493240356,22.9794425964355,60.9299545288086,4.25324249267578,0.870208382606506,0,0,
211,28.83999825,0,0,0,13.23958015,0,4.462032318,0,1.797889113,0,8.534348488,0,4.66863393783569,1.09467852115631,5.18037414550781,0.775653481483459,5.04308271408081,22.999849319458,60.9797821044922,4.25476217269897,0.87027233839035,0,0,
212,28.84413147,0,0,0,13.2403717,0,4.462382317,0,1.797944307,0,8.53546524,0,4.6689248085022,1.09471356868744,5.1808819770813,0.775789856910706,5.04564142227173,23.0199890136719,61.0295715332031,4.25624132156372,0.870334506034851,0,0,
213,28.84826851,0,0,0,13.24117279,0,4.462732792,0,1.79799962,0,8.536582947,0,4.6692099571228,1.09474813938141,5.18137693405151,0.775922775268555,5.04818058013916,23.0398693084717,61.0793228149414,4.25768232345581,0.870395302772522,0,0,
214,28.85033607,0,0,0,13.24156952,0,4.462908268,0,1.798027158,0,8.5371418,0,4.6694769859314,1.09477949142456,5.18185186386108,0.77605015039444,5.05069875717163,23.0594902038574,61.1290321350098,4.25907945632935,0.870453000068665,0,0,
215,28.8544693,0,0,0,13.24236202,0,4.463258266,0,1.798082232,0,8.538257599,0,4.66972923278809,1.0948086977005,5.18230867385864,0.776172399520874,5.05319595336914,23.078857421875,61.1786994934082,4.26043510437012,0.870508015155792,0,0,
216,28.85860252,0,0,0,13.24316406,0,4.463609219,0,1.798137546,0,8.539376259,0,4.66998386383057,1.09483933448792,5.18275690078735,0.776292681694031,5.05567073822021,23.0979690551758,61.2283248901367,4.26175785064697,0.870562672615051,0,0,
217,28.86067009,0,0,0,13.24355793,0,4.463784218,0,1.798164964,0,8.539933205,0,4.67022657394409,1.09486818313599,5.18318939208984,0.776408553123474,5.05812311172485,23.1168327331543,61.277904510498,4.26304197311401,0.870615065097809,0,0,
218,28.86480713,0,0,0,13.24435139,0,4.464133739,0,1.798220158,0,8.541051865,0,4.67045927047729,1.09489572048187,5.18360757827759,0.776520550251007,5.06055212020874,23.1354503631592,61.3274383544922,4.26428985595703,0.870665550231934,0,0,
219,28.86687279,0,0,0,13.24475384,0,4.464309216,0,1.798247814,0,8.541610718,0,4.67068481445313,1.09492242336273,5.18401288986206,0.776629030704498,5.06295776367188,23.1538238525391,61.3769226074219,4.26550245285034,0.870714485645294,0,0,
220,28.87100792,0,0,0,13.24554729,0,4.464659691,0,1.798302889,0,8.54272747,0,4.6709041595459,1.09494864940643,5.18440580368042,0.776734292507172,5.06533908843994,23.1719551086426,61.4263572692871,4.26668167114258,0.87076199054718,0,0,
221,28.87307358,0,0,0,13.24594593,0,4.464835167,0,1.798330307,0,8.54328537,0,4.67111921310425,1.09497451782227,5.18478775024414,0.776836693286896,5.06769561767578,23.189847946167,61.4757423400879,4.26782941818237,0.870808362960815,0,0,
222,28.8772068,0,0,0,13.24674225,0,4.465184689,0,1.798385382,0,8.544402122,0,4.67133045196533,1.09500002861023,5.18515968322754,0.77693647146225,5.07002687454224,23.2075061798096,61.5250778198242,4.26894617080688,0.870853662490845,0,0,
223,28.87927437,0,0,0,13.24713898,0,4.465359688,0,1.798413038,0,8.544960976,0,4.67153882980347,1.09502553939819,5.18552303314209,0.777033984661102,5.07233285903931,23.2249317169189,61.5743560791016,4.27003383636475,0.870898067951202,0,0,
224,28.88340759,0,0,0,13.24793434,0,4.46571064,0,1.798468113,0,8.546079636,0,4.67174482345581,1.09505093097687,5.18587779998779,0.777129411697388,5.07461357116699,23.2421283721924,61.6235771179199,4.27109336853027,0.870941698551178,0,0,
225,28.88547707,0,0,0,13.24833202,0,4.465884209,0,1.79849565,0,8.546636581,0,4.67194890975952,1.09507620334625,5.18622493743896,0.77722293138504,5.07686805725098,23.2590980529785,61.6727447509766,4.2721266746521,0.870984733104706,0,0,
226,28.88754463,0,0,0,13.24873257,0,4.466060162,0,1.798523188,0,8.547196388,0,4.67213773727417,1.0950984954834,5.18655729293823,0.777312219142914,5.07909727096558,23.2758445739746,61.7218551635742,4.27312755584717,0.871025323867798,0,0,
227,28.88961029,0,0,0,13.24912739,0,4.466235161,0,1.798550606,0,8.547753334,0,4.67231464385986,1.09511888027191,5.18687629699707,0.777397632598877,5.08129978179932,23.2923679351807,61.7709083557129,4.27409744262695,0.871063828468323,0,0,
228,28.89167595,0,0,0,13.24952698,0,4.46641016,0,1.798578143,0,8.548312187,0,4.67248201370239,1.09513807296753,5.18718290328979,0.777479648590088,5.0834755897522,23.3086738586426,61.8199005126953,4.27503776550293,0.87110048532486,0,0,
229,28.89580917,0,0,0,13.25032616,0,4.466760159,0,1.798633218,0,8.54942894,0,4.67265558242798,1.09515929222107,5.18748617172241,0.777561068534851,5.08562469482422,23.3247623443604,61.8688316345215,4.27595710754395,0.871137619018555,0,0,
230,28.89787865,0,0,0,13.25071907,0,4.466934681,0,1.798660636,0,8.549987793,0,4.67283391952515,1.09518182277679,5.18778657913208,0.777642011642456,5.08774709701538,23.3406372070313,61.9176940917969,4.27685546875,0.871175050735474,0,0,
231,28.89994431,0,0,0,13.25111771,0,4.467110157,0,1.798688293,0,8.550546646,0,4.67300271987915,1.09520244598389,5.18807649612427,0.777719974517822,5.08984279632568,23.3563022613525,61.966495513916,4.27772808074951,0.871210813522339,0,0,
232,28.90201187,0,0,0,13.25151157,0,4.467284679,0,1.798715711,0,8.551103592,0,4.67316341400146,1.0952216386795,5.18835687637329,0.777795255184174,5.09191179275513,23.3717594146729,62.0152320861816,4.27857494354248,0.871245145797729,0,0,
233,28.90407753,0,0,0,13.25191402,0,4.467460155,0,1.798743129,0,8.551663399,0,4.67331790924072,1.0952399969101,5.18862819671631,0.777868151664734,5.09395360946655,23.3870105743408,62.063907623291,4.2793984413147,0.871278345584869,0,0,
234,28.9061451,0,0,0,13.25231457,0,4.467636108,0,1.798770666,0,8.552222252,0,4.6734676361084,1.09525775909424,5.18889141082764,0.777938842773438,5.09596872329712,23.4020576477051,62.1125144958496,4.28019857406616,0.871310532093048,0,0,
235,28.90821075,0,0,0,13.25270653,0,4.4678092,0,1.798798084,0,8.552780151,0,4.67361354827881,1.0952752828598,5.18914747238159,0.778007566928864,5.09795618057251,23.4169044494629,62.1610527038574,4.28097677230835,0.871341824531555,0,0,
236,28.91027641,0,0,0,13.25310516,0,4.467984676,0,1.798825622,0,8.553338051,0,4.67375612258911,1.0952924489975,5.18939638137817,0.778074502944946,5.09991693496704,23.4315528869629,62.2095222473145,4.28173446655273,0.871372401714325,0,0,
237,28.91234398,0,0,0,13.25350189,0,4.468159676,0,1.79885304,0,8.553896904,0,4.67389678955078,1.0953094959259,5.1896390914917,0.778139889240265,5.10185050964355,23.4460048675537,62.2579231262207,4.28247213363647,0.871402323246002,0,0,
238,28.91234398,0,0,0,13.25350189,0,4.468159676,0,1.79885304,0,8.553896904,0,4.67402172088623,1.09532356262207,5.18986892700195,0.778201282024384,5.10375738143921,23.4602642059326,62.3062553405762,4.28318357467651,0.871429741382599,0,0,
239,28.91440964,0,0,0,13.25390148,0,4.468334675,0,1.798880577,0,8.554454803,0,4.67413377761841,1.09533560276031,5.19008636474609,0.77825915813446,5.105637550354,23.474328994751,62.3545112609863,4.28386974334717,0.871455132961273,0,0,
240,28.9164772,0,0,0,13.25429821,0,4.468509674,0,1.798907995,0,8.555013657,0,4.67425012588501,1.09534931182861,5.19029998779297,0.7783163189888,5.10749053955078,23.4882049560547,62.4026947021484,4.28453969955444,0.871480643749237,0,0,
241,28.91854477,0,0,0,13.25470066,0,4.46868515,0,1.798935533,0,8.55557251,0,4.67436933517456,1.09536409378052,5.19051074981689,0.778372824192047,5.1093168258667,23.501895904541,62.4508018493652,4.28519344329834,0.87150627374649,0,0,
242,28.92061043,0,0,0,13.25509357,0,4.468858719,0,1.798962951,0,8.556130409,0,4.67449140548706,1.09537947177887,5.19071865081787,0.778428792953491,5.1111159324646,23.51540184021,62.498836517334,4.28583192825317,0.871532022953033,0,0,
243,28.92061043,0,0,0,13.25509357,0,4.468858719,0,1.798962951,0,8.556130409,0,4.67460155487061,1.09539246559143,5.19091606140137,0.778481721878052,5.11288833618164,23.5287265777588,62.5467910766602,4.28644895553589,0.871555924415588,0,0,
244,28.92267799,0,0,0,13.25549316,0,4.469034195,0,1.798990369,0,8.556689262,0,4.67470216751099,1.09540379047394,5.1911039352417,0.778531908988953,5.11463451385498,23.5418701171875,62.5946731567383,4.28704500198364,0.871578216552734,0,0,
245,28.92474365,0,0,0,13.25588894,0,4.469209194,0,1.799017906,0,8.557247162,0,4.67480945587158,1.09541702270508,5.19129133224487,0.778582215309143,5.11635446548462,23.554838180542,62.6424789428711,4.28762817382813,0.871601045131683,0,0,
246,28.92680931,0,0,0,13.25628757,0,4.469384193,0,1.799045324,0,8.557805061,0,4.67492151260376,1.09543144702911,5.19147777557373,0.778632521629334,5.11804819107056,23.5676288604736,62.6902008056641,4.28819942474365,0.871624410152435,0,0,
247,28.92680931,0,0,0,13.25628757,0,4.469384193,0,1.799045324,0,8.557805061,0,4.67502403259277,1.09544384479523,5.19165563583374,0.778680384159088,5.11971569061279,23.5802478790283,62.7378463745117,4.28875160217285,0.871646285057068,0,0,
248,28.92887688,0,0,0,13.25668144,0,4.469558716,0,1.799072862,0,8.558363914,0,4.67511892318726,1.09545481204987,5.19182586669922,0.778726041316986,5.12135744094849,23.5926971435547,62.7854118347168,4.28928661346436,0.871666848659515,0,0,
249,28.92887688,0,0,0,13.25668144,0,4.469558716,0,1.799072862,0,8.558363914,0,4.67520761489868,1.09546494483948,5.19198894500732,0.778769671916962,5.12297344207764,23.6049785614014,62.8329010009766,4.28980445861816,0.871686339378357,0,0,
250,28.93094254,0,0,0,13.25708008,0,4.469733715,0,1.799100161,0,8.558921814,0,4.67529153823853,1.09547448158264,5.19214534759521,0.778811514377594,5.1245641708374,23.6170921325684,62.8803024291992,4.29030609130859,0.871704876422882,0,0,
251,28.93300819,0,0,0,13.25747967,0,4.469908714,0,1.799127579,0,8.559480667,0,4.67538499832153,1.0954864025116,5.1923041343689,0.778854250907898,5.12612962722778,23.6290416717529,62.9276237487793,4.29079866409302,0.871724545955658,0,0,
252,28.93300819,0,0,0,13.25747967,0,4.469908714,0,1.799127579,0,8.559480667,0,4.67547273635864,1.09549701213837,5.19245672225952,0.778895258903503,5.12767028808594,23.6408271789551,62.9748573303223,4.29127597808838,0.871743261814117,0,0,
253,28.93507767,0,0,0,13.25788021,0,4.470083237,0,1.799155116,0,8.56003952,0,4.67555618286133,1.0955069065094,5.19260406494141,0.778934717178345,5.12918567657471,23.6524543762207,63.0220108032227,4.29173946380615,0.87176114320755,0,0,
254,28.93507767,0,0,0,13.25788021,0,4.470083237,0,1.799155116,0,8.56003952,0,4.67563581466675,1.09551632404327,5.19274616241455,0.778972804546356,5.13067674636841,23.6639194488525,63.0690803527832,4.29218864440918,0.871778309345245,0,0,
255,28.93714333,0,0,0,13.25827885,0,4.470258236,0,1.799182534,0,8.560598373,0,4.67571258544922,1.09552538394928,5.19288349151611,0.779009640216827,5.13214302062988,23.6752319335938,63.1160621643066,4.29262495040894,0.871794939041138,0,0,
256,28.93714333,0,0,0,13.25827885,0,4.470258236,0,1.799182534,0,8.560598373,0,4.67578649520874,1.09553420543671,5.19301652908325,0.779045343399048,5.13358497619629,23.6863880157471,63.162956237793,4.29304885864258,0.871811091899872,0,0,
257,28.93920898,0,0,0,13.25866985,0,4.470432758,0,1.799209952,0,8.561156273,0,4.67585897445679,1.09554278850555,5.19314622879028,0.779080033302307,5.13500308990479,23.6973915100098,63.2097663879395,4.29346036911011,0.871826767921448,0,0,
258,28.93920898,0,0,0,13.25866985,0,4.470432758,0,1.799209952,0,8.561156273,0,4.67593002319336,1.09555125236511,5.19327211380005,0.779113829135895,5.13639736175537,23.7082462310791,63.2564849853516,4.29386043548584,0.87184202671051,0,0,
259,28.94127464,0,0,0,13.2590704,0,4.470607758,0,1.79923737,0,8.561714172,0,4.67599964141846,1.09555971622467,5.19339466094971,0.779146790504456,5.13776826858521,23.7189521789551,63.3031196594238,4.29425001144409,0.871856987476349,0,0,
260,28.94127464,0,0,0,13.2590704,0,4.470607758,0,1.79923737,0,8.561714172,0,4.6760687828064,1.09556818008423,5.19351434707642,0.77917897701263406,5.13911581039429,23.7295112609863,63.349666595459,4.29462862014771,0.871871709823608,0,0,
261,28.94334221,0,0,0,13.25946712,0,4.470782757,0,1.799264789,0,8.562273026,0,4.67613697052002,1.0955765247345,5.19363164901733,0.77921050786972,5.14044046401978,23.7399272918701,63.3961181640625,4.294997215271,0.871886134147644,0,0,
262,28.94334221,0,0,0,13.25946712,0,4.470782757,0,1.799264789,0,8.562273026,0,4.67620515823364,1.09558498859406,5.1937460899353,0.779241442680359,5.14174222946167,23.7501983642578,63.4424819946289,4.29535675048828,0.87190043926239,0,0,
263,28.94334221,0,0,0,13.25946712,0,4.470782757,0,1.799264789,0,8.562273026,0,4.67625856399536,1.09559047222137,5.19385051727295,0.779269278049469,5.14302206039429,23.7603282928467,63.4887542724609,4.29570007324219,0.871912658214569,0,0,
264,28.94540787,0,0,0,13.2598629,0,4.470957279,0,1.799292207,0,8.562830925,0,4.67631435394287,1.09559690952301,5.19395399093628,0.779296934604645,5.14427947998047,23.770320892334,63.5349349975586,4.29603481292725,0.871924877166748,0,0,
265,28.94540787,0,0,0,13.2598629,0,4.470957279,0,1.799292207,0,8.562830925,0,4.67637252807617,1.09560406208038,5.19405603408813,0.779324352741241,5.14551496505737,23.7801742553711,63.5810279846191,4.29636192321777,0.871937334537506,0,0,
266,28.94747353,0,0,0,13.26026154,0,4.471132278,0,1.799319625,0,8.563389778,0,4.67643213272095,1.09561157226563,5.19415712356567,0.779351532459259,5.146728515625,23.7898941040039,63.627025604248,4.29668092727661,0.871949851512909,0,0,
267,28.94747353,0,0,0,13.26026154,0,4.471132278,0,1.799319625,0,8.563389778,0,4.67649269104004,1.09561932086945,5.1942572593689,0.779378533363342,5.14792060852051,23.7994804382324,63.6729278564453,4.29699325561523,0.871962487697601,0,0,
268,28.94747353,0,0,0,13.26026154,0,4.471132278,0,1.799319625,0,8.563389778,0,4.67654085159302,1.09562456607819,5.19434881210327,0.779402852058411,5.14909172058105,23.8089332580566,63.7187385559082,4.29729127883911,0.871973276138306,0,0,
269,28.94953918,0,0,0,13.26066208,0,4.471306324,0,1.799347043,0,8.563947678,0,4.67659282684326,1.09563076496124,5.19443988800049,0.779427289962769,5.15024185180664,23.8182563781738,63.7644577026367,4.29758262634277,0.871984362602234,0,0,
270,28.94953918,0,0,0,13.26066208,0,4.471306324,0,1.799347043,0,8.563947678,0,4.67664766311646,1.09563767910004,5.19453096389771,0.779451847076416,5.15137147903442,23.8274517059326,63.8100852966309,4.29786825180054,0.871995747089386,0,0,
271,28.94953918,0,0,0,13.26066208,0,4.471306324,0,1.799347043,0,8.563947678,0,4.67669057846069,1.09564220905304,5.19461393356323,0.779473960399628,5.15248107910156,23.8365173339844,63.8556137084961,4.29814100265503,0.872005522251129,0,0,
272,28.95160675,0,0,0,13.26105881,0,4.471481323,0,1.79937458,0,8.564506531,0,4.67673826217651,1.09564816951752,5.19469738006592,0.779496431350708,5.1535701751709,23.845458984375,63.9010467529297,4.29840850830078,0.872015714645386,0,0,
273,28.95160675,0,0,0,13.26105881,0,4.471481323,0,1.79937458,0,8.564506531,0,4.6767897605896,1.09565496444702,5.19478130340576,0.779519200325012,5.15463972091675,23.8542766571045,63.9463844299316,4.29867124557495,0.872026324272156,0,0,
274,28.95160675,0,0,0,13.26105881,0,4.471481323,0,1.79937458,0,8.564506531,0,4.67683076858521,1.09565937519073,5.19485807418823,0.779539704322815,5.15569019317627,23.8629722595215,63.9916229248047,4.29892206192017,0.872035503387451,0,0,
275,28.95367241,0,0,0,13.26145458,0,4.471655369,0,1.799401879,0,8.565063477,0,4.67687654495239,1.09566509723663,5.19493579864502,0.779560625553131,5.1567211151123,23.8715476989746,64.0367660522461,4.2991681098938,0.872045159339905,0,0,
276,28.95367241,0,0,0,13.26145458,0,4.471655369,0,1.799401879,0,8.565063477,0,4.676926612854,1.09567165374756,5.19501447677612,0.779582023620605,5.15773296356201,23.8800067901611,64.0818099975586,4.29941034317017,0.872055292129517,0,0,
277,28.95367241,0,0,0,13.26145458,0,4.471655369,0,1.799401879,0,8.565063477,0,4.67696619033813,1.09567606449127,5.19508647918701,0.779601335525513,5.15872669219971,23.8883476257324,64.1267547607422,4.29964160919189,0.872063994407654,0,0,
278,28.95367241,0,0,0,13.26145458,0,4.471655369,0,1.799401879,0,8.565063477,0,4.67699718475342,1.09567892551422,5.19515228271484,0.779618740081787,5.15970182418823,23.8965721130371,64.1716003417969,4.2998628616333,0.872071385383606,0,0,
279,28.95573807,0,0,0,13.26185322,0,4.471830845,0,1.799429297,0,8.565623283,0,4.67703580856323,1.0956836938858,5.19521999359131,0.779636919498444,5.16065883636475,23.9046821594238,64.2163543701172,4.3000807762146,0.872079610824585,0,0,
280,28.95573807,0,0,0,13.26185322,0,4.471830845,0,1.799429297,0,8.565623283,0,4.67708015441895,1.09568965435028,5.19528961181641,0.779655814170837,5.16159820556641,23.9126815795898,64.2610092163086,4.30029582977295,0.872088551521301,0,0,
281,28.95573807,0,0,0,13.26185322,0,4.471830845,0,1.799429297,0,8.565623283,0,4.67711496353149,1.09569358825684,5.19535303115845,0.779672861099243,5.16251945495605,23.9205684661865,64.3055648803711,4.30050182342529,0.872096240520477,0,0,
282,28.95573807,0,0,0,13.26185322,0,4.471830845,0,1.799429297,0,8.565623283,0,4.67714262008667,1.09569621086121,5.19541120529175,0.77968817949295,5.16342353820801,23.9283466339111,64.3500289916992,4.30069828033447,0.872102797031403,0,0,
283,28.95780373,0,0,0,13.26225185,0,4.472005844,0,1.799456716,0,8.566181183,0,4.67717838287354,1.09570074081421,5.19547176361084,0.779704511165619,5.16431045532227,23.936014175415,64.3943862915039,4.30089282989502,0.872110247612,0,0,
284,28.95780373,0,0,0,13.26225185,0,4.472005844,0,1.799456716,0,8.566181183,0,4.67722034454346,1.0957065820694,5.19553470611572,0.779721796512604,5.16518068313599,23.9435749053955,64.4386444091797,4.30108594894409,0.872118532657623,0,0,
285,28.95780373,0,0,0,13.26225185,0,4.472005844,0,1.799456716,0,8.566181183,0,4.67725324630737,1.09571039676666,5.19559240341187,0.77973735332489,5.16603422164917,23.9510326385498,64.4828033447266,4.30127000808716,0.872125685214996,0,0,
286,28.95780373,0,0,0,13.26225185,0,4.472005844,0,1.799456716,0,8.566181183,0,4.67727947235107,1.09571290016174,5.19564533233643,0.779751360416412,5.16687154769897,23.9583854675293,64.52685546875,4.30144643783569,0.872131824493408,0,0,
287,28.95780373,0,0,0,13.26225185,0,4.472005844,0,1.799456716,0,8.566181183,0,4.67729997634888,1.0957145690918,5.1956934928894,0.779763996601105,5.1676926612854,23.9656352996826,64.5708084106445,4.30161476135254,0.872137010097504,0,0,
288,28.95986938,0,0,0,13.26264763,0,4.472180367,0,1.799484015,0,8.566738129,0,4.67733001708984,1.09571862220764,5.19574499130249,0.779777824878693,5.16849803924561,23.9727840423584,64.6146621704102,4.30178213119507,0.872143387794495,0,0,
289,28.95986938,0,0,0,13.26264763,0,4.472180367,0,1.799484015,0,8.566738129,0,4.67736721038818,1.09572398662567,5.19579982757568,0.779792845249176,5.16928815841675,23.9798336029053,64.6584091186523,4.30194902420044,0.872150659561157,0,0,
290,28.95986938,0,0,0,13.26264763,0,4.472180367,0,1.799484015,0,8.566738129,0,4.67739677429199,1.09572768211365,5.19584989547729,0.77980637550354,5.17006301879883,23.9867858886719,64.7020568847656,4.30210828781128,0.872156918048859,0,0,
291,28.95986938,0,0,0,13.26264763,0,4.472180367,0,1.799484015,0,8.566738129,0,4.67742013931274,1.09572994709015,5.19589567184448,0.779818534851074,5.17082262039185,23.9936389923096,64.7455978393555,4.30226039886475,0.872162222862244,0,0,
292,28.95986938,0,0,0,13.26264763,0,4.472180367,0,1.799484015,0,8.566738129,0,4.67743873596191,1.09573149681091,5.1959376335144,0.779829502105713,5.17156744003296,24.0003967285156,64.7890472412109,4.302405834198,0.872166812419891,0,0,
293,28.96193504,0,0,0,13.2630434,0,4.472354889,0,1.799511313,0,8.567296982,0,4.67746734619141,1.09573531150818,5.19598340988159,0.779841899871826,5.17229747772217,24.00705909729,64.8323974609375,4.30255126953125,0.872172594070435,0,0,
294,28.96193504,0,0,0,13.2630434,0,4.472354889,0,1.799511313,0,8.567296982,0,4.67750358581543,1.0957407951355,5.1960334777832,0.779855608940125,5.17301321029663,24.0136299133301,64.8756408691406,4.30269765853882,0.872179388999939,0,0,
295,28.96193504,0,0,0,13.2630434,0,4.472354889,0,1.799511313,0,8.567296982,0,4.67753219604492,1.09574437141418,5.19607877731323,0.779867947101593,5.17371511459351,24.0201072692871,64.9187774658203,4.30283784866333,0.872185289859772,0,0,
296,28.96193504,0,0,0,13.2630434,0,4.472354889,0,1.799511313,0,8.567296982,0,4.67755460739136,1.09574663639069,5.196120262146,0.779879093170166,5.17440366744995,24.0264949798584,64.9618072509766,4.30297136306763,0.872190296649933,0,0,
297,28.96193504,0,0,0,13.2630434,0,4.472354889,0,1.799511313,0,8.567296982,0,4.67757272720337,1.09574818611145,5.19615793228149,0.779889106750488,5.17507839202881,24.0327911376953,65.0047378540039,4.30309867858887,0.872194588184357,0,0,
298,28.96193504,0,0,0,13.2630434,0,4.472354889,0,1.799511313,0,8.567296982,0,4.67758703231812,1.09574913978577,5.19619226455688,0.779898166656494,5.17573928833008,24.0389995574951,65.0475616455078,4.30322074890137,0.872198224067688,0,0,
299,28.96193504,0,0,0,13.2630434,0,4.472354889,0,1.799511313,0,8.567296982,0,4.67759799957275,1.0957498550415,5.19622373580933,0.779906332492828,5.17638683319092,24.0451202392578,65.0902862548828,4.30333757400513,0.872201383113861,0,0,
300,28.96400261,0,0,0,13.26344299,0,4.472529411,0,1.799538851,0,8.567855835,0,4.67762041091919,1.09575307369232,5.19625997543335,0.779916167259216,5.17702150344849,24.051155090332,65.1329040527344,4.30345582962036,0.872205972671509,0,0,
