"Time Step","Softwood Merchantable","Hardwood Merchantable","Softwood Submerchantable","Hardwood Submerchantable","Softwood Other","Hardwood Other","Softwood Foliage","Hardwood Foliage","Softwood Fine Roots","Hardwood Fine Roots","Softwood Coarse Roots","Hardwood Coarse Roots","Aboveground Very Fast DOM","Belowground Very Fast DOM","Aboveground Fast DOM","Belowground Fast DOM","Medium DOM","Aboveground Slow DOM","Belowground Slow DOM","Softwood Stem Snag","Softwood Branch Snag","Hardwood Stem Snag","Hardwood Branch Snag",
0,0,0.0245412644,0,0,0,0,0,0.4649151266,0,0.3067014515,0,0.471037358,7.0562744140625,0.623443365097046,48.8936462402344,10.8433704376221,21.3577499389648,58.5982666015625,146.580612182617,0,0,7.1914641011972e-5,0,
1,0,0.1170921177,0,0,0,0.4344585538,0,0.9071205258,0,0.5582278967,0,0.9640482664,4.07120132446289,0.289034426212311,40.1947479248047,8.91757678985596,20.3661251068115,59.3491630554199,146.862808227539,0,0,4.8303350922651e-4,0.00197880133055151,
2,0,0.2918612957,0,0,0,1.297870278,0,1.164536834,0,0.7695649266,0,1.48085475,2.73330736160278,0.190330848097801,33.0658264160156,7.33900308609009,19.4205532073975,59.593563079834,147.060211181641,0,0,0.00165510096121579,0.00951242167502642,
3,0,0.5574691296,0,0,0,2.372476816,0,1.381741881,0,0.9478365779,0,2.0167746540000002,2.18850827217102,0.17657458782196,27.2357215881348,6.04596996307373,18.5189189910889,59.5243225097656,147.205230712891,0,0,0.00405378499999642,0.0245157163590193,
4,0,0.9200057387,0,0,0,3.597506046,0,1.571000934,0,1.098430037,0,2.567076683,2.03335785865784,0.191345661878586,22.4782657623291,4.98774766921997,17.6592197418213,59.253719329834,147.313369750977,0,0,0.00816249568015337,0.0472899489104748,
5,0,1.383881927,0,0,0,4.92945528,0,1.739165545,0,1.225736976,0,3.127448082,2.06405258178711,0.213839083909988,18.6062850952148,4.12260627746582,16.8395614624023,58.8503074645996,147.393188476563,0,0,0.0144690806046128,0.0776071697473526,
6,0,1.952200651,0,0,0,6.334433079,0,1.890590072,0,1.333428264,0,3.694067001,2.17828154563904,0.236653864383698,15.464940071106,3.41621685028076,16.0581531524658,58.3581657409668,147.450149536133,0,0,0.0234568323940039,0.11492799222469301,
7,0,2.62695241,0,0,0,7.784780979,0,2.028275251,0,1.424602151,0,4.263591766,2.32533621788025,0.257394343614578,12.9261455535889,2.84033560752869,15.3132991790771,57.8071403503418,147.488189697266,0,0,0.0355976447463036,0.158529877662659,
8,0,3.409130812,0,0,0,9.257330894,0,2.154407024,0,1.501882911,0,4.833122253,2.48065996170044,0.275499701499939,10.8839206695557,2.37172532081604,14.6033983230591,57.2183570861816,147.510360717773,0,0,0.0513464510440826,0.207588955760002,
9,0,4.298810005,0,0,0,10.73239517,0,2.270644426,0,1.567495108,0,5.400158882,2.63286352157593,0.291051924228668,9.25054836273193,1.99126589298248,13.9269380569458,56.6073188781738,147.519104003906,0,0,0.0711365267634392,0.261234611272812,
10,0,5.295199871,0,0,0,12.19314861,0,2.378286123,0,1.623323202,0,5.962558746,2.77710700035095,0.30433189868927,7.95339488983154,1.68322467803955,13.2824897766113,55.9856758117676,147.51643371582,0,0,0.0953754484653473,0.318586766719818,
11,0,6.396692753,0,0,0,13.62521076,0,2.478373528,0,1.670961618,0,6.518498421,2.91174602508545,0.315657556056976,6.9322943687439,1.43465495109558,12.6687021255493,55.3623161315918,147.504028320313,0,0,0.124441586434841,0.378781795501709,
12,0,7.600906372,0,0,0,15.0163517,0,2.571759462,0,1.711755872,0,7.066426277,3.0366382598877,0.325328230857849,6.13738441467285,1.23490273952484,12.0843000411987,54.7440643310547,147.483276367188,0,0,0.158680975437164,0.440990447998047,
13,0,8.904722214,0,0,0,16.35628128,0,2.659152746,0,1.746840835,0,7.605043888,3.15230131149292,0.333608150482178,5.52732944488525,1.07520031929016,11.5280752182007,54.1361465454102,147.455352783203,0,0,0.19840469956398,0.504430294036865,
14,0,10.30432987,0,0,0,17.63646889,0,2.741151571,0,1.777169704,0,8.133264542,3.25949907302856,0.340724498033524,5.0678505897522,0.948331892490387,10.9988880157471,53.542537689209,147.421264648438,0,0,0.243886590003967,0.568374156951904,
15,0,11.79527187,0,0,0,18.85001183,0,2.818266153,0,1.803542137,0,8.650192261,3.35904717445374,0.346869975328445,4.73051786422729,0.848359346389771,10.4956579208374,52.9661865234375,147.3818359375,0,0,0.295361369848251,0.63215559720993,
16,0,13.37248802,0,0,0,19.99150085,0,2.890936136,0,1.826626897,0,9.155094147,3.45172476768494,0.352206885814667,4.49175262451172,0.770395338535309,10.0173635482788,52.4092483520508,147.337799072266,0,0,0.353022962808609,0.695172190666199,
17,0,15.03037167,0,0,0,21.05691719,0,2.959543467,0,1.846982121,0,9.647381783,3.53824067115784,0.356871455907822,4.33200550079346,0.710417926311493,9.5630350112915,51.873218536377,147.289749145508,0,0,0.417023628950119,0.756887078285217,
18,0,16.76281929,0,0,0,22.04351616,0,3.024423122,0,1.865071654,0,10.1265955,3.61922407150269,0.360977351665497,4.23507738113403,0.66511732339859,9.13175392150879,51.359058380127,147.238235473633,0,0,0.487472951412201,0.816829204559326,
19,0,19.44860077,0,0,0,21.33791351,0,2.779922962,0,1.875420094,0,10.41985321,3.61933875083923,0.364263147115707,4.16698169708252,0.631061136722565,8.72264671325684,50.8537788391113,147.183502197266,0,0,0.567031741142273,0.867251694202423,
20,0,21.28379822,0,0,0,21.4341526,0,2.805341959,0,1.886357665,0,10.74567986,3.56717491149902,0.366803169250488,4.11019229888916,0.605615794658661,8.33496189117432,50.3488388061523,147.12565612793,0,0,0.655504941940308,0.905814409255981,
21,0,23.14856148,0,0,0,21.58682632,0,2.838602781,0,1.897098064,0,11.08192444,3.55637383460999,0.369084149599075,4.07247829437256,0.587424099445343,7.96797704696655,49.8519134521484,147.064971923828,0,0,0.750001013278961,0.938563227653503,
22,0,25.04084015,0,0,0,21.78667068,0,2.878149748,0,1.907590151,0,11.4260664,3.57047891616821,0.371239811182022,4.0513162612915,0.575269043445587,7.62091445922852,49.3676719665527,147.001724243164,0,0,0.850359201431274,0.967017352581024,
23,0,26.94940186,0,0,0,22.02502632,0,2.922575951,0,1.917765021,0,11.77440262,3.60021114349365,0.373313575983047,4.04451036453247,0.568124949932098,7.29302835464478,48.8990249633789,146.936172485352,0,0,0.956388533115387,0.992340862751007,
24,0,28.86997414,0,0,0,22.29509735,0,2.97086525,0,1.927618742,0,12.12487316,3.64015316963196,0.375317484140396,4.05013704299927,0.565125167369843,6.98360109329224,48.4478569030762,146.868545532227,0,0,1.06786286830902,1.01541769504547,
25,0,30.79602432,0,0,0,22.59081841,0,3.022138834,0,1.937149644,0,12.47533512,3.68702626228333,0.377255797386169,4.0665135383606,0.565540075302124,6.69194173812866,48.0153846740723,146.799087524414,0,0,1.18453705310822,1.03691387176514,
26,0,32.72559738,0,0,0,22.90762901,0,3.075793028,0,1.946387649,0,12.82472324,3.73876667022705,0.379131704568863,4.09216594696045,0.568756937980652,6.41738414764404,47.602409362793,146.728012084961,0,0,1.30615413188934,1.05732703208923,
27,0,34.65218353,0,0,0,23.24092674,0,3.131210089,0,1.955345035,0,13.17134857,3.79400587081909,0.380949169397354,4.12580108642578,0.574260830879211,6.15928554534912,47.2094268798828,146.655517578125,0,0,1.43244636058807,1.07702350616455,
28,0,36.56931686,0,0,0,23.58657837,0,3.187853813,0,1.964034915,0,13.51370335,3.85175204277039,0.382711082696915,4.16626405715942,0.581615447998047,5.91702365875244,46.8367195129395,146.581741333008,0,0,1.5631228685379,1.09626364707947,
29,0,38.47731781,0,0,0,23.94215202,0,3.245460033,0,1.972500443,0,13.85162735,3.911297082901,0.384422093629837,4.21254014968872,0.590455293655396,5.68999719619751,46.4843902587891,146.506896972656,0,0,1.69788992404938,1.11523127555847,
30,0,40.36972427,0,0,0,24.30435371,0,3.303612471,0,1.980751038,0,14.18385124,3.97211098670959,0.38608705997467,4.26373386383057,0.600474238395691,5.47762393951416,46.1524314880371,146.431121826172,0,0,1.83645272254944,1.13405072689056,
31,0,42.24459457,0,0,0,24.67104149,0,3.362075567,0,1.988812685,0,14.50999355,4.03376054763794,0.38771003484726,4.3190450668335,0.611413776874542,5.27933883666992,45.8407211303711,146.354568481445,0,0,1.97850716114044,1.15279948711395,
32,0,44.0977211,0,0,0,25.03992462,0,3.420574188,0,1.996697545,0,14.82934475,4.09589958190918,0.389294862747192,4.37776470184326,0.623057007789612,5.09459495544434,45.5490531921387,146.277389526367,0,0,2.12374806404114,1.17152059078217,
33,0,45.92939377,0,0,0,25.40980911,0,3.479004145,0,2.004432917,0,15.14201546,4.15825605392456,0.390845388174057,4.43926668167114,0.635223209857941,4.92286062240601,45.2771530151367,146.199676513672,0,0,2.27187490463257,1.19023358821869,
34,0,47.73316193,0,0,0,25.77832985,0,3.537063599,0,2.012013435,0,15.44700527,4.2205924987793,0.392364323139191,4.50299119949341,0.647760152816772,4.76361989974976,45.0246963500977,146.12158203125,0,0,2.42258644104004,1.20893836021423,
35,0,49.51152802,0,0,0,26.14513206,0,3.594756842,0,2.019468307,0,15.74486923,4.28271341323853,0.393854320049286,4.56844329833984,0.660540997982025,4.61637115478516,44.7913017272949,146.043228149414,0,0,2.57558512687683,1.2276223897934,
36,0,51.25804901,0,0,0,26.50814819,0,3.651809454,0,2.026785135,0,16.03467178,4.34445238113403,0.395317286252975,4.63518285751343,0.673459887504578,4.48062801361084,44.5765495300293,145.964706420898,0,0,2.73057913780212,1.24626421928406,
37,0,52.97518921,0,0,0,26.86725807,0,3.708249331,0,2.033986568,0,16.31698036,4.40566349029541,0.396754592657089,4.70281839370728,0.686428368091583,4.35591697692871,44.3799896240234,145.886138916016,0,0,2.88727998733521,1.26483643054962,
38,0,54.65872192,0,0,0,27.22107887,0,3.763891697,0,2.041064024,0,16.59127426,4.46623373031616,0.398167639970779,4.7710075378418,0.699373781681061,4.24177742004395,44.2011451721191,145.807632446289,0,0,3.04541039466858,1.28330969810486,
39,0,56.30886459,0,0,0,27.56921387,0,3.818706512,0,2.048025608,0,16.85775757,4.52604961395264,0.399556845426559,4.83944320678711,0.71223521232605,4.13776254653931,44.0395240783691,145.729263305664,0,0,3.20469570159912,1.30165183544159,
40,0,57.92582321,0,0,0,27.91134071,0,3.872667551,0,2.05487752,0,17.11663055,4.58504199981689,0.400923430919647,4.9078631401062,0.724964261054993,4.04343748092651,43.8946151733398,145.651107788086,0,0,3.3648784160614,1.31983327865601,
41,0,59.50534058,0,0,0,28.24628067,0,3.92560935,0,2.061604977,0,17.36739731,4.64312601089478,0.402267098426819,4.97602987289429,0.737519979476929,3.9583797454834,43.7658882141113,145.573272705078,0,0,3.52570247650146,1.33782303333282,
42,0,61.05205154,0,0,0,28.57476234,0,3.977655411,0,2.068229914,0,17.61095428,4.7002477645874,0.403588265180588,5.04374122619629,0.749870300292969,3.88217878341675,43.6528167724609,145.495834350586,0,0,3.68692708015442,1.35559320449829,
43,0,62.55946732,0,0,0,28.89521599,0,4.028572083,0,2.074725628,0,17.8464489,4.75635147094727,0.404886871576309,5.1108193397522,0.761989057064056,3.81443524360657,43.5548629760742,145.418853759766,0,0,3.84831929206848,1.37311744689941,
44,0,64.03438568,0,0,0,29.20891953,0,4.078564167,0,2.081121445,0,18.07509995,4.81140184402466,0.406162947416306,5.1771125793457,0.773856163024902,3.7547619342804,43.4714851379395,145.342422485352,0,0,4.00965929031372,1.3903728723526,
45,0,65.47031403,0,0,0,29.51436615,0,4.127400875,0,2.087388992,0,18.29605484,4.86537456512451,0.407416671514511,5.24249458312988,0.785456776618958,3.70278239250183,43.4021415710449,145.266586303711,0,0,4.17074108123779,1.4073394536972,
46,0,66.86963654,0,0,0,29.81196404,0,4.17514658,0,2.093536854,0,18.50983238,4.91821384429932,0.408646762371063,5.30684423446655,0.796777188777924,3.65813136100769,43.3462982177734,145.191421508789,0,0,4.33135604858398,1.4239958524704,
47,0,68.23245239,0,0,0,30.10164642,0,4.221785069,0,2.099564075,0,18.71658897,4.96990299224854,0.409853368997574,5.37006711959839,0.807809054851532,3.62045478820801,43.303409576416,145.117004394531,0,0,4.49131679534912,1.44032621383667,
48,0,69.55889893,0,0,0,30.38339424,0,4.267315388,0,2.105469227,0,18.91647911,5.02042961120605,0.411036252975464,5.43208503723145,0.818546712398529,3.58940839767456,43.2729454040527,145.043350219727,0,0,4.65044403076172,1.45631694793701,
49,0,70.84909058,0,0,0,30.65719604,0,4.311724186,0,2.111250401,0,19.10965157,5.06978225708008,0.412195205688477,5.49283313751221,0.828986704349518,3.56465911865234,43.2543830871582,144.97053527832,0,0,4.80857133865356,1.47195720672607,
50,0,72.10312653,0,0,0,30.9230175,0,4.355006218,0,2.116905928,0,19.29623795,5.1179518699646,0.413329899311066,5.5522575378418,0.839127361774445,3.54588437080383,43.2471961975098,144.898620605469,0,0,4.96554040908813,1.4872373342514,
51,0,73.32110596,0,0,0,31.18087578,0,4.397154331,0,2.122433424,0,19.47637177,5.16492891311646,0.414440006017685,5.61031436920166,0.848968505859375,3.53277111053467,43.2508811950684,144.82763671875,0,0,5.12120294570923,1.50214970111847,
52,0,74.50534058,0,0,0,31.43126488,0,4.438236237,0,2.127840757,0,19.65050125,5.21072435379028,0.415525645017624,5.66697549819946,0.858512222766876,3.52501630783081,43.2649307250977,144.757598876953,0,0,5.27542591094971,1.51669025421143,
53,0,75.65370178,0,0,0,31.6737175,0,4.47817564,0,2.133116007,0,19.81841087,5.25534152984619,0.416586756706238,5.72221851348877,0.867761254310608,3.52232766151428,43.2888565063477,144.688583374023,0,0,5.4280834197998,1.53085589408875,
54,0,76.76845551,0,0,0,31.90870476,0,4.517035007,0,2.138266325,0,19.9805336,5.29877805709839,0.417622864246368,5.77602672576904,0.876718938350677,3.52442216873169,43.3221778869629,144.620620727539,0,0,5.57905673980713,1.54464387893677,
55,0,77.84970093,0,0,0,32.13626099,0,4.554811478,0,2.143290043,0,20.1369648,5.34104776382446,0.418634176254272,5.82839345932007,0.885389804840088,3.53102612495422,43.3644256591797,144.553741455078,0,0,5.72824144363403,1.55805456638336,
56,0,78.89749146,0,0,0,32.35644531,0,4.591504097,0,2.148184776,0,20.28780365,5.38215780258179,0.419620662927628,5.8793158531189,0.893778741359711,3.5418758392334,43.4151382446289,144.48796081543,0,0,5.87553882598877,1.5710883140564,
57,0,79.91189575,0,0,0,32.56925964,0,4.627104759,0,2.152948618,0,20.4331398,5.4221076965332,0.420581847429276,5.92879295349121,0.901890277862549,3.55671644210815,43.4738693237305,144.423309326172,0,0,6.02085542678833,1.58374607563019,
58,0,80.89735413,0,0,0,32.77563477,0,4.661759853,0,2.157599449,0,20.57366943,5.46093320846558,0.42151865363121,5.97683906555176,0.909731447696686,3.57530236244202,43.5401840209961,144.359817504883,0,0,6.16411638259888,1.59603250026703,
59,0,81.84954071,0,0,0,32.97471237,0,4.695313931,0,2.162115574,0,20.70885849,5.49865055084229,0.422431170940399,6.02346706390381,0.917308747768402,3.59739685058594,43.6136627197266,144.297515869141,0,0,6.30525207519531,1.60795211791992,
60,0,82.77070618,0,0,0,33.16698837,0,4.727838516,0,2.16650486,0,20.83908463,5.53524541854858,0.423318535089493,6.06868314743042,0.92462682723999,3.62277221679688,43.6938896179199,144.236419677734,0,0,6.44418954849243,1.61950659751892,
61,0,83.66307831,0,0,0,33.35293198,0,4.759407043,0,2.17077589,0,20.96472168,5.57074880599976,0.424181491136551,6.11250782012939,0.931692719459534,3.6512086391449,43.7804641723633,144.176544189453,0,0,6.58087301254272,1.6307018995285,
62,0,84.52668762,0,0,0,33.53258896,0,4.790016651,0,2.174927235,0,21.08583069,5.60519361495972,0.425020724534988,6.15496683120728,0.93851375579834,3.68249583244324,43.8730010986328,144.117919921875,0,0,6.715256690979,1.64154553413391,
63,0,85.36159515,0,0,0,33.70597458,0,4.819658756,0,2.178957224,0,21.20246887,5.63859510421753,0.42583629488945,6.19608211517334,0.945096671581268,3.71643090248108,43.9711303710938,144.060562133789,0,0,6.84729766845703,1.65204358100891,
64,0,86.16782379,0,0,0,33.87314224,0,4.848335266,0,2.182864189,0,21.31468964,5.67095851898193,0.426628023386002,6.23587417602539,0.951447248458862,3.75281953811646,44.0744934082031,144.004440307617,0,0,6.97695541381836,1.66220116615295,
65,0,86.94979858,0,0,0,34.03500366,0,4.876197815,0,2.186668158,0,21.42315674,5.70232582092285,0.427397012710571,6.27437543869019,0.957573413848877,3.79147505760193,44.1827392578125,143.949600219727,0,0,7.10420417785645,1.67202746868134,
66,0,87.70314789,0,0,0,34.19068527,0,4.903079987,0,2.190346003,0,21.52729797,5.73271417617798,0.428143411874771,6.31161403656006,0.963481903076172,3.83221888542175,44.2955360412598,143.896057128906,0,0,7.22902059555054,1.68152964115143,
67,0,88.43230438,0,0,0,34.34113693,0,4.929143906,0,2.193918228,0,21.62776756,5.76213264465332,0.428867161273956,6.34761428833008,0.969178676605225,3.87487959861755,44.4125518798828,143.843795776367,0,0,7.3513822555542,1.69071424007416,
68,0,89.13508606,0,0,0,34.48592758,0,4.954303265,0,2.197372675,0,21.7243042,5.79060554504395,0.429568767547607,6.38240528106689,0.974670112133026,3.91929316520691,44.5334854125977,143.792831420898,0,0,7.47127437591553,1.69958865642548,
69,0,89.81371307,0,0,0,34.62553406,0,4.978633404,0,2.200719118,0,21.81724167,5.81814050674438,0.430248230695724,6.41601228713989,0.979961812496185,3.96530318260193,44.6580238342285,143.7431640625,0,0,7.58868408203125,1.70815968513489,
70,0,90.47039032,0,0,0,34.76040268,0,5.00221014,0,2.203967333,0,21.90691566,5.84478235244751,0.430906802415848,6.44847106933594,0.985061287879944,4.01275968551636,44.7858848571777,143.69482421875,0,0,7.70361137390137,1.71643662452698,
71,0,91.10295868,0,0,0,34.89014053,0,5.024954319,0,2.207105398,0,21.99305916,5.87055253982544,0.431544721126556,6.47981214523315,0.989974737167358,4.06152009963989,44.9167900085449,143.64778137207,0,0,7.81605625152588,1.72442746162415,
72,0,91.71360016,0,0,0,35.01521301,0,5.04694128,0,2.210143328,0,22.07599831,5.89546060562134,0.432162076234818,6.51006269454956,0.994707703590393,4.11144733428955,45.0504684448242,143.60205078125,0,0,7.92601919174194,1.73213922977448,
73,0,92.30452728,0,0,0,35.13607407,0,5.068245411,0,2.213090658,0,22.15605354,5.91955137252808,0.432760000228882,6.5392599105835,0.999267339706421,4.1624116897583,45.1866722106934,143.5576171875,0,0,8.03351402282715,1.73958170413971,
74,0,92.87358856,0,0,0,35.25230026,0,5.088787079,0,2.215936422,0,22.23295593,5.94284534454346,0.433338910341263,6.5674352645874,1.00365972518921,4.21429014205933,45.3251533508301,143.514495849609,0,0,8.13855171203613,1.74676311016083,
75,0,93.42077637,0,0,0,35.36392593,0,5.108562946,0,2.218679667,0,22.30673218,5.96533250808716,0.43389818072319,6.59460973739624,1.00788879394531,4.26696491241455,45.4656791687012,143.472671508789,0,0,8.24113845825195,1.75368857383728,
76,0,93.95046997,0,0,0,35.47182465,0,5.127728462,0,2.221341133,0,22.37798309,5.98704624176025,0.434438794851303,6.62081480026245,1.01196038722992,4.32032442092896,45.608024597168,143.432144165039,0,0,8.34129238128662,1.76036608219147,
77,0,94.46050262,0,0,0,35.57559967,0,5.146206856,0,2.223909855,0,22.44644547,6.00802516937256,0.434961766004562,6.64608383178711,1.01588082313538,4.37426280975342,45.7519721984863,143.392913818359,0,0,8.43903923034668,1.76680469512939,
78,0,94.95307159,0,0,0,35.67570114,0,5.164070606,0,2.226395845,0,22.51242256,6.02828693389893,0.435467332601547,6.67044591903687,1.01965534687042,4.42867946624756,45.8973197937012,143.354949951172,0,0,8.53439903259277,1.7730119228363,
79,0,95.42816925,0,0,0,35.77213287,0,5.181319237,0,2.228798389,0,22.57593346,6.04785966873169,0.435956239700317,6.69393301010132,1.02328956127167,4.48347949981689,46.043872833252,143.318267822266,0,0,8.62739944458008,1.77899587154388,
80,0,95.88365936,0,0,0,35.86449432,0,5.197874546,0,2.231106758,0,22.63670731,6.06673812866211,0.436427980661392,6.71656608581543,1.02678692340851,4.53857278823853,46.1914520263672,143.282867431641,0,0,8.71806049346924,1.78476166725159,
81,0,96.32604218,0,0,0,35.95409393,0,5.213969231,0,2.233352661,0,22.69562149,6.08495855331421,0.436883717775345,6.73837566375732,1.03015315532684,4.59387493133545,46.3398666381836,143.248733520508,0,0,8.8064136505127,1.7903174161911,
82,0,96.74882507,0,0,0,36.03961563,0,5.229363441,0,2.23550272,0,22.75182343,6.10253763198853,0.437323749065399,6.75938892364502,1.03339278697968,4.64930534362793,46.488956451416,143.215850830078,0,0,8.89249038696289,1.79566979408264,
83,0,97.15853882,0,0,0,36.12241745,0,5.244297981,0,2.237590075,0,22.80619621,6.11948585510254,0.437748223543167,6.77962779998779,1.03650963306427,4.70478868484497,46.638557434082,143.184204101563,0,0,8.976318359375,1.80082452297211,
84,0,97.55300903,0,0,0,36.20206833,0,5.25868988,0,2.239603043,0,22.85846138,6.13584804534912,0.438158422708511,6.79912567138672,1.03950953483582,4.76025390625,46.7885208129883,143.153793334961,0,0,9.057936668396,1.80579054355621,
85,0,97.93222809,0,0,0,36.27855682,0,5.272538662,0,2.241541386,0,22.90862656,6.1516261100769,0.438554167747498,6.81790447235107,1.04239583015442,4.81563472747803,46.9386978149414,143.124603271484,0,0,9.13737487792969,1.81057298183441,
86,0,98.29840088,0,0,0,36.35234451,0,5.285919189,0,2.243415833,0,22.9569912,6.16684055328369,0.438936024904251,6.83598852157593,1.0451728105545,4.87086820602417,47.0889549255371,143.096633911133,0,0,9.21467113494873,1.81517815589905,
87,0,98.6493454,0,0,0,36.42299271,0,5.298755646,0,2.245214939,0,23.00327873,6.18150091171265,0.439304143190384,6.85339879989624,1.04784405231476,4.92589569091797,47.2391586303711,143.069854736328,0,0,9.28985786437988,1.81961154937744,
88,0,98.98940277,0,0,0,36.49140167,0,5.311201572,0,2.24696064,0,23.04806519,6.19563293457031,0.439659208059311,6.87016105651855,1.05041360855103,4.98066234588623,47.3891868591309,143.044281005859,0,0,9.36297416687012,1.82387948036194,
89,0,99.31643677,0,0,0,36.55712891,0,5.32318306,0,2.248641729,0,23.09108162,6.20927095413208,0.440002173185349,6.88630199432373,1.05288624763489,5.03511762619019,47.5389213562012,143.019866943359,0,0,9.43406295776367,1.82798945903778,
90,0,99.6304245,0,0,0,36.62018204,0,5.334692001,0,2.25025773,0,23.13232803,6.22241020202637,0.440332651138306,6.90183877944946,1.05526471138,5.08921337127686,47.6882591247559,142.996612548828,0,0,9.50315761566162,1.83194541931152,
91,0,99.93354034,0,0,0,36.68099213,0,5.345812321,0,2.251819611,0,23.17209435,6.23506832122803,0.440651148557663,6.91679286956787,1.05755233764648,5.14290618896484,47.8370933532715,142.974502563477,0,0,9.57029724121094,1.83575308322906,
92,0,100.2236328,0,0,0,36.73916245,0,5.356462002,0,2.253316402,0,23.21010971,6.24725580215454,0.440957874059677,6.93118238449097,1.05975198745728,5.19615459442139,47.9853248596191,142.953521728516,0,0,9.63551712036133,1.83941650390625,
93,0,100.5050278,0,0,0,36.79552841,0,5.366798878,0,2.254769802,0,23.24694061,6.25899648666382,0.441253513097763,6.94502925872803,1.06186747550964,5.24892139434814,48.1328620910645,142.933685302734,0,0,9.69886016845703,1.84294152259827,
94,0,100.7734146,0,0,0,36.8492775,0,5.376665592,0,2.256157637,0,23.28203583,6.27030420303345,0.441538333892822,6.95835208892822,1.06390166282654,5.30117082595825,48.279613494873,142.914947509766,0,0,9.76036262512207,1.84633302688599,
95,0,101.0352783,0,0,0,36.90166855,0,5.386294842,0,2.257512808,0,23.3162365,6.28120374679565,0.441813111305237,6.97117328643799,1.06585812568665,5.35287094116211,48.4255104064941,142.89729309082,0,0,9.82006931304932,1.8495968580246,
96,0,101.2841263,0,0,0,36.95141983,0,5.395452023,0,2.258801937,0,23.34870529,6.29170894622803,0.442078024148941,6.98351240158081,1.06774008274078,5.40399265289307,48.5704650878906,142.880722045898,0,0,9.87802028656006,1.85273802280426,
97,0,101.5242996,0,0,0,36.99939728,0,5.404296398,0,2.260047436,0,23.3800106,6.30180692672729,0.442332565784454,6.99537801742554,1.06954884529114,5.45450925827026,48.714412689209,142.865203857422,0,0,9.93424797058105,1.85575830936432,
98,0,101.7557983,0,0,0,37.04562759,0,5.412825584,0,2.261249065,0,23.41016006,6.31153154373169,0.442577868700027,7.00679206848145,1.07128798961639,5.50439596176147,48.8572883605957,142.850738525391,0,0,9.98879432678223,1.85866355895996,
99,0,101.9786148,0,0,0,37.09009552,0,5.421039581,0,2.262406349,0,23.43915176,6.32089996337891,0.442814230918884,7.01777219772339,1.0729603767395,5.55363082885742,48.9990272521973,142.837310791016,0,0,10.0417013168335,1.86145853996277,
100,0,102.1927567,0,0,0,37.13282013,0,5.428938389,0,2.263519764,0,23.46699333,6.32992029190063,0.443041950464249,7.02833414077759,1.07456827163696,5.60219430923462,49.139575958252,142.824890136719,0,0,10.0930061340332,1.86414694786072,
101,0,102.4003983,0,0,0,37.17420197,0,5.436599731,0,2.264600277,0,23.49396324,6.33861780166626,0.443261623382568,7.03849840164185,1.07611489295959,5.65006828308105,49.278881072998,142.813461303711,0,0,10.1427516937256,1.86673402786255,
102,0,102.5972061,0,0,0,37.21341324,0,5.443863869,0,2.265625,0,23.51950645,6.34698438644409,0.443472921848297,7.04827356338501,1.07760190963745,5.69723796844482,49.4168930053711,142.803024291992,0,0,10.1909742355347,1.86922216415405,
103,0,102.7896729,0,0,0,37.2517395,0,5.45097065,0,2.266628027,0,23.54446793,6.35503530502319,0.443676292896271,7.0576753616333,1.07903146743774,5.74368906021118,49.5535697937012,142.793548583984,0,0,10.2377099990845,1.87161529064178,
104,0,102.9734726,0,0,0,37.28830719,0,5.457763672,0,2.26758647,0,23.5682869,6.36280155181885,0.443872660398483,7.06672239303589,1.08040678501129,5.78940916061401,49.6888694763184,142.785018920898,0,0,10.2830018997192,1.87391829490662,
105,0,103.1486206,0,0,0,37.32315063,0,5.46423769,0,2.268500328,0,23.59096527,6.37025594711304,0.444060921669006,7.07541847229004,1.08172821998596,5.83438873291016,49.82275390625,142.777435302734,0,0,10.3268795013428,1.87613153457642,
106,0,103.3194199,0,0,0,37.35712051,0,5.470553398,0,2.269392252,0,23.61307335,6.37742614746094,0.444242119789124,7.08377981185913,1.08299827575684,5.8786187171936,49.9551811218262,142.770767211914,0,0,10.3693799972534,1.87825953960419,
107,0,103.4815674,0,0,0,37.38935471,0,5.476551056,0,2.270239353,0,23.63404465,6.38432598114014,0.444416552782059,7.09181976318359,1.08421921730042,5.92209196090698,50.086124420166,142.765014648438,0,0,10.4105415344238,1.88030576705933,
108,0,103.6393814,0,0,0,37.4207077,0,5.482390881,0,2.271064281,0,23.65444183,6.39096212387085,0.444584280252457,7.09954977035522,1.08539259433746,5.96480321884155,50.2155570983887,142.760147094727,0,0,10.4503984451294,1.8822728395462,
109,0,103.7906952,0,0,0,37.45074463,0,5.487994671,0,2.271855831,0,23.67398643,6.39736032485962,0.444746166467667,7.10698509216309,1.08652102947235,6.00674724578857,50.3434562683105,142.756149291992,0,0,10.4889907836914,1.88416516780853,
110,0,103.935524,0,0,0,37.47950745,0,5.493357182,0,2.272614002,0,23.69268608,6.40351152420044,0.444901794195175,7.11413335800171,1.08760559558868,6.0479211807251,50.4697952270508,142.753005981445,0,0,10.5263481140137,1.88598442077637,
111,0,104.0760117,0,0,0,37.50736618,0,5.498562336,0,2.273349524,0,23.71080971,6.40943193435669,0.445051580667496,7.12100696563721,1.08864831924438,6.08832359313965,50.5945510864258,142.750732421875,0,0,10.5625066757202,1.88773381710052,
112,0,104.2100143,0,0,0,37.53395844,0,5.503526211,0,2.274051428,0,23.72809219,6.4151291847229,0.445195764303207,7.12761688232422,1.08965075016022,6.12795352935791,50.7177124023438,142.749267578125,0,0,10.5974998474121,1.88941597938538,
113,0,104.3396835,0,0,0,37.55965424,0,5.50833416,0,2.274731159,0,23.74480438,6.4206075668335,0.445334404706955,7.13397169113159,1.09061419963837,6.16681098937988,50.8392639160156,142.748596191406,0,0,10.6313600540161,1.89103329181671,
114,0,104.4628677,0,0,0,37.58407974,0,5.512901783,0,2.275377035,0,23.76067352,6.4258713722229,0.445467561483383,7.14007902145386,1.09153997898102,6.20489740371704,50.9591865539551,142.748733520508,0,0,10.664116859436,1.89258742332458,
115,0,104.5838852,0,0,0,37.60804749,0,5.517388821,0,2.276012182,0,23.77625656,6.4309401512146,0.445595979690552,7.14595174789429,1.09243011474609,6.24221563339233,51.0774726867676,142.749664306641,0,0,10.6958045959473,1.89408206939697,
116,0,104.69841,0,0,0,37.63075256,0,5.521640301,0,2.276612997,0,23.79099846,6.43582725524902,0.445719808340073,7.15160131454468,1.09328627586365,6.27876758575439,51.1941223144531,142.751358032227,0,0,10.7264556884766,1.89551985263824,
117,0,104.808609,0,0,0,37.65258026,0,5.525728703,0,2.277191639,0,23.80517578,6.44051599502563,0.445838391780853,7.15703058242798,1.09410870075226,6.3145580291748,51.3091163635254,142.753799438477,0,0,10.7560958862305,1.89690148830414,
118,0,104.9144821,0,0,0,37.67353058,0,5.529659271,0,2.277747869,0,23.81879044,6.44501924514771,0.445952385663986,7.16224765777588,1.0948988199234,6.34959125518799,51.4224510192871,142.756973266602,0,0,10.7847547531128,1.89822900295258,
119,0,105.0160294,0,0,0,37.69363403,0,5.533428669,0,2.27828145,0,23.83184624,6.44934368133545,0.446061849594116,7.16725969314575,1.09565782546997,6.38387250900269,51.5341262817383,142.760879516602,0,0,10.812460899353,1.8995041847229,
120,0,105.1154175,0,0,0,37.71329498,0,5.537118912,0,2.278803825,0,23.84461594,6.45351362228394,0.446167528629303,7.17208003997803,1.09638774394989,6.41740751266479,51.6441383361816,142.765502929688,0,0,10.8392457962036,1.90073084831238,
121,0,105.2083054,0,0,0,37.73166656,0,5.540568829,0,2.279292107,0,23.85654449,6.45752143859863,0.446269065141678,7.17671298980713,1.09708917140961,6.45020246505737,51.7524909973145,142.770812988281,0,0,10.8651351928711,1.90190970897675,
122,0,105.2990417,0,0,0,37.74960327,0,5.543941021,0,2.279769421,0,23.86819839,6.46136236190796,0.446366280317307,7.18116188049316,1.09776246547699,6.48226499557495,51.8591766357422,142.776809692383,0,0,10.8901538848877,1.90304148197174,
123,0,105.387619,0,0,0,37.76711273,0,5.547233582,0,2.280235529,0,23.8795681,6.4650764465332,0.446460515260696,7.18544292449951,1.0984103679657,6.5136022567749,51.9642066955566,142.783447265625,0,0,10.9143342971802,1.90413081645966,
124,0,105.4697113,0,0,0,37.78334808,0,5.550283909,0,2.280667543,0,23.89010048,6.46864128112793,0.446550816297531,7.18955659866333,1.09903287887573,6.54422283172607,52.0675811767578,142.790740966797,0,0,10.9376983642578,1.90517771244049,
125,0,105.551796,0,0,0,37.79957581,0,5.553334236,0,2.281099796,0,23.90063286,6.4720664024353,0.446637630462646,7.19351005554199,1.09963119029999,6.574134349823,52.169303894043,142.798675537109,0,0,10.9602699279785,1.9061838388443,
126,0,105.6295547,0,0,0,37.81493378,0,5.556227207,0,2.281509399,0,23.910602569999998,6.47537851333618,0.44672167301178,7.19731616973877,1.10020709037781,6.60334587097168,52.2693939208984,142.807220458984,0,0,10.9820804595947,1.90715253353119,
127,0,105.7029953,0,0,0,37.82944489,0,5.558960438,0,2.281896114,0,23.92001724,6.47854948043823,0.446801960468292,7.20097160339355,1.10076010227203,6.63186645507813,52.367847442627,142.816390991211,0,0,11.0031461715698,1.90808272361755,
128,0,105.7742691,0,0,0,37.84351349,0,5.561611652,0,2.282271624,0,23.92915154,6.48158550262451,0.446878731250763,7.20448064804077,1.10129070281982,6.65970611572266,52.464672088623,142.826141357422,0,0,11.0234889984131,1.90897560119629,
129,0,105.8433914,0,0,0,37.85715485,0,5.56417942,0,2.282635927,0,23.93800735,6.4845085144043,0.446952819824219,7.20785331726074,1.10180079936981,6.68687391281128,52.5598793029785,142.836471557617,0,0,11.0431346893311,1.90983390808105,
130,0,105.910347,0,0,0,37.87037659,0,5.566673279,0,2.282989025,0,23.9465847,6.48733234405518,0.447024554014206,7.21109914779663,1.10229158401489,6.71337938308716,52.6534805297852,142.847366333008,0,0,11.0621089935303,1.91065979003906,
131,0,105.9729767,0,0,0,37.88274765,0,5.569004059,0,2.283319235,0,23.95460701,6.4900426864624,0.447093278169632,7.2142186164856,1.10276329517365,6.73923349380493,52.7454872131348,142.858840942383,0,0,11.0804290771484,1.9114533662796,
132,0,106.0334473,0,0,0,37.89467239,0,5.571252346,0,2.283638239,0,23.96234894,6.49263143539429,0.447158813476563,7.21721172332764,1.10321569442749,6.76444625854492,52.8359069824219,142.870834350586,0,0,11.0981121063232,1.91221487522125,
133,0,106.0939178,0,0,0,37.9066124,0,5.573503494,0,2.283957005,0,23.97009087,6.49513673782349,0.447222471237183,7.22009134292603,1.10365104675293,6.78902816772461,52.9247589111328,142.883361816406,0,0,11.1151866912842,1.91294777393341,
134,0,106.1500702,0,0,0,37.91769028,0,5.575596333,0,2.284253597,0,23.97727585,6.49755811691284,0.447283953428268,7.22286367416382,1.10407018661499,6.81298971176147,53.0120544433594,142.896423339844,0,0,11.1316728591919,1.91365349292755,
135,0,106.2040558,0,0,0,37.92834091,0,5.577606201,0,2.284538269,0,23.98418427,6.49987363815308,0.44734263420105,7.22552633285522,1.10447263717651,6.836341381073,53.0978050231934,142.90998840332,0,0,11.1475830078125,1.91433084011078,
136,0,106.2558823,0,0,0,37.9385643,0,5.579535484,0,2.284811974,0,23.99081421,6.5020923614502,0.447398811578751,7.22808265686035,1.10485899448395,6.85909461975098,53.1820259094238,142.924041748047,0,0,11.1629371643066,1.91498124599457,
137,0,106.3055573,0,0,0,37.94835663,0,5.581385612,0,2.285073996,0,23.99716568,6.5042200088501,0.447452694177628,7.23053741455078,1.10522985458374,6.88125991821289,53.2647285461426,142.938568115234,0,0,11.1777515411377,1.91560566425323,
138,0,106.3530731,0,0,0,37.95772552,0,5.583155632,0,2.28532505,0,24.00324249,6.50625896453857,0.447504341602325,7.23289346694946,1.10558569431305,6.90284776687622,53.3459320068359,142.953567504883,0,0,11.1920442581177,1.91620492935181,
139,0,106.4005814,0,0,0,37.96708679,0,5.584924221,0,2.285575867,0,24.00931549,6.50823020935059,0.447554439306259,7.23515939712524,1.10592818260193,6.92386960983276,53.4256477355957,142.969039916992,0,0,11.2058362960815,1.91678154468536,
140,0,106.4459229,0,0,0,37.97602081,0,5.586614609,0,2.285815239,0,24.01511002,6.5101466178894,0.447603225708008,7.23734378814697,1.10625827312469,6.94433641433716,53.5038986206055,142.984970092773,0,0,11.2191505432129,1.91733753681183,
141,0,106.4869461,0,0,0,37.98411179,0,5.588142872,0,2.286031961,0,24.02035522,6.51197195053101,0.447649389505386,7.23943996429443,1.10657501220703,6.9642596244812,53.5806999206543,143.001312255859,0,0,11.2319927215576,1.91787087917328,
142,0,106.527977,0,0,0,37.99219894,0,5.589671135,0,2.286248922,0,24.02559853,6.51370859146118,0.447693288326263,7.2414493560791,1.10687839984894,6.98364925384521,53.6560668945313,143.018096923828,0,0,11.2443752288818,1.91838192939758,
143,0,106.5690002,0,0,0,38.00027466,0,5.591202736,0,2.286465645,0,24.03084183,6.51539993286133,0.447736322879791,7.24338436126709,1.10717082023621,7.00251626968384,53.7300148010254,143.035278320313,0,0,11.2563228607178,1.91887450218201,
144,0,106.6057053,0,0,0,38.00750732,0,5.592567444,0,2.286659718,0,24.03552818,6.51702499389648,0.447777599096298,7.24524545669556,1.10745203495026,7.02087211608887,53.8025665283203,143.052871704102,0,0,11.2678480148315,1.9193480014801,
145,0,106.6424179,0,0,0,38.0147438,0,5.593937397,0,2.286853552,0,24.04021645,6.51857471466064,0.44781681895256,7.24703073501587,1.10772168636322,7.03872728347778,53.8737297058105,143.070846557617,0,0,11.2789611816406,1.919802069664,
146,0,106.6769638,0,0,0,38.02156067,0,5.59522438,0,2.28703618,0,24.04463005,6.52006530761719,0.447854608297348,7.24874544143677,1.10798072814941,7.05609226226807,53.9435272216797,143.08918762207,0,0,11.2896776199341,1.92023837566376,
147,0,106.7115097,0,0,0,38.0283699,0,5.596515656,0,2.287219048,0,24.04904175,6.52150392532349,0.447891145944595,7.25039482116699,1.10822987556458,7.07297849655151,54.0119857788086,143.107925415039,0,0,11.300012588501,1.92065823078156,
148,0,106.7438965,0,0,0,38.03473663,0,5.597720623,0,2.287389994,0,24.05317497,6.52289485931396,0.447926491498947,7.25198268890381,1.10846972465515,7.08939599990845,54.0791091918945,143.127014160156,0,0,11.3099803924561,1.92106235027313,
149,0,106.7741165,0,0,0,38.04068756,0,5.59884882,0,2.287549973,0,24.05703354,6.52421903610229,0.447959989309311,7.25350570678711,1.10869956016541,7.10535526275635,54.1449241638184,143.146453857422,0,0,11.3195896148682,1.92144978046417,
150,0,106.8043518,0,0,0,38.04664612,0,5.599977016,0,2.287709951,0,24.06089401,6.52548933029175,0.447992205619812,7.254967212677,1.10892021656036,7.1208667755127,54.2094459533691,143.166244506836,0,0,11.3288526535034,1.92182171344757,
151,0,106.8324127,0,0,0,38.05217361,0,5.601020813,0,2.287858248,0,24.06447601,6.52670955657959,0.448023110628128,7.25637102127075,1.10913217067719,7.13594055175781,54.2726974487305,143.186370849609,0,0,11.3377809524536,1.92217886447906,
152,0,106.86048889999999,0,0,0,38.05769348,0,5.602067947,0,2.288006544,0,24.06805801,6.52788209915161,0.448052883148193,7.25771999359131,1.10933589935303,7.15058755874634,54.3346900939941,143.206802368164,0,0,11.3463878631592,1.92252206802368,
153,0,106.8863907,0,0,0,38.06278992,0,5.603036404,0,2.288143635,0,24.07136345,6.52901124954224,0.448081493377686,7.25901651382446,1.10953164100647,7.16481685638428,54.3954467773438,143.227554321289,0,0,11.3546838760376,1.92285180091858,
154,0,106.9123001,0,0,0,38.0678978,0,5.604002476,0,2.288280725,0,24.07467079,6.53009653091431,0.448109030723572,7.26026153564453,1.10971963405609,7.17863845825195,54.4549865722656,143.248626708984,0,0,11.3626804351807,1.92316865921021,
155,0,106.9382095,0,0,0,38.072990419999996,0,5.604967594,0,2.288417816,0,24.07797432,6.53115844726563,0.448136150836945,7.26146411895752,1.10990130901337,7.19206285476685,54.5133285522461,143.269989013672,0,0,11.3703937530518,1.92347466945648,
156,0,106.9597931,0,0,0,38.07725143,0,5.605774879,0,2.288532257,0,24.08073044,6.53216743469238,0.448161691427231,7.26261758804321,1.11007559299469,7.2050986289978,54.5704917907715,143.291641235352,0,0,11.3778247833252,1.92376828193665,
157,0,106.9835434,0,0,0,38.08191681,0,5.606657982,0,2.288657904,0,24.0837574,6.53312730789185,0.448186039924622,7.26372385025024,1.11024248600006,7.2177562713623,54.6264877319336,143.313583374023,0,0,11.3849849700928,1.9240494966507,
158,0,107.0051346,0,0,0,38.08617783,0,5.607465744,0,2.288772106,0,24.08651352,6.53406143188477,0.448209762573242,7.26478958129883,1.11040341854095,7.2300443649292,54.6813430786133,143.335784912109,0,0,11.3918867111206,1.92432081699371,
159,0,107.0267258,0,0,0,38.09041214,0,5.608268738,0,2.288886309,0,24.08926392,6.53496170043945,0.448232680559158,7.26581573486328,1.11055839061737,7.24197292327881,54.7350769042969,143.358245849609,0,0,11.3985395431519,1.92458200454712,
160,0,107.0461502,0,0,0,38.09424591,0,5.60899353,0,2.288989067,0,24.09174347,6.53582382202148,0.448254525661469,7.26680088043213,1.11070716381073,7.25355052947998,54.7877006530762,143.380950927734,0,0,11.4049491882324,1.92483294010162,
161,0,107.0655823,0,0,0,38.09806061,0,5.609719753,0,2.289092064,0,24.09421921,6.53664636611938,0.448275327682495,7.26774597167969,1.11084985733032,7.26478624343872,54.8392372131348,143.403915405273,0,0,11.4111242294312,1.92507350444794,
162,0,107.0828476,0,0,0,38.10146332,0,5.610364914,0,2.289183378,0,24.0964241,6.53742694854736,0.448295056819916,7.2686505317688,1.11098635196686,7.27568864822388,54.8897018432617,143.427124023438,0,0,11.4170703887939,1.92530345916748,
163,0,107.1022797,0,0,0,38.10529327,0,5.611089706,0,2.289286375,0,24.09890175,6.53818559646606,0.448314338922501,7.26952123641968,1.11111772060394,7.2862663269043,54.9391174316406,143.450546264648,0,0,11.4228010177612,1.92552483081818,
164,0,107.1195526,0,0,0,38.10869598,0,5.61173439,0,2.289377928,0,24.10110474,6.53893327713013,0.448333472013474,7.27036380767822,1.11124491691589,7.29652786254883,54.9874954223633,143.474197387695,0,0,11.4283266067505,1.92573940753937,
165,0,107.1346588,0,0,0,38.11165619,0,5.612297058,0,2.289457798,0,24.10302925,6.53963279724121,0.448351144790649,7.27116870880127,1.11136639118195,7.30648136138916,55.0348587036133,143.498077392578,0,0,11.4336462020874,1.9259444475174,
166,0,107.1519318,0,0,0,38.11506653,0,5.612942696,0,2.289549351,0,24.10523224,6.54030799865723,0.448368281126022,7.27194309234619,1.11148321628571,7.31613492965698,55.0812225341797,143.522171020508,0,0,11.4387702941895,1.92614138126373,
167,0,107.1670456,0,0,0,38.11802673,0,5.613505363,0,2.289629221,0,24.10715675,6.54096984863281,0.448385208845139,7.27269077301025,1.1115962266922,7.32549667358398,55.1266021728516,143.546478271484,0,0,11.4437103271484,1.92633187770844,
168,0,107.1800003,0,0,0,38.12057877,0,5.613990784,0,2.289697886,0,24.10880852,6.54158449172974,0.448400676250458,7.27340412139893,1.11170375347137,7.33457469940186,55.1710166931152,143.57096862793,0,0,11.4484634399414,1.92651319503784,
169,0,107.1951065,0,0,0,38.12353897,0,5.614553928,0,2.289777756,0,24.11073303,6.54217386245728,0.448415547609329,7.27408790588379,1.11180686950684,7.34337615966797,55.2144813537598,143.595642089844,0,0,11.4530401229858,1.92668700218201,
170,0,107.2080612,0,0,0,38.126091,0,5.615036488,0,2.28984642,0,24.1123848,6.54274988174438,0.448430240154266,7.27474689483643,1.11190629005432,7.35190916061401,55.2570190429688,143.620498657227,0,0,11.4574499130249,1.92685461044312,
171,0,107.2210083,0,0,0,38.12863541,0,5.615521908,0,2.289915085,0,24.11403465,6.54329872131348,0.448444157838821,7.27537870407104,1.11200153827667,7.36018037796021,55.298641204834,143.645553588867,0,0,11.4616956710815,1.92701518535614,
172,0,107.233963,0,0,0,38.13118744,0,5.616004467,0,2.289983749,0,24.11568451,6.54383277893066,0.448457777500153,7.27598762512207,1.11209344863892,7.36819648742676,55.3393630981445,143.670761108398,0,0,11.4657850265503,1.92717003822327,
173,0,107.2447662,0,0,0,38.13332367,0,5.616405964,0,2.29004097,0,24.11706352,6.54433870315552,0.448470562696457,7.27657079696655,1.1121814250946,7.37596559524536,55.379207611084,143.696136474609,0,0,11.4697217941284,1.92731833457947,
174,0,107.2577057,0,0,0,38.13586807,0,5.616891384,0,2.290109396,0,24.11871147,6.54483032226563,0.44848307967186,7.27713203430176,1.11226606369019,7.38349390029907,55.4181900024414,143.721664428711,0,0,11.4735136032104,1.92746126651764,
175,0,107.2685013,0,0,0,38.13798141,0,5.617292404,0,2.290166378,0,24.12008476,6.5453143119812,0.448495447635651,7.27767515182495,1.1123480796814,7.39078903198242,55.4563217163086,143.747360229492,0,0,11.4771690368652,1.92759954929352,
176,0,107.2792969,0,0,0,38.14011002,0,5.617697716,0,2.290223837,0,24.12146187,6.54577350616455,0.448507100343704,7.27819633483887,1.1124267578125,7.39785671234131,55.4936256408691,143.773193359375,0,0,11.4806880950928,1.92773222923279,
177,0,107.2879257,0,0,0,38.14181519,0,5.618017673,0,2.290269375,0,24.12256241,6.54619932174683,0.448517769575119,7.27869319915771,1.1125016212463399,7.40470361709595,55.5301094055176,143.79914855957,0,0,11.4840726852417,1.92785847187042,
178,0,107.2987213,0,0,0,38.14391708,0,5.618422031,0,2.290326595,0,24.1239357,6.54660701751709,0.448528081178665,7.2791690826416,1.11257338523865,7.41133594512939,55.5657920837402,143.825256347656,0,0,11.4873285293579,1.92797946929932,
179,0,107.3073578,0,0,0,38.14561462,0,5.618745804,0,2.290372372,0,24.12503624,6.54700660705566,0.448538213968277,7.27962732315063,1.1126424074173,7.41775989532471,55.6006889343262,143.851486206055,0,0,11.4904642105103,1.92809581756592,
180,0,107.3159943,0,0,0,38.14732361,0,5.619065762,0,2.290418148,0,24.12613678,6.54738092422485,0.448547661304474,7.28006410598755,1.11270821094513,7.42398071289063,55.6348114013672,143.877853393555,0,0,11.493480682373,1.92820680141449,
181,0,107.3246231,0,0,0,38.14903259,0,5.619390488,0,2.290463924,0,24.12723732,6.5477409362793,0.448556780815125,7.28048324584961,1.11277139186859,7.43000459671021,55.6681747436523,143.904342651367,0,0,11.4963836669922,1.92831349372864,
182,0,107.3332596,0,0,0,38.15072632,0,5.619710445,0,2.290509701,0,24.12833786,6.54809427261353,0.448565781116486,7.28088760375977,1.11283230781555,7.4358377456665,55.700798034668,143.930938720703,0,0,11.4991779327393,1.92841613292694,
183,0,107.3418884,0,0,0,38.15242386,0,5.620034218,0,2.290555477,0,24.12943649,6.54844379425049,0.448574781417847,7.28127956390381,1.11289143562317,7.44148540496826,55.7326965332031,143.957626342773,0,0,11.5018720626831,1.92851591110229,
184,0,107.3505249,0,0,0,38.15411377,0,5.62035799,0,2.290601015,0,24.13053703,6.54879283905029,0.448583781719208,7.28166055679321,1.11294913291931,7.44695329666138,55.7638893127441,143.984451293945,0,0,11.5044689178467,1.92861318588257,
185,0,107.3570099,0,0,0,38.15539169,0,5.620596886,0,2.290635586,0,24.13136101,6.5491189956665,0.448592066764832,7.2820258140564,1.11300444602966,7.45224618911743,55.7943840026855,144.011367797852,0,0,11.5069694519043,1.92870628833771,
186,0,107.3634796,0,0,0,38.15666962,0,5.620840073,0,2.29066968,0,24.13218689,6.5494122505188,0.448599338531494,7.28237247467041,1.11305665969849,7.45736980438232,55.8241958618164,144.038360595703,0,0,11.509370803833,1.9287942647934,
187,0,107.369957,0,0,0,38.1579361,0,5.621082306,0,2.29070425,0,24.13301277,6.54969024658203,0.448606312274933,7.28270244598389,1.11310636997223,7.46232891082764,55.8533325195313,144.065444946289,0,0,11.5116806030273,1.92887806892395,
188,0,107.3785934,0,0,0,38.15963745,0,5.621406555,0,2.290749788,0,24.1341114,6.54998064041138,0.448613792657852,7.28302526473999,1.11315512657166,7.46712779998779,55.8818130493164,144.092620849609,0,0,11.5139083862305,1.92896020412445,
189,0,107.3829117,0,0,0,38.16048813,0,5.621564388,0,2.290772676,0,24.13466072,6.55025577545166,0.448620766401291,7.28333568572998,1.11320197582245,7.47177171707153,55.9096527099609,144.119873046875,0,0,11.5160522460938,1.92903923988342,
190,0,107.3893814,0,0,0,38.16175461,0,5.621807098,0,2.290807009,0,24.1354847,6.55050182342529,0.448626905679703,7.28362846374512,1.11324608325958,7.47626543045044,55.9368629455566,144.147216796875,0,0,11.5181102752686,1.92911374568939,
191,0,107.3958588,0,0,0,38.16303253,0,5.622049809,0,2.290841579,0,24.13631058,6.5507550239563,0.448633432388306,7.28391313552856,1.11328911781311,7.48061370849609,55.9634552001953,144.17463684082,0,0,11.520094871521,1.92918634414673,
192,0,107.4023361,0,0,0,38.16430664,0,5.622292519,0,2.290875673,0,24.13713455,6.55101156234741,0.448640108108521,7.28419208526611,1.11333131790161,7.48482036590576,55.989444732666,144.202133178711,0,0,11.5220098495483,1.92925751209259,
193,0,107.4066544,0,0,0,38.1651535,0,5.622450829,0,2.290898561,0,24.13768387,6.55124807357788,0.44864609837532,7.28445863723755,1.11337161064148,7.48889017105103,56.0148429870605,144.229690551758,0,0,11.5238513946533,1.92932546138763,
194,0,107.4109726,0,0,0,38.16600037,0,5.622612476,0,2.29092145,0,24.13823509,6.55145406723022,0.448651105165482,7.28470849990845,1.11340928077698,7.49282741546631,56.0396575927734,144.257308959961,0,0,11.5256185531616,1.92938888072968,
195,0,107.41745,0,0,0,38.16726303,0,5.622855186,0,2.290955782,0,24.13905716,6.55166482925415,0.448656499385834,7.28495073318481,1.11344575881958,7.49663543701172,56.063907623291,144.284973144531,0,0,11.5273208618164,1.92945063114166,
196,0,107.4217606,0,0,0,38.16810989,0,5.623016834,0,2.29097867,0,24.13960838,6.55187845230103,0.448662012815475,7.28518676757813,1.11348152160645,7.50031852722168,56.0876007080078,144.312698364258,0,0,11.5289621353149,1.9295107126236,
197,0,107.4260864,0,0,0,38.16895294,0,5.623178482,0,2.291001558,0,24.1401577,6.55207300186157,0.448666900396347,7.28541088104248,1.11351537704468,7.50388145446777,56.1107521057129,144.340484619141,0,0,11.5305395126343,1.929567694664,
198,0,107.4304047,0,0,0,38.16983032,0,5.623337746,0,2.291024446,0,24.14070892,6.55225706100464,0.44867154955864,7.28562593460083,1.11354768276215,7.50732660293579,56.1333656311035,144.368316650391,0,0,11.5320558547974,1.92962217330933,
199,0,107.4347229,0,0,0,38.17067719,0,5.62349987,0,2.291047335,0,24.14126015,6.55243587493896,0.448676079511642,7.28583288192749,1.11357879638672,7.51065826416016,56.155460357666,144.396194458008,0,0,11.5335140228271,1.92967474460602,
200,0,107.4390411,0,0,0,38.17152405,0,5.623661041,0,2.291070223,0,24.14180946,6.55261182785034,0.448680579662323,7.28603267669678,1.11360895633698,7.51387977600098,56.1770439147949,144.424102783203,0,0,11.5349178314209,1.92972552776337,
201,0,107.4433441,0,0,0,38.17236328,0,5.623822689,0,2.291093111,0,24.14235687,6.55278635025024,0.448685050010681,7.28622627258301,1.1136382818222,7.51699447631836,56.198127746582,144.452041625977,0,0,11.5362720489502,1.92977488040924,
202,0,107.4455109,0,0,0,38.17277527,0,5.623903275,0,2.291104555,0,24.14263153,6.55293941497803,0.448688864707947,7.28640794754028,1.1136656999588,7.52000570297241,56.2187232971191,144.480026245117,0,0,11.5375709533691,1.92982113361359,
203,0,107.4498215,0,0,0,38.17362595,0,5.624064922,0,2.291127443,0,24.14318085,6.55308151245117,0.448692381381989,7.28658056259155,1.11369156837463,7.52291679382324,56.2388381958008,144.508026123047,0,0,11.5388174057007,1.92986476421356,
204,0,107.4541473,0,0,0,38.17449188,0,5.624228001,0,2.291150331,0,24.14373398,6.55323934555054,0.448696494102478,7.28675127029419,1.11371743679047,7.52573108673096,56.258487701416,144.536071777344,0,0,11.5400218963623,1.92990839481354,
205,0,107.4562988,0,0,0,38.17490005,0,5.624304771,0,2.291161776,0,24.14400482,6.55338287353516,0.448700159788132,7.28691434860229,1.1137421131134,7.52845144271851,56.2776794433594,144.56413269043,0,0,11.5411796569824,1.9299498796463,
206,0,107.4606171,0,0,0,38.17574692,0,5.624465942,0,2.291184425,0,24.14455414,6.55351877212524,0.448703587055206,7.28707027435303,1.11376571655273,7.53108024597168,56.2964210510254,144.592208862305,0,0,11.542293548584,1.92998969554901,
207,0,107.4627762,0,0,0,38.17618179,0,5.624547005,0,2.291196108,0,24.1448307,6.55365180969238,0.448706984519959,7.28722095489502,1.11378848552704,7.53362131118774,56.3147239685059,144.620315551758,0,0,11.5433664321899,1.93002808094025,
208,0,107.4670944,0,0,0,38.17702484,0,5.624709129,0,2.291218758,0,24.14538193,6.55378341674805,0.448710381984711,7.28736734390259,1.11381053924561,7.53607702255249,56.3325996398926,144.6484375,0,0,11.5443992614746,1.93006539344788,
209,0,107.4692459,0,0,0,38.17744446,0,5.624789715,0,2.29123044,0,24.14565468,6.55391407012939,0.448713719844818,7.28750991821289,1.11383211612701,7.53845071792603,56.3500595092773,144.676559448242,0,0,11.5453939437866,1.93010175228119,
210,0,107.4714127,0,0,0,38.17787552,0,5.624871254,0,2.291241884,0,24.14592934,6.55402421951294,0.448716431856155,7.28764247894287,1.11385214328766,7.54074430465698,56.3671035766602,144.704696655273,0,0,11.5463485717773,1.93013536930084,
211,0,107.4735641,0,0,0,38.17829132,0,5.624951363,0,2.291253328,0,24.14620399,6.55412292480469,0.448718845844269,7.28776693344116,1.11387085914612,7.54296016693115,56.3837471008301,144.732849121094,0,0,11.5472631454468,1.93016684055328,
212,0,107.4757233,0,0,0,38.1787262,0,5.625031948,0,2.291264534,0,24.14648056,6.55421590805054,0.448721140623093,7.28788471221924,1.11388850212097,7.54510164260864,56.3999938964844,144.761001586914,0,0,11.5481405258179,1.93019664287567,
213,0,107.4800491,0,0,0,38.17956543,0,5.62519455,0,2.291287661,0,24.14702797,6.5543270111084,0.448724091053009,7.28800296783447,1.1139063835144,7.54717016220093,56.4158554077148,144.789184570313,0,0,11.5489892959595,1.93022680282593,
214,0,107.4822006,0,0,0,38.18000031,0,5.625271797,0,2.291299105,0,24.14730453,6.55444669723511,0.448727279901505,7.28812217712402,1.11392438411713,7.54916858673096,56.4313468933105,144.817367553711,0,0,11.5498104095459,1.93025720119476,
215,0,107.4843597,0,0,0,38.18041611,0,5.625355721,0,2.291310549,0,24.14757729,6.5545506477356,0.448729902505875,7.28823471069336,1.11394143104553,7.55109930038452,56.4464721679688,144.845550537109,0,0,11.5506000518799,1.93028604984283,
216,0,107.4865189,0,0,0,38.18084717,0,5.625433445,0,2.291321993,0,24.14785385,6.55464601516724,0.448732316493988,7.28834247589111,1.1139577627182,7.55296468734741,56.461238861084,144.873718261719,0,0,11.5513591766357,1.93031370639801,
217,0,107.4886856,0,0,0,38.1812706,0,5.625514507,0,2.291333437,0,24.14812851,6.55473661422729,0.448734611272812,7.28844594955444,1.11397337913513,7.55476665496826,56.4756546020508,144.901870727539,0,0,11.5520896911621,1.93034017086029,
218,0,107.4908371,0,0,0,38.18169403,0,5.625595093,0,2.291344881,0,24.14840317,6.55482578277588,0.448736876249313,7.28854608535767,1.1139885187149,7.5565071105957,56.4897308349609,144.930023193359,0,0,11.5527925491333,1.93036556243896,
219,0,107.4908371,0,0,0,38.18169403,0,5.625595093,0,2.291344881,0,24.14840317,6.55489206314087,0.448738425970078,7.28863716125488,1.11400210857391,7.55818796157837,56.5034675598145,144.958160400391,0,0,11.5534639358521,1.93038845062256,
220,0,107.4929962,0,0,0,38.18210983,0,5.625676155,0,2.291356325,0,24.14867592,6.55494737625122,0.448739737272263,7.28871917724609,1.11401438713074,7.55981159210205,56.5168762207031,144.986282348633,0,0,11.5541048049927,1.93040907382965,
221,0,107.4951553,0,0,0,38.18255234,0,5.625756741,0,2.291367769,0,24.14895439,6.55501842498779,0.448741585016251,7.28880167007446,1.11402666568756,7.56137943267822,56.5299606323242,145.014404296875,0,0,11.554723739624,1.93042993545532,
222,0,107.4973145,0,0,0,38.18297195,0,5.625837803,0,2.291379213,0,24.14922714,6.5550971031189,0.44874370098114,7.28888368606567,1.11403906345367,7.56289291381836,56.5427322387695,145.042510986328,0,0,11.5553216934204,1.93045091629028,
223,0,107.4994659,0,0,0,38.18339157,0,5.625918865,0,2.291390657,0,24.1495018,6.55517959594727,0.448745876550674,7.28896522521973,1.11405146121979,7.56435489654541,56.5552024841309,145.070602416992,0,0,11.5558996200562,1.93047201633453,
224,0,107.4994659,0,0,0,38.18339157,0,5.625918865,0,2.291390657,0,24.1495018,6.55524349212646,0.448747426271439,7.28904056549072,1.11406278610229,7.56576633453369,56.5673713684082,145.098663330078,0,0,11.5564517974854,1.93049132823944,
225,0,107.5016327,0,0,0,38.18381882,0,5.625999451,0,2.291402102,0,24.149776459999998,6.55529737472534,0.448748677968979,7.28911066055298,1.11407327651978,7.56712865829468,56.5792465209961,145.126708984375,0,0,11.556981086731,1.93050897121429,
226,0,107.5037842,0,0,0,38.18423843,0,5.62608099,0,2.291413307,0,24.15005112,6.55536699295044,0.448750525712967,7.28918266296387,1.11408424377441,7.56844425201416,56.5908393859863,145.154739379883,0,0,11.5574941635132,1.93052744865417,
227,0,107.5037842,0,0,0,38.18423843,0,5.62608099,0,2.291413307,0,24.15005112,6.55542421340942,0.448751926422119,7.28924894332886,1.11409425735474,7.56971406936646,56.6021537780762,145.182739257813,0,0,11.5579853057861,1.93054437637329,
228,0,107.5059509,0,0,0,38.18466187,0,5.626161575,0,2.291424751,0,24.15032578,6.55547475814819,0.448753148317337,7.28931188583374,1.11410367488861,7.5709400177002,56.6131935119629,145.210739135742,0,0,11.5584554672241,1.9305602312088,
229,0,107.5081024,0,0,0,38.18508148,0,5.626242161,0,2.291436195,0,24.15060043,6.5555419921875,0.448754996061325,7.28937768936157,1.11411368846893,7.57212352752686,56.623966217041,145.238708496094,0,0,11.558913230896,1.93057715892792,
230,0,107.5081024,0,0,0,38.18508148,0,5.626242161,0,2.291436195,0,24.15060043,6.55559825897217,0.448756396770477,7.28943872451782,1.11412298679352,7.57326650619507,56.6344795227051,145.266647338867,0,0,11.5593519210815,1.93059277534485,
231,0,107.5102615,0,0,0,38.18551636,0,5.626323223,0,2.291447639,0,24.15087509,6.55564832687378,0.448757618665695,7.28949689865112,1.11413180828094,7.57436943054199,56.6447410583496,145.294540405273,0,0,11.5597734451294,1.93060755729675,
232,0,107.5102615,0,0,0,38.18551636,0,5.626323223,0,2.291447639,0,24.15087509,6.55569505691528,0.448758751153946,7.28955268859863,1.11414015293121,7.5754337310791,56.6547546386719,145.322402954102,0,0,11.5601778030396,1.93062162399292,
233,0,107.5124207,0,0,0,38.1859436,0,5.626404285,0,2.291459322,0,24.15115166,6.55574035644531,0.448759883642197,7.28960561752319,1.11414813995361,7.57646083831787,56.6645240783691,145.350234985352,0,0,11.5605669021606,1.93063509464264,
234,0,107.5124207,0,0,0,38.1859436,0,5.626404285,0,2.291459322,0,24.15115166,6.55578470230103,0.448761075735092,7.28965663909912,1.11415576934814,7.57745265960693,56.6740531921387,145.378036499023,0,0,11.560941696167,1.93064820766449,
235,0,107.5145874,0,0,0,38.18637085,0,5.62648201,0,2.291470766,0,24.15142632,6.55582809448242,0.448762208223343,7.28970623016357,1.11416327953339,7.57841014862061,56.6833534240723,145.405792236328,0,0,11.5613021850586,1.93066072463989,
236,0,107.5145874,0,0,0,38.18637085,0,5.62648201,0,2.291470766,0,24.15142632,6.5558705329895,0.448763340711594,7.28975486755371,1.11417055130005,7.57933378219604,56.6924285888672,145.433517456055,0,0,11.5616483688354,1.93067288398743,
237,0,107.51673889999999,0,0,0,38.18679047,0,5.626562595,0,2.29148221,0,24.15170097,6.55591344833374,0.448764473199844,7.28980159759521,1.11417770385742,7.58022499084473,56.7012786865234,145.461196899414,0,0,11.5619821548462,1.93068480491638,
238,0,107.51673889999999,0,0,0,38.18679047,0,5.626562595,0,2.29148221,0,24.15170097,6.55595636367798,0.448765575885773,7.2898473739624,1.11418473720551,7.58108520507813,56.7099189758301,145.488845825195,0,0,11.5623044967651,1.93069660663605,
239,0,107.51673889999999,0,0,0,38.18679047,0,5.626562595,0,2.29148221,0,24.15170097,6.55597877502441,0.448765993118286,7.28988647460938,1.1141904592514,7.58191537857056,56.7183456420898,145.516448974609,0,0,11.5626087188721,1.93070638179779,
240,0,107.518898,0,0,0,38.18721008,0,5.626642704,0,2.291493416,0,24.15197754,6.55601119995117,0.448766797780991,7.28992557525635,1.11419630050659,7.58271646499634,56.7265663146973,145.544006347656,0,0,11.5629034042358,1.93071615695953,
241,0,107.518898,0,0,0,38.18721008,0,5.626642704,0,2.291493416,0,24.15197754,6.55604887008667,0.448767840862274,7.28996467590332,1.11420226097107,7.58348894119263,56.7345886230469,145.571533203125,0,0,11.5631875991821,1.93072617053986,
242,0,107.518898,0,0,0,38.18721008,0,5.626642704,0,2.291493416,0,24.15197754,6.55606842041016,0.448768258094788,7.28999757766724,1.11420714855194,7.5842342376709,56.7424087524414,145.599029541016,0,0,11.5634565353394,1.93073439598083,
243,0,107.5210571,0,0,0,38.18764877,0,5.62672472,0,2.291505098,0,24.1522522,6.55609941482544,0.448769062757492,7.29003238677979,1.11421227455139,7.58495283126831,56.7500381469727,145.626480102539,0,0,11.5637178421021,1.93074309825897,
244,0,107.5210571,0,0,0,38.18764877,0,5.62672472,0,2.291505098,0,24.1522522,6.55613708496094,0.448770105838776,7.29006719589233,1.11421763896942,7.5856466293335,56.7574806213379,145.653884887695,0,0,11.5639705657959,1.93075215816498,
245,0,107.5210571,0,0,0,38.18764877,0,5.62672472,0,2.291505098,0,24.1522522,6.55615615844727,0.448770523071289,7.2900972366333,1.11422204971313,7.58631563186646,56.7647399902344,145.681243896484,0,0,11.5642099380493,1.93075978755951,
246,0,107.5232162,0,0,0,38.188056949999996,0,5.626804829,0,2.291516542,0,24.15252495,6.55618715286255,0.448771327733994,7.29012870788574,1.11422669887543,7.5869607925415,56.7718200683594,145.708541870117,0,0,11.5644426345825,1.93076765537262,
247,0,107.5232162,0,0,0,38.188056949999996,0,5.626804829,0,2.291516542,0,24.15252495,6.55622386932373,0.448772370815277,7.29016160964966,1.11423170566559,7.58758354187012,56.7787284851074,145.735794067383,0,0,11.5646696090698,1.93077611923218,
248,0,107.5232162,0,0,0,38.188056949999996,0,5.626804829,0,2.291516542,0,24.15252495,6.55624294281006,0.448772788047791,7.29018878936768,1.11423587799072,7.58818387985229,56.7854690551758,145.763000488281,0,0,11.564884185791,1.93078303337097,
249,0,107.5253677,0,0,0,38.18849182,0,5.626886368,0,2.291527987,0,24.15279961,6.55627346038818,0.448773592710495,7.29021787643433,1.11424040794373,7.58876276016235,56.7920455932617,145.790145874023,0,0,11.565092086792,1.9307906627655,
250,0,107.5253677,0,0,0,38.18849182,0,5.626886368,0,2.291527987,0,24.15279961,6.55631017684937,0.448774576187134,7.29024934768677,1.1142452955246,7.58932113647461,56.798454284668,145.817245483398,0,0,11.5652952194214,1.93079888820648,
251,0,107.5253677,0,0,0,38.18849182,0,5.626886368,0,2.291527987,0,24.15279961,6.55632925033569,0.448774963617325,7.29027605056763,1.11424922943115,7.58985996246338,56.8047103881836,145.844284057617,0,0,11.5654878616333,1.9308055639267,
252,0,107.5253677,0,0,0,38.18849182,0,5.626886368,0,2.291527987,0,24.15279961,6.55633926391602,0.448775142431259,7.29029846191406,1.11425256729126,7.59037971496582,56.8108100891113,145.871292114258,0,0,11.5656700134277,1.93081104755402,
253,0,107.5253677,0,0,0,38.18849182,0,5.626886368,0,2.291527987,0,24.15279961,6.55634498596191,0.448775172233582,7.29031753540039,1.11425530910492,7.59088087081909,56.8167572021484,145.898239135742,0,0,11.5658416748047,1.93081557750702,
254,0,107.5275345,0,0,0,38.18889999,0,5.626966476,0,2.291539192,0,24.15307617,6.55636835098267,0.448775857686996,7.29033946990967,1.11425864696503,7.59136438369751,56.8225555419922,145.92512512207,0,0,11.566011428833,1.93082106113434,
255,0,107.5275345,0,0,0,38.18889999,0,5.626966476,0,2.291539192,0,24.15307617,6.55640125274658,0.448776841163635,7.29036378860474,1.11426246166229,7.59183025360107,56.8282127380371,145.951965332031,0,0,11.5661773681641,1.93082749843597,
256,0,107.5275345,0,0,0,38.18889999,0,5.626966476,0,2.291539192,0,24.15307617,6.55641794204712,0.448777198791504,7.2903847694397,1.11426568031311,7.5922794342041,56.8337287902832,145.978744506836,0,0,11.5663347244263,1.93083274364471,
257,0,107.5275345,0,0,0,38.18889999,0,5.626966476,0,2.291539192,0,24.15307617,6.55642700195313,0.448777347803116,7.29040193557739,1.11426830291748,7.59271287918091,56.8391075134277,146.005462646484,0,0,11.5664834976196,1.93083715438843,
258,0,107.5275345,0,0,0,38.18889999,0,5.626966476,0,2.291539192,0,24.15307617,6.55643177032471,0.448777377605438,7.29041719436646,1.11427044868469,7.59313058853149,56.8443489074707,146.032135009766,0,0,11.5666236877441,1.93084061145782,
259,0,107.529686,0,0,0,38.18933487,0,5.627047062,0,2.291550636,0,24.15335083,6.5564546585083,0.448778122663498,7.29043579101563,1.11427330970764,7.59353303909302,56.8494644165039,146.058746337891,0,0,11.5667629241943,1.93084561824799,
260,0,107.529686,0,0,0,38.18933487,0,5.627047062,0,2.291550636,0,24.15335083,6.55648708343506,0.448779076337814,7.29045867919922,1.11427676677704,7.59392118453979,56.8544540405273,146.085296630859,0,0,11.5669002532959,1.93085169792175,
261,0,107.529686,0,0,0,38.18933487,0,5.627047062,0,2.291550636,0,24.15335083,6.55650424957275,0.448779433965683,7.29047727584839,1.11427962779999,7.59429550170898,56.859317779541,146.111785888672,0,0,11.5670299530029,1.93085670471191,
262,0,107.529686,0,0,0,38.18933487,0,5.627047062,0,2.291550636,0,24.15335083,6.5565128326416,0.448779553174973,7.29049301147461,1.11428201198578,7.59465646743774,56.8640632629395,146.138229370117,0,0,11.5671529769897,1.93086075782776,
263,0,107.529686,0,0,0,38.18933487,0,5.627047062,0,2.291550636,0,24.15335083,6.55651760101318,0.448779612779617,7.29050636291504,1.11428391933441,7.59500455856323,56.8686866760254,146.164611816406,0,0,11.5672693252563,1.93086397647858,
264,0,107.529686,0,0,0,38.18933487,0,5.627047062,0,2.291550636,0,24.15335083,6.55651998519897,0.44877964258194,7.29051733016968,1.11428558826447,7.59533977508545,56.8731918334961,146.19091796875,0,0,11.5673789978027,1.93086659908295,
265,0,107.5318527,0,0,0,38.18976212,0,5.627129078,0,2.291562319,0,24.15362549,6.55654287338257,0.448780387639999,7.2905330657959,1.11428797245026,7.59566307067871,56.8775863647461,146.217178344727,0,0,11.5674896240234,1.93087077140808,
266,0,107.5318527,0,0,0,38.18976212,0,5.627129078,0,2.291562319,0,24.15362549,6.55657529830933,0.448781371116638,7.2905535697937,1.11429107189178,7.59597444534302,56.8818740844727,146.243377685547,0,0,11.5676002502441,1.93087613582611,
267,0,107.5318527,0,0,0,38.18976212,0,5.627129078,0,2.291562319,0,24.15362549,6.55659198760986,0.448781728744507,7.2905707359314,1.11429369449615,7.59627485275269,56.886058807373,146.26953125,0,0,11.5677051544189,1.93088054656982,
268,0,107.5318527,0,0,0,38.18976212,0,5.627129078,0,2.291562319,0,24.15362549,6.55660104751587,0.448781877756119,7.29058456420898,1.11429584026337,7.59656476974487,56.89013671875,146.295623779297,0,0,11.5678043365479,1.9308842420578,
269,0,107.5318527,0,0,0,38.18976212,0,5.627129078,0,2.291562319,0,24.15362549,6.55660581588745,0.448781907558441,7.29059648513794,1.11429762840271,7.59684371948242,56.894115447998,146.321655273438,0,0,11.5678987503052,1.93088722229004,
270,0,107.5318527,0,0,0,38.18976212,0,5.627129078,0,2.291562319,0,24.15362549,6.55660820007324,0.448781907558441,7.29060649871826,1.11429905891418,7.59711313247681,56.8979911804199,146.347610473633,0,0,11.5679874420166,1.93088960647583,
271,0,107.5318527,0,0,0,38.18976212,0,5.627129078,0,2.291562319,0,24.15362549,6.55660963058472,0.448781907558441,7.29061460494995,1.11430025100708,7.59737253189087,56.9017677307129,146.373519897461,0,0,11.5680713653564,1.93089163303375,
272,0,107.5318527,0,0,0,38.18976212,0,5.627129078,0,2.291562319,0,24.15362549,6.55661010742188,0.448781907558441,7.29062175750732,1.1143012046814,7.59762239456177,56.9054489135742,146.399353027344,0,0,11.5681505203247,1.93089330196381,
273,0,107.5340042,0,0,0,38.19018173,0,5.627209187,0,2.291573763,0,24.15389824,6.55663061141968,0.448782622814178,7.29063415527344,1.11430311203003,7.5978627204895,56.9090423583984,146.425140380859,0,0,11.5682315826416,1.93089663982391,
274,0,107.5340042,0,0,0,38.19018173,0,5.627209187,0,2.291573763,0,24.15389824,6.55666255950928,0.44878363609314,7.29065036773682,1.11430585384369,7.59809446334839,56.9125480651855,146.45085144043,0,0,11.5683145523071,1.93090116977692,
275,0,107.5340042,0,0,0,38.19018173,0,5.627209187,0,2.291573763,0,24.15389824,6.55667924880981,0.448783993721008,7.29066467285156,1.11430811882019,7.59831857681274,56.9159660339355,146.476486206055,0,0,11.5683927536011,1.93090486526489,
276,0,107.5340042,0,0,0,38.19018173,0,5.627209187,0,2.291573763,0,24.15389824,6.55668783187866,0.448784112930298,7.29067659378052,1.11430990695953,7.59853458404541,56.9192962646484,146.502075195313,0,0,11.5684661865234,1.93090784549713,
277,0,107.5340042,0,0,0,38.19018173,0,5.627209187,0,2.291573763,0,24.15389824,6.55669212341309,0.448784172534943,7.29068660736084,1.1143114566803,7.59874248504639,56.9225425720215,146.527587890625,0,0,11.5685367584229,1.93091034889221,
278,0,107.5340042,0,0,0,38.19018173,0,5.627209187,0,2.291573763,0,24.15389824,6.55669403076172,0.448784172534943,7.29069519042969,1.11431264877319,7.59894275665283,56.925708770752,146.553039550781,0,0,11.5686025619507,1.93091249465942,
279,0,107.5340042,0,0,0,38.19018173,0,5.627209187,0,2.291573763,0,24.15389824,6.55669498443604,0.448784172534943,7.29070234298706,1.11431360244751,7.5991358757019,56.9287910461426,146.578414916992,0,0,11.5686645507813,1.93091416358948,
280,0,107.5340042,0,0,0,38.19018173,0,5.627209187,0,2.291573763,0,24.15389824,6.55669593811035,0.448784172534943,7.29070854187012,1.11431443691254,7.5993218421936,56.9318008422852,146.603744506836,0,0,11.5687236785889,1.93091547489166,
281,0,107.5340042,0,0,0,38.19018173,0,5.627209187,0,2.291573763,0,24.15389824,6.55669593811035,0.448784172534943,7.2907133102417,1.11431515216827,7.59950113296509,56.9347343444824,146.628997802734,0,0,11.5687799453735,1.93091654777527,
282,0,107.5340042,0,0,0,38.19018173,0,5.627209187,0,2.291573763,0,24.15389824,6.55669593811035,0.448784172534943,7.29071807861328,1.11431574821472,7.59967374801636,56.9375877380371,146.654190063477,0,0,11.5688323974609,1.93091750144958,
283,0,107.5340042,0,0,0,38.19018173,0,5.627209187,0,2.291573763,0,24.15389824,6.55669593811035,0.448784172534943,7.29072189331055,1.11431622505188,7.59983968734741,56.9403686523438,146.679306030273,0,0,11.5688819885254,1.93091833591461,
284,0,107.5340042,0,0,0,38.19018173,0,5.627209187,0,2.291573763,0,24.15389824,6.55669593811035,0.448784172534943,7.29072523117065,1.11431658267975,7.59999990463257,56.9430809020996,146.704360961914,0,0,11.5689296722412,1.93091893196106,
285,0,107.5340042,0,0,0,38.19018173,0,5.627209187,0,2.291573763,0,24.15389824,6.55669593811035,0.448784172534943,7.29072713851929,1.11431694030762,7.60015392303467,56.9457206726074,146.729354858398,0,0,11.5689744949341,1.93091940879822,
286,0,107.5361633,0,0,0,38.19060898,0,5.627291203,0,2.291585207,0,24.1541748,6.55671787261963,0.44878488779068,7.29073524475098,1.11431837081909,7.60030221939087,56.9482955932617,146.754272460938,0,0,11.5690231323242,1.93092179298401,
287,0,107.5361633,0,0,0,38.19060898,0,5.627291203,0,2.291585207,0,24.1541748,6.55675029754639,0.448785841464996,7.29074954986572,1.11432063579559,7.60044479370117,56.950813293457,146.77912902832,0,0,11.5690755844116,1.93092572689056,
288,0,107.5361633,0,0,0,38.19060898,0,5.627291203,0,2.291585207,0,24.1541748,6.55676746368408,0.448786199092865,7.29076099395752,1.11432242393494,7.60058259963989,56.9532699584961,146.803909301758,0,0,11.5691251754761,1.93092894554138,
289,0,107.5361633,0,0,0,38.19060898,0,5.627291203,0,2.291585207,0,24.1541748,6.55677604675293,0.448786348104477,7.29077053070068,1.1143239736557,7.60071563720703,56.9556655883789,146.828628540039,0,0,11.5691728591919,1.93093156814575,
290,0,107.5361633,0,0,0,38.19060898,0,5.627291203,0,2.291585207,0,24.1541748,6.55678033828735,0.448786377906799,7.29077911376953,1.1143251657486,7.60084390640259,56.9579963684082,146.853286743164,0,0,11.5692176818848,1.93093371391296,
291,0,107.5361633,0,0,0,38.19060898,0,5.627291203,0,2.291585207,0,24.1541748,6.55678272247314,0.448786437511444,7.2907862663269,1.1143262386322,7.60096740722656,56.9602699279785,146.877868652344,0,0,11.5692596435547,1.93093550205231,
292,0,107.5361633,0,0,0,38.19060898,0,5.627291203,0,2.291585207,0,24.1541748,6.55678415298462,0.448786437511444,7.29079151153564,1.11432707309723,7.60108661651611,56.9624862670898,146.902389526367,0,0,11.569299697876,1.93093705177307,
293,0,107.5361633,0,0,0,38.19060898,0,5.627291203,0,2.291585207,0,24.1541748,6.55678462982178,0.448786437511444,7.29079627990723,1.11432778835297,7.60120153427124,56.9646492004395,146.926849365234,0,0,11.5693378448486,1.93093836307526,
294,0,107.5361633,0,0,0,38.19060898,0,5.627291203,0,2.291585207,0,24.1541748,6.55678510665894,0.448786437511444,7.29080009460449,1.11432838439941,7.60131216049194,56.9667510986328,146.951217651367,0,0,11.5693731307983,1.93093919754028,
295,0,107.5361633,0,0,0,38.19060898,0,5.627291203,0,2.291585207,0,24.1541748,6.55678510665894,0.448786437511444,7.2908034324646,1.11432886123657,7.60141849517822,56.9687995910645,146.975524902344,0,0,11.5694065093994,1.93094003200531,
296,0,107.5361633,0,0,0,38.19060898,0,5.627291203,0,2.291585207,0,24.1541748,6.55678510665894,0.448786437511444,7.29080677032471,1.11432921886444,7.60152149200439,56.9707984924316,146.999771118164,0,0,11.5694379806519,1.93094074726105,
297,0,107.5361633,0,0,0,38.19060898,0,5.627291203,0,2.291585207,0,24.1541748,6.55678510665894,0.448786437511444,7.29080867767334,1.11432957649231,7.60162019729614,56.9727478027344,147.023956298828,0,0,11.5694675445557,1.93094110488892,
298,0,107.5361633,0,0,0,38.19060898,0,5.627291203,0,2.291585207,0,24.1541748,6.55678510665894,0.448786437511444,7.29081058502197,1.11432981491089,7.60171556472778,56.9746437072754,147.048065185547,0,0,11.5694961547852,1.93094158172607,
299,0,107.5361633,0,0,0,38.19060898,0,5.627291203,0,2.291585207,0,24.1541748,6.55678510665894,0.448786437511444,7.29081201553345,1.11433005332947,7.60180711746216,56.976490020752,147.07209777832,0,0,11.569522857666,1.93094193935394,
