"Time Step","Softwood Merchantable","Hardwood Merchantable","Softwood Submerchantable","Hardwood Submerchantable","Softwood Other","Hardwood Other","Softwood Foliage","Hardwood Foliage","Softwood Fine Roots","Hardwood Fine Roots","Softwood Coarse Roots","Hardwood Coarse Roots","Aboveground Very Fast DOM","Belowground Very Fast DOM","Aboveground Fast DOM","Belowground Fast DOM","Medium DOM","Aboveground Slow DOM","Belowground Slow DOM","Softwood Stem Snag","Softwood Branch Snag","Hardwood Stem Snag","Hardwood Branch Snag",
0,0,0.001893006382,0,0,0,0.02019007504,0,0.003456327831,0,0.05321244895,0,0.07328864932,0,0,24.7060241699219,5.7325496673584,7.55712795257568,15.8438196182251,58.4339218139648,0,0,6.06761432209169e-6,8.42173685668968e-5,
1,0,0.01060884912,0,0,0,0.07797899097,0,0.01100050844,0,0.1208676472,0,0.1712500751,0,0,16.5175457000732,3.83297157287598,6.90418910980225,16.4098892211914,58.6669387817383,0,0,4.56916568509769e-5,4.7271748189814e-4,
2,0,0.02906861529,0,0,0,0.1698908359,0,0.0216121804,0,0.1935311705,0,0.2828369737,0,0,11.0458545684814,2.56382250785828,6.30766582489014,16.5053768157959,58.7969284057617,0,0,1.6949613927863e-4,0.00138884701300412,
3,0,0.05941428244,0,0,0,0.293173492,0,0.03483498096,0,0.2683695555,0,0.4052171707,0,0,7.39108324050903,1.71619057655334,5.76268577575684,16.3022003173828,58.8580474853516,0,0,4.4059671927243e-4,0.0029743209015578,
4,0,0.1034087241,0,0,0,0.44538939,0,0.05036142841,0,0.3438206315,0,0.5369204879,0,0,4.95162153244019,1.15040588378906,5.26480054855347,15.9147138595581,58.8731689453125,0,0,9.2996604507789e-4,0.00531389424577355,
5,0,0.1625642627,0,0,0,0.6242687702,0,0.06795302778,0,0.4188730717,0,0.6769790649,0,0,3.32524991035461,0.773092687129974,4.80994653701782,15.4188117980957,58.8576278686523,0,0,0.00171383563429117,0.00845156796276569,
6,0,0.2382029295,0,0,0,0.8276411891,0,0.08741027862,0,0.4928222001,0,0.8246566057,0,0,2.24304056167603,0.521824181079865,4.39441537857056,14.8646831512451,58.8217239379883,0,0,0.00287189474329352,0.012401856482029,
7,0,0.3314892054,0,0,0,1.05339992,0,0.1085584834,0,0.5651593804,0,0.9793356061,0,0,1.52517175674438,0.354864209890366,4.01482009887695,14.2853336334229,58.772388458252,0,0,0.00448592007160187,0.017157819122076,
8,0,0.4434490502,0,0,0,1.299483061,0,0.1312400699,0,0.6355131269,0,1.140464783,0,0,1.0513881444931,0.244308635592461,3.6680691242218,13.7022886276245,58.7142791748047,0,0,0.00663867266848683,0.0226968508213758,
9,0,0.5749816298,0,0,0,1.563863397,0,0.1553100348,0,0.7036124468,0,1.30752933,0,0,0.741254210472107,0.171500280499458,3.35134053230286,13.1294031143188,58.6505432128906,0,0,0.00941297505050898,0.0289849303662777,
10,0,0.7268661857,0,0,0,1.844545245,0,0.1806332469,0,0.7692645192,0,1.480037689,0,0,0.540953576564789,0.123963594436646,3.0620584487915,12.5754146575928,58.5833129882813,0,0,0.0128909153863788,0.035979725420475,
11,0,0.8997665048,0,0,0,2.139563799,0,0.20708251,0,0.8323373795,0,1.657511473,0,0,0.414464682340622,0.09335558116436,2.7978720664978,12.0456438064575,58.514030456543,0,0,0.0171531476080418,0.0436329431831837,
12,0,1.094233513,0,0,0,2.446987391,0,0.2345374078,0,0.8927481174,0,1.839481831,0,0,0.337661981582642,0.0740958377718925,2.556636095047,11.5431385040283,58.443675994873,0,0,0.0222782660275698,0.0518920533359051,
13,0,1.310706377,0,0,0,2.76492238,0,0.2628834844,0,0.9504536986,0,2.025486946,0,0,0.294372856616974,0.0624508298933506,2.33639287948608,11.0694398880005,58.3729248046875,0,0,0.0283422376960516,0.0607016757130623,
14,0,1.549513698,0,0,0,3.091517687,0,0.2920116186,0,1.005443215,0,2.215071678,0,0,0.273741751909256,0.0559216402471066,2.13535618782043,10.6250886917114,58.3022384643555,0,0,0.035417877137661,0.0700046047568321,
15,0,1.810873508,0,0,0,3.424970388,0,0.3218176961,0,1.057732344,0,2.407786846,0,0,0.268468290567398,0.0528347603976727,1.95189607143402,10.2099714279175,58.23193359375,0,0,0.0435743890702724,0.0797426477074623,
16,0,2.094894171,0,0,0,3.763532639,0,0.3522022963,0,1.10735774,0,2.603190184,0,0,0.273629814386368,0.0520684756338596,1.7845253944397,9.82354831695557,58.1622276306152,0,0,0.0528769008815289,0.0898572951555252,
17,0,2.401573896,0,0,0,4.105517864,0,0.3830704093,0,1.154373288,0,2.800848007,0,0,0.285894274711609,0.052870012819767,1.63188755512238,9.46500873565674,58.0932769775391,0,0,0.063386082649231,0.100290298461914,
18,0,2.730802059,0,0,0,4.449307919,0,0.4143314362,0,1.198846817,0,3.000334263,0,0,0.302994340658188,0.0547332651913166,1.49274492263794,9.13337230682373,58.0251922607422,0,0,0.0751577615737915,0.110984139144421,
19,0,3.082360268,0,0,0,4.793356895,0,0.4458989501,0,1.240856528,0,3.201233864,0,0,0.323375910520554,0.0573171004652977,1.36596834659576,8.82755947113037,57.9580535888672,0,0,0.0882425829768181,0.121882423758507,
20,0,3.455921888,0,0,0,5.136201382,0,0.4776907265,0,1.280488491,0,3.403142452,0,0,0.345963418483734,0.0603907406330109,1.25052785873413,8.54643630981445,57.891918182373,0,0,0.102685734629631,0.132930278778076,
21,0,3.851056337,0,0,0,5.476460934,0,0.5096285939,0,1.317835331,0,3.605667114,0,0,0.370003014802933,0.0637972354888916,1.14548373222351,8.28884792327881,57.8268203735352,0,0,0.118526600301266,0.144074603915215,
22,0,4.267228603,0,0,0,5.812847137,0,0.5416384339,0,1.35299325,0,3.808428526,0,0,0.394957840442657,0.0674291029572487,1.04997861385345,8.05363655090332,57.7627944946289,0,0,0.135798588395119,0.1552644520998,
23,0,4.703804493,0,0,0,6.144165039,0,0.5736500025,0,1.386061072,0,4.011060238,0,0,0.420438259840012,0.0712119713425636,0.963230133056641,7.83965682983398,57.6998558044434,0,0,0.154528900980949,0.166451156139374,
24,0,5.160051346,0,0,0,6.469319344,0,0.6055970788,0,1.417138219,0,4.213212013,0,0,0.44615513086319,0.0750937461853027,0.884524345397949,7.64578437805176,57.6380195617676,0,0,0.174738317728043,0.177588656544685,
25,0,5.635143757,0,0,0,6.787315369,0,0.6374173164,0,1.446325302,0,4.414546013,0,0,0.471888929605484,0.0790373086929321,0.813209593296051,7.47092247009277,57.5773048400879,0,0,0.196441128849983,0.18863365054130601,
26,0,6.128167152,0,0,0,7.097261429,0,0.669052124,0,1.473720789,0,4.6147432329999996,0,0,0.497468739748001,0.083015650510788,0.748690962791443,7.31400537490845,57.517707824707,0,0,0.219644978642464,0.199545755982399,
27,0,6.638122559,0,0,0,7.398371696,0,0.7004467845,0,1.499422073,0,4.81349659,0,0,0.522758781909943,0.0870085954666138,0.690425097942352,7.17400169372559,57.4592399597168,0,0,0.244350790977478,0.210287645459175,
28,0,7.1639328,0,0,0,7.689965725,0,0.7315501571,0,1.523524284,0,5.010519981,0,0,0.547649204730988,0.0910007134079933,0.637915730476379,7.0499153137207,57.4019050598145,0,0,0.270552814006805,0.220825165510178,
29,0,7.704447746,0,0,0,7.971467972,0,0.7623148561,0,1.546119452,0,5.205540657,0,0,0.572049617767334,0.0949798002839088,0.590709209442139,6.94078588485718,57.3457069396973,0,0,0.298238515853882,0.231127470731735,
30,0,8.258451462,0,0,0,8.242406845,0,0.7926969528,0,1.567296624,0,5.398303509,0,0,0.595885455608368,0.0989359170198441,0.548390746116638,6.84568881988525,57.2906379699707,0,0,0.327388763427734,0.241167023777962,
31,0,8.824667931,0,0,0,8.50241375,0,0.822656095,0,1.587141156,0,5.588570118,0,0,0.619094848632813,0.102860808372498,0.510580837726593,6.76373720169067,57.2366981506348,0,0,0.35797780752182,0.250919580459595,
32,0,9.401770592,0,0,0,8.751219749,0,0.8521552682,0,1.605735064,0,5.776120186,0,0,0.641626954078674,0.106747388839722,0.476931989192963,6.6940803527832,57.1838874816895,0,0,0.389973491430283,0.260364413261414,
33,0,10.29616547,0,0,0,8.639044762,0,0.8654568195,0,1.622014642,0,5.948367119,0,0,0.659893453121185,0.110548138618469,0.447125822305679,6.63424301147461,57.1321601867676,0,0,0.424323886632919,0.268025696277618,
34,0,10.81178856,0,0,0,8.720401764,0,0.8870205283,0,1.634048462,0,6.080910683,0,0,0.673326313495636,0.11410765349865,0.420899152755737,6.58246612548828,57.081356048584,0,0,0.460658133029938,0.273649424314499,
35,0,11.33481884,0,0,0,8.81094265,0,0.9090270996,0,1.645882845,0,6.215889931,0,0,0.685299873352051,0.117381326854229,0.398000717163086,6.53882837295532,57.031379699707,0,0,0.497639447450638,0.278588861227036,
36,0,11.85870361,0,0,0,8.908964157,0,0.9311653972,0,1.657358885,0,6.351451874,0,0,0.696429312229156,0.120474025607109,0.3781618475914,6.50288772583008,56.9822425842285,0,0,0.535246551036835,0.283084005117416,
37,0,12.3868227,0,0,0,9.014548302,0,0.9535464644,0,1.668547988,0,6.488332272,0,0,0.707121968269348,0.123452089726925,0.361136555671692,6.47424221038818,56.9339637756348,0,0,0.573449492454529,0.28730833530426,
38,0,12.91602898,0,0,0,9.126586914,0,0.9760089517,0,1.679382682,0,6.62559557,0,0,0.717650830745697,0.126359209418297,0.346699118614197,6.45252990722656,56.8865547180176,0,0,0.612221419811249,0.291387796401978,
39,0,13.44961262,0,0,0,9.245353699,0,0.9986676574,0,1.689932346,0,6.763988018,0,0,0.728197693824768,0.129223957657814,0.334642589092255,6.43741893768311,56.840030670166,0,0,0.651537835597992,0.295413494110107,
40,0,13.98446846,0,0,0,9.369796753,0,1.021368861,0,1.700139403,0,6.902616024,0,0,0.738882005214691,0.132064938545227,0.324777156114578,6.42860078811646,56.7944107055664,0,0,0.691376626491547,0.299450576305389,
41,0,14.52070045,0,0,0,9.499578476,0,1.044097781,0,1.710013509,0,7.04142952,0,0,0.749770700931549,0.134891450405121,0.316928803920746,6.42577266693115,56.7497062683105,0,0,0.731707751750946,0.303542137145996,
42,0,15.05532932,0,0,0,9.633616447,0,1.066710591,0,1.719511986,0,7.179593086,0,0,0.760894417762756,0.137706726789474,0.310937643051147,6.42863416671753,56.705924987793,0,0,0.77249413728714,0.307714581489563,
43,0,15.59156704,0,0,0,9.772400856,0,1.089328647,0,1.728703856,0,7.317883015,0,0,0.772269189357758,0.140512734651566,0.306656509637833,6.43689918518066,56.6630859375,0,0,0.813702166080475,0.311985343694687,
44,0,16.12948799,0,0,0,9.915706635,0,1.111941457,0,1.73759985,0,7.456269741,0,0,0.783912003040314,0.143313303589821,0.303949981927872,6.45030927658081,56.6211967468262,0,0,0.855311334133148,0.316368579864502,
45,0,16.66615295,0,0,0,10.06249619,0,1.134414434,0,1.746163249,0,7.593955994,0,0,0.795819818973541,0.146108224987984,0.302693784236908,6.46860456466675,56.580265045166,0,0,0.897293269634247,0.320869654417038,
46,0,17.20169449,0,0,0,10.21256065,0,1.156742692,0,1.754411221,0,7.730947971,0,0,0.807975649833679,0.14889469742775,0.30277344584465,6.49152421951294,56.5402946472168,0,0,0.939612925052643,0.325487405061722,
47,0,17.73622704,0,0,0,10.36570454,0,1.178923249,0,1.762359262,0,7.867249966,0,0,0.820364236831665,0.151670888066292,0.304083466529846,6.51881742477417,56.501293182373,0,0,0.982238590717316,0.330219238996506,
48,0,18.26986122,0,0,0,10.52175426,0,1.200953484,0,1.770022392,0,8.002869606,0,0,0.832971572875977,0.154435634613037,0.306526452302933,6.55024576187134,56.4632682800293,0,0,1.02514147758484,0.335061728954315,
49,0,18.80269432,0,0,0,10.68056583,0,1.222829819,0,1.777415276,0,8.137813568,0,0,0.845784723758698,0.157188192009926,0.310012638568878,6.58558130264282,56.4262237548828,0,0,1.06829559803009,0.340010941028595,
50,0,19.3348217,0,0,0,10.84198952,0,1.244552135,0,1.784551024,0,8.272091866,0,0,0.858792006969452,0.159928113222122,0.314459234476089,6.62460517883301,56.3901557922363,0,0,1.11167776584625,0.345062702894211,
51,0,19.86344719,0,0,0,11.00502777,0,1.266000748,0,1.791406631,0,8.404995918,0,0,0.871971487998962,0.162652760744095,0.319789946079254,6.66709899902344,56.3550758361816,0,0,1.1552574634552,0.350209057331085,
52,0,20.38870621,0,0,0,11.16952801,0,1.287179708,0,1.79799819,0,8.536553383,0,0,0.885294198989868,0.165358111262321,0.325934112071991,6.71284055709839,56.3209800720215,0,0,1.19899821281433,0.355439275503159,
53,0,20.91072083,0,0,0,11.33538532,0,1.308092475,0,1.804341078,0,8.666799545,0,0,0.898737549781799,0.168041676282883,0.332826226949692,6.76161909103394,56.2878684997559,0,0,1.24286699295044,0.36074423789978,
54,0,21.4324379,0,0,0,11.50340271,0,1.328853846,0,1.810482502,0,8.796466827,0,0,0.912295579910278,0.170704379677773,0.340405344963074,6.8132438659668,56.2557411193848,0,0,1.28684282302856,0.366119980812073,
55,0,21.94829178,0,0,0,11.67166328,0,1.349241495,0,1.816369295,0,8.92417717,0,0,0.925950646400452,0.173344627022743,0.348615258932114,6.86752414703369,56.2245941162109,0,0,1.33089828491211,0.371558874845505,
56,0,22.4640274,0,0,0,11.84191227,0,1.369482398,0,1.822078586,0,9.051354408,0,0,0.939688801765442,0.175961554050446,0.357403814792633,6.92427778244019,56.1944313049316,0,0,1.37500822544098,0.377054542303085,
57,0,22.97412872,0,0,0,12.01222801,0,1.389359593,0,1.827560067,0,9.176647186,0,0,0.953498780727386,0.178554818034172,0.366722613573074,6.98333215713501,56.1652450561523,0,0,1.41915011405945,0.382601350545883,
58,0,23.48150444,0,0,0,12.18345642,0,1.408987641,0,1.832856178,0,9.300779343,0,0,0.967359960079193,0.181122079491615,0.376526743173599,7.04451179504395,56.1370277404785,0,0,1.46329486370087,0.388190656900406,
59,0,23.98348045,0,0,0,12.35459709,0,1.428265095,0,1.837949991,0,9.423108101,0,0,0.981256484985352,0.183662071824074,0.386774361133575,7.10765171051025,56.1097831726074,0,0,1.50741612911224,0.39381530880928,
60,0,24.48291969,0,0,0,12.52651978,0,1.447301507,0,1.842880368,0,9.544341087,0,0,0.995176315307617,0.186174109578133,0.39742648601532,7.17259454727173,56.0835037231445,0,0,1.55149030685425,0.399469435214996,
61,0,24.97716904,0,0,0,12.69822693,0,1.465999722,0,1.847630143,0,9.663845062,0,0,1.00910985469818,0.188658058643341,0.408446788787842,7.23919153213501,56.0581855773926,0,0,1.59549605846405,0.405148029327393,
62,0,25.46905327,0,0,0,12.87060738,0,1.484466672,0,1.852235317,0,9.782314301,0,0,1.02304971218109,0.191113948822021,0.419801443815231,7.30730104446411,56.033821105957,0,0,1.63941419124603,0.410846918821335,
63,0,25.95593452,0,0,0,13.04266834,0,1.502606392,0,1.85667932,0,9.899128914,0,0,1.036989569664,0.19354210793972,0.431459009647369,7.37679052352905,56.0104064941406,0,0,1.68322777748108,0.416562497615814,
64,0,26.43791199,0,0,0,13.21435356,0,1.520425677,0,1.860971451,0,10.01432228,0,0,1.05091261863708,0.195940792560577,0.443390250205994,7.4475245475769,55.9879379272461,0,0,1.72691249847412,0.422287732362747,
65,0,26.91508293,0,0,0,13.38561821,0,1.537929535,0,1.865120173,0,10.12793446,0,0,1.06480634212494,0.198309063911438,0.455567747354507,7.51937484741211,55.9664001464844,0,0,1.77044677734375,0.428016811609268,
66,0,27.39019585,0,0,0,13.55739117,0,1.555223584,0,1.869156361,0,10.24063301,0,0,1.07867336273193,0.200648665428162,0.467965841293335,7.59222984313965,55.9457931518555,0,0,1.81381988525391,0.433749258518219,
67,0,27.85799599,0,0,0,13.72770405,0,1.572117805,0,1.873041868,0,10.35118103,0,0,1.09250295162201,0.202958852052689,0.480560749769211,7.66597557067871,55.9261093139648,0,0,1.85701358318329,0.439480185508728,
68,0,28.32124329,0,0,0,13.89748478,0,1.588717818,0,1.876807094,0,10.46025181,0,0,1.1062753200531,0.205237254500389,0.493330240249634,7.74049520492554,55.9073371887207,0,0,1.90000307559967,0.445201694965363,
69,0,28.78000832,0,0,0,14.06669998,0,1.605027318,0,1.880457997,0,10.56787682,0,0,1.11998796463013,0.207484632730484,0.506253242492676,7.81568670272827,55.8894729614258,0,0,1.94277465343475,0.450911551713943,
70,0,29.23436737,0,0,0,14.23532963,0,1.621055245,0,1.884001374,0,10.67408466,0,0,1.13363897800446,0.209701716899872,0.519310116767883,7.89145469665527,55.8725051879883,0,0,1.98531556129456,0.45660787820816,
71,0,29.68177795,0,0,0,14.40235424,0,1.636713147,0,1.887422681,0,10.77829933,0,0,1.14721429347992,0.211887151002884,0.53248256444931,7.96770000457764,55.8564300537109,0,0,2.02760648727417,0.462284862995148,
72,0,30.12753868,0,0,0,14.5697155,0,1.652191281,0,1.890767336,0,10.88176727,0,0,1.16071593761444,0.214042246341705,0.545753300189972,8.04434013366699,55.8412322998047,0,0,2.06963849067688,0.467942088842392,
73,0,30.5664978,0,0,0,14.7354269,0,1.667314053,0,1.894001126,0,10.98330402,0,0,1.17414498329163,0.216168120503426,0.559106290340424,8.12129592895508,55.8269081115723,0,0,2.11140370368958,0.473578929901123,
74,0,30.99874306,0,0,0,14.89945507,0,1.68208909,0,1.897130132,0,11.08294868,0,0,1.18747782707214,0.218261703848839,0.572526514530182,8.1984748840332,55.8134460449219,0,0,2.15287828445435,0.479186624288559,
75,0,31.4269371,0,0,0,15.06277943,0,1.696611643,0,1.900177717,0,11.18133068,0,0,1.20070993900299,0.220323130488396,0.58599978685379,8.27580070495605,55.8008346557617,0,0,2.19404935836792,0.484762459993362,
76,0,31.85113144,0,0,0,15.22536278,0,1.710886121,0,1.903147936,0,11.2784729,0,0,1.21384978294373,0.22235469520092,0.599512577056885,8.35320854187012,55.7890663146973,0,0,2.23491334915161,0.490308374166489,
77,0,32.2688179,0,0,0,15.3862114,0,1.724833012,0,1.906026721,0,11.37381363,0,0,1.22689092159271,0.224356144666672,0.613052546977997,8.43063163757324,55.7781295776367,0,0,2.27545928955078,0.495821475982666,
78,0,32.68262863,0,0,0,15.54630089,0,1.738544106,0,1.908836365,0,11.467969890000001,0,0,1.23982882499695,0.226327478885651,0.62660801410675,8.50800609588623,55.7680168151855,0,0,2.31567740440369,0.501299500465393,
79,0,33.09005737,0,0,0,15.70461082,0,1.751939416,0,1.911562681,0,11.56038094,0,0,1.25266015529633,0.228268891572952,0.640168070793152,8.58527183532715,55.7587203979492,0,0,2.35555911064148,0.506740689277649,
80,0,33.49118423,0,0,0,15.8611412,0,1.765027642,0,1.914209843,0,11.6510849,0,0,1.2653706073761,0.230178773403168,0.6537224650383,8.6623649597168,55.7502288818359,0,0,2.39508819580078,0.51213926076889,
81,0,33.88859558,0,0,0,16.01684952,0,1.777895689,0,1.916797519,0,11.74067307,0,0,1.27796185016632,0.232058122754097,0.66726142168045,8.73923301696777,55.7425270080566,0,0,2.43425917625427,0.517495095729828,
82,0,34.28233719,0,0,0,16.17173767,0,1.790546894,0,1.91932857,0,11.82916927,0,0,1.29044675827026,0.233909696340561,0.680775761604309,8.81583690643311,55.7356071472168,0,0,2.47307419776917,0.522811889648438,
83,0,34.66741943,0,0,0,16.32380676,0,1.802827954,0,1.921773911,0,11.91546631,0,0,1.30281043052673,0.235731691122055,0.694257259368896,8.89212417602539,55.7294616699219,0,0,2.51152062416077,0.528084218502045,
84,0,35.04894257,0,0,0,16.4750309,0,1.81490469,0,1.924167871,0,12.00071812,0,0,1.31504237651825,0.237523064017296,0.707697868347168,8.96804332733154,55.7240753173828,0,0,2.54958605766296,0.53330785036087,
85,0,35.42693329,0,0,0,16.62539291,0,1.826779485,0,1.926513314,0,12.08493996,0,0,1.32715928554535,0.239287033677101,0.72109013795852706,9.04356575012207,55.7194366455078,0,0,2.58727598190308,0.538487911224365,
86,0,35.79644394,0,0,0,16.77289963,0,1.838302612,0,1.928781271,0,12.16704464,0,0,1.33914828300476,0.241022169589996,0.734427154064178,9.1186466217041,55.7155380249023,0,0,2.62457990646362,0.543619692325592,
87,0,36.16252518,0,0,0,16.91952896,0,1.849635959,0,1.931005239,0,12.24816418,0,0,1.35100078582764,0.242727652192116,0.747702419757843,9.19324588775635,55.7123680114746,0,0,2.66148781776428,0.548699617385864,
88,0,36.52272034,0,0,0,17.06428528,0,1.860705376,0,1.933171868,0,12.32776642,0,0,1.36272275447845,0.244404971599579,0.760909676551819,9.267333984375,55.7099151611328,0,0,2.69799900054932,0.553729176521301,
89,0,36.87956238,0,0,0,17.20814323,0,1.871591687,0,1.935298085,0,12.40641785,0,0,1.37431788444519,0.246055200695992,0.774043262004852,9.34088230133057,55.7081718444824,0,0,2.73411345481873,0.558709323406219,
90,0,37.23060989,0,0,0,17.35010529,0,1.882225513,0,1.937370658,0,12.48359108,0,0,1.3857889175415,0.247679188847542,0.787097930908203,9.4138650894165,55.7071228027344,0,0,2.76983094215393,0.563640773296356,
91,0,37.57590103,0,0,0,17.49016571,0,1.892609239,0,1.939391732,0,12.55930614,0,0,1.39712584018707,0.24927581846714,0.800068855285645,9.486252784729,55.7067642211914,0,0,2.8051438331604,0.568519830703735,
92,0,37.9154892,0,0,0,17.62831116,0,1.90275085,0,1.941363215,0,12.63358498,0,0,1.4083217382431,0.2508445084095,0.812951445579529,9.55801677703857,55.7070770263672,0,0,2.84004521369934,0.573343515396118,
93,0,38.2518692,0,0,0,17.76553917,0,1.912725091,0,1.943300605,0,12.70698071,0,0,1.4193834066391,0.252386748790741,0.825741350650787,9.62913703918457,55.7080535888672,0,0,2.87453699111938,0.578113853931427,
94,0,38.5826149,0,0,0,17.90084457,0,1.92246449,0,1.945191264,0,12.77897358,0,0,1.43031561374664,0.253903687000275,0.83843457698822,9.69959735870361,55.7096824645996,0,0,2.90862083435059,0.582832396030426,
95,0,38.90777206,0,0,0,18.03422165,0,1.93197453,0,1.947036505,0,12.84958363,0,0,1.44110989570618,0.255394369363785,0.851027548313141,9.76937484741211,55.7119560241699,0,0,2.94229125976563,0.587495863437653,
96,0,39.22737122,0,0,0,18.16565132,0,1.941258073,0,1.948837876,0,12.9188242,0,0,1.45176029205322,0.256858348846436,0.863516867160797,9.8384485244751,55.7148590087891,0,0,2.9755425453186,0.592101871967316,
97,0,39.54389191,0,0,0,18.29614639,0,1.950389266,0,1.950610161,0,12.98724174,0,0,1.46227443218231,0.258297115564346,0.875899195671082,9.90680599212646,55.7183837890625,0,0,3.00837850570679,0.596652686595917,
98,0,39.85492325,0,0,0,18.4247036,0,1.959304094,0,1.952341199,0,13.05432415,0,0,1.47265768051147,0.259711802005768,0.888171672821045,9.97443580627441,55.7225151062012,0,0,3.04080176353455,0.601150155067444,
99,0,40.16049957,0,0,0,18.55130577,0,1.968003631,0,1.954031587,0,13.12008381,0,0,1.48290205001831,0.261101543903351,0.900331676006317,10.0413227081299,55.7272529602051,0,0,3.07280802726746,0.605591237545013,
100,0,40.46307755,0,0,0,18.67695618,0,1.976561546,0,1.955695748,0,13.18505955,0,0,1.49301362037659,0.262467533349991,0.912376761436462,10.1074590682983,55.7325782775879,0,0,3.10440111160278,0.609977900981903,
101,0,40.75785065,0,0,0,18.79963493,0,1.98484385,0,1.957308292,0,13.24822426,0,0,1.50298488140106,0.263808995485306,0.924304723739624,10.1728296279907,55.7384834289551,0,0,3.1355767250061,0.614307343959808,
102,0,41.0496788,0,0,0,18.92136383,0,1.992992282,0,1.958896637,0,13.3106308,0,0,1.51281034946442,0.26512548327446,0.936113595962524,10.2374219894409,55.7449531555176,0,0,3.16633129119873,0.618577480316162,
103,0,41.33857346,0,0,0,19.04213524,0,2.001007795,0,1.960461497,0,13.37228394,0,0,1.52251040935516,0.266420185565948,0.947801351547241,10.3012390136719,55.7519836425781,0,0,3.1966769695282,0.622795104980469,
104,0,41.62216568,0,0,0,19.16093063,0,2.008826256,0,1.961990237,0,13.43268394,0,0,1.53208696842194,0.267693668603897,0.95936644077301,10.3642768859863,55.7595596313477,0,0,3.22661733627319,0.626961052417755,
105,0,41.90047836,0,0,0,19.27775002,0,2.016452551,0,1.96348393,0,13.49184322,0,0,1.54152941703796,0.268944591283798,0.970807611942291,10.4265270233154,55.7676773071289,0,0,3.25614905357361,0.631071746349335,
106,0,42.17353821,0,0,0,19.39260292,0,2.023888111,0,1.964943171,0,13.549776079999999,0,0,1.55083084106445,0.27017217874527,0.982123494148254,10.487979888916,55.7763175964355,0,0,3.28526782989502,0.635124444961548,
107,0,42.44138336,0,0,0,19.50547218,0,2.031137466,0,1.966368914,0,13.6064949,0,0,1.55998635292053,0.271376013755798,0.993313014507294,10.5486268997192,55.7854804992676,0,0,3.31397104263306,0.639117240905762,
108,0,42.70640564,0,0,0,19.61736298,0,2.038267374,0,1.967774153,0,13.66251469,0,0,1.56900405883789,0.272557586431503,1.00437498092651,10.6084680557251,55.7951469421387,0,0,3.3422634601593,0.643052577972412,
109,0,42.96863937,0,0,0,19.72828865,0,2.045282364,0,1.969159722,0,13.71784401,0,0,1.57790195941925,0.273719668388367,1.01530826091766,10.6675100326538,55.8053131103516,0,0,3.37015724182129,0.646936774253845,
110,0,43.22570801,0,0,0,19.83721733,0,2.052117825,0,1.970513225,0,13.77198696,0,0,1.58668029308319,0.274862408638,1.02611243724823,10.7257537841797,55.8159637451172,0,0,3.39765667915344,0.650770127773285,
111,0,43.47764206,0,0,0,19.94416237,0,2.058777571,0,1.971835494,0,13.82495689,0,0,1.59532737731934,0.275984317064285,1.03678703308105,10.7831945419312,55.8270950317383,0,0,3.42475748062134,0.654548764228821,
112,0,43.72447205,0,0,0,20.04911423,0,2.06526494,0,1.973126769,0,13.8767643,0,0,1.60383534431458,0.277084529399872,1.04733157157898,10.8398284912109,55.8386917114258,0,0,3.45145654678345,0.658269703388214,
113,0,43.96857834,0,0,0,20.15308189,0,2.07164526,0,1.974400043,0,13.92791367,0,0,1.61221063137054,0.278164148330688,1.05774557590485,10.8956575393677,55.8507499694824,0,0,3.47775816917419,0.661934912204742,
114,0,44.20761108,0,0,0,20.25505638,0,2.077857733,0,1.975643516,0,13.97792053,0,0,1.62045764923096,0.27922397851944,1.06802892684937,10.9506845474243,55.8632583618164,0,0,3.50366687774658,0.66554582118988,
115,0,44.44395828,0,0,0,20.35603905,0,2.083967924,0,1.976869702,0,14.02728462,0,0,1.62857937812805,0.280264586210251,1.07818102836609,11.0049114227295,55.8762092590332,0,0,3.52918696403503,0.669103562831879,
116,0,44.67526627,0,0,0,20.4550209,0,2.08991456,0,1.978066444,0,14.07551861,0,0,1.63657772541046,0.281286418437958,1.08820223808289,11.0583438873291,55.8895874023438,0,0,3.55432224273682,0.672608852386475,
117,0,44.90391922,0,0,0,20.55302238,0,2.095762253,0,1.979246974,0,14.12312984,0,0,1.64445447921753,0.282289892435074,1.09809231758118,11.1109848022461,55.903392791748,0,0,3.57907629013062,0.67606246471405,
118,0,45.12757111,0,0,0,20.64901543,0,2.101450205,0,1.980398774,0,14.16962528,0,0,1.65221071243286,0.283275246620178,1.10785162448883,11.1628398895264,55.917610168457,0,0,3.60345268249512,0.679464638233185,
119,0,45.34859848,0,0,0,20.74402046,0,2.107043266,0,1.9815347190000001,0,14.21550751,0,0,1.65984714031219,0.28424271941185,1.11748039722443,11.2139110565186,55.9322319030762,0,0,3.62745499610901,0.682815790176392,
120,0,45.56464767,0,0,0,20.83701324,0,2.112482309,0,1.98264277,0,14.26029205,0,0,1.6673641204834,0.285192519426346,1.12697899341583,11.2642049789429,55.9472503662109,0,0,3.6510865688324,0.686116099357605,
121,0,45.77810287,0,0,0,20.92901993,0,2.117828846,0,1.983735442,0,14.30447674,0,0,1.67476224899292,0.2861248254776,1.13634777069092,11.3137273788452,55.9626541137695,0,0,3.67435050010681,0.689365684986115,
122,0,45.98661804,0,0,0,21.01901817,0,2.12302494,0,1.984800816,0,14.34757805,0,0,1.68204188346863,0.287039816379547,1.14558720588684,11.3624811172485,55.978443145752,0,0,3.6972496509552,0.692564725875854,
123,0,46.1925621,0,0,0,21.10801697,0,2.128130674,0,1.985851407,0,14.39008904,0,0,1.68920314311981,0.287937611341476,1.15469777584076,11.4104719161987,55.9945983886719,0,0,3.71978688240051,0.69571328163147,
124,0,46.39359665,0,0,0,21.19501305,0,2.13309288,0,1.986875176,0,14.43153,0,0,1.69624614715576,0.288818389177322,1.16368007659912,11.4577045440674,56.011116027832,0,0,3.74196481704712,0.698811411857605,
125,0,46.59207535,0,0,0,21.28100014,0,2.137966394,0,1.987884164,0,14.47239113,0,0,1.70317125320435,0.289682269096375,1.17253470420837,11.5041856765747,56.0279884338379,0,0,3.76378631591797,0.70185911655426,
126,0,46.78800964,0,0,0,21.36599541,0,2.142755985,0,1.988878846,0,14.51267719,0,0,1.70999002456665,0.290531009435654,1.18126225471497,11.5499267578125,56.0452079772949,0,0,3.7852611541748,0.70486056804657,
127,0,46.97907257,0,0,0,21.44896889,0,2.147405148,0,1.989847541,0,14.5519104,0,0,1.71669900417328,0.291364192962646,1.18986344337463,11.594931602478,56.0627632141113,0,0,3.80639123916626,0.707814812660217,
128,0,47.1676178,0,0,0,21.53095818,0,2.151970863,0,1.990802288,0,14.59057999,0,0,1.72329592704773,0.292181521654129,1.19833922386169,11.6392059326172,56.0806465148926,0,0,3.82717823982239,0.710721015930176,
129,0,47.35132217,0,0,0,21.61092186,0,2.156399012,0,1.991731167,0,14.62821007,0,0,1.72977912425995,0.292982935905457,1.20669043064117,11.6827564239502,56.0988540649414,0,0,3.84762406349182,0.713578522205353,
130,0,47.53484726,0,0,0,21.69089317,0,2.160803556,0,1.992658138,0,14.66575813,0,0,1.73615920543671,0.293769955635071,1.2149178981781,11.7255945205688,56.1173782348633,0,0,3.86773777008057,0.716391146183014,
131,0,47.71355057,0,0,0,21.76885223,0,2.165071964,0,1.993559718,0,14.70227909,0,0,1.74244344234467,0.294543653726578,1.2230224609375,11.7677307128906,56.1362113952637,0,0,3.88752746582031,0.719161689281464,
132,0,47.88744736,0,0,0,21.84480095,0,2.169210434,0,1.994436145,0,14.7377758,0,0,1.74861347675323,0.295301556587219,1.23100543022156,11.8091640472412,56.1553382873535,0,0,3.90698647499084,0.721883833408356,
133,0,48.05887222,0,0,0,21.91973495,0,2.173270702,0,1.99529922,0,14.77272892,0,0,1.75466847419739,0.296043694019318,1.23886752128601,11.8499002456665,56.1747627258301,0,0,3.92611598968506,0.724557042121887,
134,0,48.23013687,0,0,0,21.99468231,0,2.177310228,0,1.996160746,0,14.80761147,0,0,1.76063120365143,0.296773225069046,1.24660956859589,11.8899564743042,56.1944694519043,0,0,3.94493222236633,0.727189362049103,
135,0,48.39431763,0,0,0,22.06660652,0,2.18116641,0,1.996985793,0,14.84101391,0,0,1.7664942741394,0.297489136457443,1.25423288345337,11.9293375015259,56.2144546508789,0,0,3.96343445777893,0.729778349399567,
136,0,48.55834961,0,0,0,22.13852501,0,2.185005188,0,1.997809529,0,14.87435246,0,0,1.772252202034,0.298190802335739,1.26173830032349,11.9680480957031,56.2347145080566,0,0,3.98162293434143,0.73232227563858,
137,0,48.71762848,0,0,0,22.20842552,0,2.188715219,0,1.998608708,0,14.90668964,0,0,1.77791285514832,0.298879355192184,1.26912713050842,12.0060997009277,56.2552375793457,0,0,3.99950504302979,0.734823882579803,
138,0,48.87677765,0,0,0,22.27833939,0,2.192408562,0,1.999406815,0,14.93896866,0,0,1.78348207473755,0.299555659294128,1.2764003276825,12.0435018539429,56.2760200500488,0,0,4.01708793640137,0.737285315990448,
139,0,49.03118896,0,0,0,22.34622955,0,2.195977211,0,2.000180244,0,14.97025394,0,0,1.78896403312683,0.300220191478729,1.2835590839386,12.0802669525146,56.2970542907715,0,0,4.03437757492065,0.739708185195923,
140,0,49.18087006,0,0,0,22.41209412,0,2.199425459,0,2.000929832,0,15.00055218,0,0,1.79433763027191,0.300870299339294,1.29060482978821,12.1163921356201,56.3183326721191,0,0,4.05136585235596,0.74208527803421,
141,0,49.33042908,0,0,0,22.47796822,0,2.202855825,0,2.001678228,0,15.03079796,0,0,1.79961204528809,0.301507234573364,1.29753839969635,12.1518878936768,56.3398513793945,0,0,4.06805944442749,0.744419515132904,
142,0,49.47758102,0,0,0,22.54283905,0,2.206218243,0,2.002414227,0,15.06052971,0,0,1.80480551719666,0.302133500576019,1.30436098575592,12.1867694854736,56.3615989685059,0,0,4.08447170257568,0.746717512607574,
143,0,49.62002563,0,0,0,22.60568428,0,2.209462166,0,2.003126383,0,15.08928299,0,0,1.80990707874298,0.302747637033463,1.3110738992691,12.2210416793823,56.3835754394531,0,0,4.1006007194519,0.74897563457489,
144,0,49.76237106,0,0,0,22.66853142,0,2.212691307,0,2.003837347,0,15.11798859,0,0,1.8149209022522,0.303350239992142,1.31767845153809,12.254714012146,56.4057693481445,0,0,4.11645221710205,0.75119537115097,
145,0,49.90001678,0,0,0,22.72935486,0,2.215803385,0,2.004524946,0,15.1457243,0,0,1.81984961032867,0.30394172668457,1.32417571544647,12.2877941131592,56.4281806945801,0,0,4.13203096389771,0.753377854824066,
146,0,50.03527832,0,0,0,22.789173129999998,0,2.218852282,0,2.005199909,0,15.17295647,0,0,1.82468378543854,0.304520845413208,1.33056712150574,12.3202877044678,56.450798034668,0,0,4.14733362197876,0.75551974773407,
147,0,50.1704483,0,0,0,22.84898949,0,2.221887112,0,2.005874395,0,15.20014381,0,0,1.82943999767303,0.305089861154556,1.33685374259949,12.3522090911865,56.4736175537109,0,0,4.16237354278564,0.757626891136169,
148,0,50.30094528,0,0,0,22.90678215,0,2.224806786,0,2.006525278,0,15.22637177,0,0,1.83411824703217,0.305648803710938,1.34303689002991,12.38356590271,56.4966316223145,0,0,4.17715549468994,0.759699583053589,
149,0,50.4290657,0,0,0,22.96357727,0,2.22766304,0,2.007164001,0,15.2521019,0,0,1.83870685100555,0.306196123361588,1.34911787509918,12.4143619537354,56.5198364257813,0,0,4.19167518615723,0.761733829975128,
150,0,50.55482483,0,0,0,23.01935005,0,2.23045969,0,2.007790804,0,15.27733707,0,0,1.84320938587189,0.306732326745987,1.35509788990021,12.4446058273315,56.5432281494141,0,0,4.20593643188477,0.763730645179749,
151,0,50.67821884,0,0,0,23.074108120000002,0,2.2331919670000002,0,2.008405685,0,15.30207634,0,0,1.84762811660767,0.307257831096649,1.36097824573517,12.4743051528931,56.5668029785156,0,0,4.21994352340698,0.765690982341766,
152,0,50.80153275,0,0,0,23.12887955,0,2.235916138,0,2.009019852,0,15.32678223,0,0,1.85197651386261,0.307774394750595,1.36676001548767,12.503472328186,56.5905494689941,0,0,4.23370742797852,0.767619729042053,
153,0,50.92020416,0,0,0,23.18162155,0,2.238528013,0,2.009610891,0,15.35054016,0,0,1.85625243186951,0.308281689882278,1.37244462966919,12.5321168899536,56.6144676208496,0,0,4.24723100662231,0.769516289234161,
154,0,51.03652573,0,0,0,23.23335457,0,2.24108243,0,2.01019001,0,15.37381077,0,0,1.86044251918793,0.308778017759323,1.3780335187912,12.5602397918701,56.6385498046875,0,0,4.2605094909668,0.771376132965088,
155,0,51.15278625,0,0,0,23.2850914,0,2.243626118,0,2.010768652,0,15.39705276,0,0,1.86456096172333,0.30926525592804,1.38352763652802,12.587854385376,56.6627883911133,0,0,4.27355337142944,0.77320408821106,
156,0,51.26441574,0,0,0,23.33479691,0,2.246062517,0,2.011324167,0,15.41935349,0,0,1.86860549449921,0.309743195772171,1.38892841339111,12.6149663925171,56.687183380127,0,0,4.28636503219604,0.774999678134918,
157,0,51.37599182,0,0,0,23.3845005,0,2.248488665,0,2.011879206,0,15.4416256,0,0,1.87257516384125,0.310211688280106,1.39423704147339,12.6415843963623,56.7117309570313,0,0,4.29894638061523,0.776762545108795,
158,0,51.48522186,0,0,0,23.43320084,0,2.250858545,0,2.012422562,0,15.46341515,0,0,1.87648069858551,0.310672134160995,1.39945495128632,12.6677198410034,56.7364234924316,0,0,4.31130647659302,0.778496623039246,
159,0,51.59212112,0,0,0,23.48088837,0,2.253170967,0,2.012954235,0,15.48472786,0,0,1.88031792640686,0.31112402677536,1.40458333492279,12.6933794021606,56.7612533569336,0,0,4.32344722747803,0.780200600624084,
160,0,51.69669342,0,0,0,23.52755737,0,2.255426168,0,2.013474464,0,15.50556087,0,0,1.88408410549164,0.311566978693008,1.40962362289429,12.7185697555542,56.7862205505371,0,0,4.33536911010742,0.78187358379364,
161,0,51.79893875,0,0,0,23.5732193,0,2.257624626,0,2.013982773,0,15.52591896,0,0,1.88777709007263,0.312000751495361,1.41457688808441,12.7432956695557,56.8113174438477,0,0,4.34707403182983,0.783514857292175,
162,0,51.89886475,0,0,0,23.61785698,0,2.259768248,0,2.014479637,0,15.5457983,0,0,1.89139544963837,0.312425225973129,1.41944444179535,12.7675628662109,56.8365440368652,0,0,4.35856342315674,0.785123765468597,
163,0,51.99873352,0,0,0,23.66250992,0,2.261904955,0,2.014976025,0,15.56565857,0,0,1.89495003223419,0.312841832637787,1.42422723770142,12.7913827896118,56.8618927001953,0,0,4.36984443664551,0.786704242229462,
164,0,52.09629059,0,0,0,23.70614243,0,2.26398778,0,2.015460968,0,15.58504677,0,0,1.89844834804535,0.313251495361328,1.4289265871048,12.8147649765015,56.8873596191406,0,0,4.38092565536499,0.788259088993073,
165,0,52.19153595,0,0,0,23.74876595,0,2.266014576,0,2.015934467,0,15.60396385,0,0,1.90188384056091,0.313653379678726,1.43354392051697,12.8377161026001,56.9129409790039,0,0,4.39180707931519,0.789786338806152,
166,0,52.28446579,0,0,0,23.79037285,0,2.267987728,0,2.016396284,0,15.62241077,0,0,1.90525197982788,0.314046949148178,1.43808043003082,12.8602390289307,56.9386329650879,0,0,4.40248823165894,0.791284382343292,
167,0,52.37509155,0,0,0,23.83097076,0,2.269906759,0,2.016846418,0,15.64038944,0,0,1.90854978561401,0.314431756734848,1.44253730773926,12.8823394775391,56.964427947998,0,0,4.41296911239624,0.792752087116241,
168,0,52.46567535,0,0,0,23.8715744,0,2.271821022,0,2.017296791,0,15.65835285,0,0,1.91178679466248,0.314809143543243,1.4469153881073,12.9040279388428,56.9903259277344,0,0,4.42325735092163,0.794192790985107,
169,0,52.55395508,0,0,0,23.91114807,0,2.273682594,0,2.017735481,0,15.67584515,0,0,1.9149694442749,0.315179944038391,1.45121598243713,12.9253129959106,57.0163192749023,0,0,4.43335914611816,0.795608878135681,
170,0,52.63993454,0,0,0,23.94971848,0,2.275489807,0,2.018162489,0,15.69287586,0,0,1.9180908203125,0.315543204545975,1.45544040203094,12.9461984634399,57.0424118041992,0,0,4.44327402114868,0.796998083591461,
171,0,52.72587967,0,0,0,23.98829079,0,2.277293444,0,2.018589497,0,15.70989037,0,0,1.92115759849548,0.315899819135666,1.45958971977234,12.9666938781738,57.0685958862305,0,0,4.45300817489624,0.798362910747528,
172,0,52.80952454,0,0,0,24.0258503,0,2.279043436,0,2.019005299,0,15.72644043,0,0,1.92417442798615,0.316250413656235,1.46366500854492,12.9868087768555,57.0948638916016,0,0,4.4625678062439,0.79970520734787,
173,0,52.89088058,0,0,0,24.06238556,0,2.280743122,0,2.019409418,0,15.74252892,0,0,1.92713284492493,0.316593885421753,1.46766781806946,13.0065450668335,57.1212158203125,0,0,4.4719500541687,0.801022052764893,
174,0,52.969944,0,0,0,24.09791946,0,2.282392025,0,2.019802094,0,15.75815582,0,0,1.93002736568451,0.316929489374161,1.47159898281097,13.0259065628052,57.1476516723633,0,0,4.4811544418335,0.802311420440674,
175,0,53.0489769,0,0,0,24.13344765,0,2.284035444,0,2.020195007,0,15.773771289999999,0,0,1.93286550045013,0.317258268594742,1.47545957565308,13.0449028015137,57.1741638183594,0,0,4.49018621444702,0.803575992584229,
176,0,53.12572479,0,0,0,24.16796303,0,2.28562808,0,2.020576239,0,15.78892708,0,0,1.93565261363983,0.317580908536911,1.47925066947937,13.0635404586792,57.2007484436035,0,0,4.49905014038086,0.8048175573349,
177,0,53.20244217,0,0,0,24.20248032,0,2.287215471,0,2.02095747,0,15.80406952,0,0,1.938392162323,0.317897856235504,1.48297345638275,13.081826210022,57.2274017333984,0,0,4.50775146484375,0.806037724018097,
178,0,53.27687836,0,0,0,24.23598671,0,2.28875494,0,2.021327257,0,15.81875706,0,0,1.941086769104,0.318209439516068,1.48662889003754,13.0997695922852,57.2541236877441,0,0,4.51629495620728,0.807237565517426,
179,0,53.34902954,0,0,0,24.26847267,0,2.290243387,0,2.0216856,0,15.83298588,0,0,1.9437267780304,0.318514376878738,1.49021828174591,13.1173725128174,57.2809028625488,0,0,4.52467823028564,0.808413684368134,
180,0,53.42115784,0,0,0,24.30095482,0,2.291727304,0,2.022043943,0,15.84720135,0,0,1.94631671905518,0.318813294172287,1.49374258518219,13.1346406936646,57.307746887207,0,0,4.53290510177612,0.809567749500275,
181,0,53.49100876,0,0,0,24.3324337,0,2.2931633,0,2.022391081,0,15.86096668,0,0,1.94886016845703,0.319106638431549,1.49720299243927,13.1515836715698,57.3346481323242,0,0,4.54097938537598,0.810701072216034,
182,0,53.56083679,0,0,0,24.36390686,0,2.294595242,0,2.02273798,0,15.87471962,0,0,1.95135939121246,0.319394707679749,1.50060045719147,13.1682062149048,57.3616065979004,0,0,4.54890537261963,0.811814546585083,
183,0,53.62839127,0,0,0,24.39437485,0,2.295977116,0,2.023073673,0,15.88801956,0,0,1.95381605625153,0.319677710533142,1.50393605232239,13.1845149993896,57.388614654541,0,0,4.55668687820435,0.812908947467804,
184,0,53.69366455,0,0,0,24.42381096,0,2.297311306,0,2.023397923,0,15.90086365,0,0,1.95621955394745,0.319954305887222,1.50721085071564,13.200511932373,57.4156723022461,0,0,4.5643196105957,0.813980519771576,
185,0,53.75893021,0,0,0,24.45326233,0,2.29864192,0,2.02372241,0,15.91370296,0,0,1.95857417583466,0.320225030183792,1.51042592525482,13.2162027359009,57.4427719116211,0,0,4.57180738449097,0.815030694007874,
186,0,53.82191849,0,0,0,24.48168945,0,2.299924612,0,2.024035454,0,15.92608738,0,0,1.96088314056396,0.320490330457687,1.51358211040497,13.2315940856934,57.4699172973633,0,0,4.57915306091309,0.816060602664948,
187,0,53.88488388,0,0,0,24.51011658,0,2.301203966,0,2.024348259,0,15.93846416,0,0,1.9631484746933,0.320750445127487,1.51668035984039,13.2466907501221,57.4971008300781,0,0,4.58636045455933,0.81707102060318,
188,0,53.94559097,0,0,0,24.53753471,0,2.302436113,0,2.024650097,0,15.95039177,0,0,1.96537148952484,0.321005553007126,1.51972162723541,13.2614984512329,57.5243225097656,0,0,4.59343242645264,0.818062603473663,
189,0,54.00627518,0,0,0,24.56495285,0,2.303664446,0,2.024951696,0,15.9623127,0,0,1.96755337715149,0.321255803108215,1.52270686626434,13.2760229110718,57.5515785217285,0,0,4.60037088394165,0.819035887718201,
190,0,54.06470108,0,0,0,24.59136009,0,2.304846525,0,2.02524209,0,15.9737854,0,0,1.96969497203827,0.321501284837723,1.52563714981079,13.2902698516846,57.5788688659668,0,0,4.60717916488647,0.819991171360016,
191,0,54.1231041,0,0,0,24.61776161,0,2.30602479,0,2.025532246,0,15.98524857,0,0,1.97179663181305,0.321742057800293,1.52851319313049,13.3042449951172,57.6061897277832,0,0,4.61385917663574,0.820928692817688,
192,0,54.179245,0,0,0,24.64315796,0,2.30715847,0,2.025811434,0,15.99626637,0,0,1.97385883331299,0.321978151798248,1.53133606910706,13.3179521560669,57.6335372924805,0,0,4.6204137802124,0.821848630905151,
193,0,54.23537445,0,0,0,24.66854286,0,2.308286667,0,2.026090384,0,16.00727463,0,0,1.97588169574738,0.322209596633911,1.53410661220551,13.3313961029053,57.6609115600586,0,0,4.62684392929077,0.82275116443634,
194,0,54.28924561,0,0,0,24.69291115,0,2.30936861,0,2.026358128,0,16.01783752,0,0,1.97786509990692,0.322436422109604,1.53682577610016,13.3445806503296,57.6883087158203,0,0,4.63315200805664,0.823636412620544,
195,0,54.3431015,0,0,0,24.71728897,0,2.310451508,0,2.026625872,0,16.0283947,0,0,1.97980976104736,0.322658658027649,1.53949439525604,13.3575115203857,57.7157249450684,0,0,4.63933944702148,0.824504315853119,
196,0,54.39694214,0,0,0,24.74165535,0,2.311528683,0,2.026893616,0,16.03894424,0,0,1.9817271232605,0.322877734899521,1.54211330413818,13.3701972961426,57.7431602478027,0,0,4.64541578292847,0.825359284877777,
197,0,54.44852829,0,0,0,24.76501083,0,2.312561989,0,2.027150154,0,16.04905319,0,0,1.98361349105835,0.323093265295029,1.54468369483948,13.3826417922974,57.7706146240234,0,0,4.65138101577759,0.826200306415558,
198,0,54.49785995,0,0,0,24.78735542,0,2.313546181,0,2.027395248,0,16.05871201,0,0,1.98545515537262,0.323303401470184,1.54720640182495,13.3948469161987,57.7980804443359,0,0,4.65722942352295,0.8270223736763,
199,0,54.54717636,0,0,0,24.80970192,0,2.314530611,0,2.027640581,0,16.0683651,0,0,1.98725390434265,0.323508411645889,1.54968214035034,13.4068126678467,57.8255577087402,0,0,4.66296291351318,0.827826082706451,
200,0,54.59648895,0,0,0,24.83204651,0,2.31551218,0,2.027885914,0,16.07801819,0,0,1.98902273178101,0.323710024356842,1.55211162567139,13.4185495376587,57.8530464172363,0,0,4.66858911514282,0.828615844249725,
201,0,54.64354324,0,0,0,24.85337639,0,2.31644845,0,2.028119802,0,16.08722496,0,0,1.99075889587402,0.323907822370529,1.55449557304382,13.4300603866577,57.8805465698242,0,0,4.67410850524902,0.829391062259674,
202,0,54.6905899,0,0,0,24.87470818,0,2.317385435,0,2.02835393,0,16.09642792,0,0,1.99246060848236,0.324101567268372,1.55683493614197,13.4413480758667,57.9080543518066,0,0,4.67952251434326,0.83015102148056,
203,0,54.73538589,0,0,0,24.89501762,0,2.318273783,0,2.028576612,0,16.10518837,0,0,1.99412655830383,0.324291110038757,1.55913043022156,13.4524173736572,57.9355659484863,0,0,4.6848316192627,0.830895304679871,
204,0,54.78017426,0,0,0,24.91533661,0,2.319160461,0,2.028799534,0,16.11394501,0,0,1.99575591087341,0.324476391077042,1.56138288974762,13.4632692337036,57.963077545166,0,0,4.69003534317017,0.831623613834381,
205,0,54.82494736,0,0,0,24.93564606,0,2.320048332,0,2.029021978,0,16.12269592,0,0,1.99735975265503,0.324658781290054,1.56359279155731,13.4739112854004,57.990592956543,0,0,4.69514226913452,0.832339942455292,
206,0,54.86748123,0,0,0,24.95494843,0,2.320889235,0,2.029233932,0,16.13100815,0,0,1.99893403053284,0.32483771443367,1.56576108932495,13.4843482971191,58.0181045532227,0,0,4.7001519203186,0.833042919635773,
207,0,54.91000366,0,0,0,24.97424889,0,2.321727753,0,2.02944541,0,16.13931465,0,0,2.00047612190247,0.325012892484665,1.56788849830627,13.4945821762085,58.0456161499023,0,0,4.70506429672241,0.833731830120087,
208,0,54.95251083,0,0,0,24.99353981,0,2.322566748,0,2.029656649,0,16.14761543,0,0,2.00199556350708,0.325185507535934,1.56997573375702,13.5046195983887,58.0731201171875,0,0,4.70988655090332,0.834409952163696,
209,0,54.99278259,0,0,0,25.01183128,0,2.323359966,0,2.029857159,0,16.15547943,0,0,2.0034875869751,0.325354903936386,1.57202363014221,13.5144643783569,58.1006202697754,0,0,4.71461820602417,0.835075914859772,
210,0,55.03303528,0,0,0,25.03011131,0,2.324151754,0,2.030057669,0,16.16333771,0,0,2.00494861602783,0.325520694255829,1.57403290271759,13.5241184234619,58.1281127929688,0,0,4.7192587852478,0.835728466510773,
211,0,55.07105255,0,0,0,25.04737663,0,2.324899435,0,2.030246735,0,16.17075729,0,0,2.00637650489807,0.325682610273361,1.57600426673889,13.5335826873779,58.1555938720703,0,0,4.72380781173706,0.836366653442383,
212,0,55.11129761,0,0,0,25.06566048,0,2.325689554,0,2.030447006,0,16.17860985,0,0,2.00778126716614,0.325841903686523,1.57793831825256,13.5428647994995,58.1830673217773,0,0,4.72827243804932,0.836994171142578,
213,0,55.14706802,0,0,0,25.08191681,0,2.326390266,0,2.030624866,0,16.18558693,0,0,2.00915813446045,0.325997948646545,1.57983565330505,13.5519676208496,58.2105255126953,0,0,4.73265075683594,0.837609350681305,
214,0,55.18506241,0,0,0,25.09918404,0,2.327135801,0,2.030814171,0,16.19299698,0,0,2.0105037689209,0.326150357723236,1.58169710636139,13.5608911514282,58.2379684448242,0,0,4.73694229125977,0.838211119174957,
215,0,55.22081375,0,0,0,25.11543655,0,2.327834606,0,2.030992031,0,16.19996834,0,0,2.01182794570923,0.326300323009491,1.58352315425873,13.5696420669556,58.2653961181641,0,0,4.74115324020386,0.838802754878998,
216,0,55.25656128,0,0,0,25.13168526,0,2.328535318,0,2.031169891,0,16.20693779,0,0,2.01312518119812,0.326447129249573,1.5853146314621,13.5782232284546,58.2928123474121,0,0,4.7452826499939,0.839382588863373,
217,0,55.29230499,0,0,0,25.14794159,0,2.32923317,0,2.03134799,0,16.21390533,0,0,2.01440334320068,0.32659187912941,1.58707201480865,13.5866394042969,58.3202095031738,0,0,4.74933576583862,0.839953482151031,
218,0,55.32580948,0,0,0,25.1631813,0,2.329887152,0,2.031514645,0,16.22043228,0,0,2.01565718650818,0.326733738183975,1.58879601955414,13.5948925018311,58.3475875854492,0,0,4.75331211090088,0.840513527393341,
219,0,55.35930634,0,0,0,25.17842293,0,2.330540657,0,2.031681538,0,16.22696114,0,0,2.01688194274902,0.326872199773788,1.59048736095428,13.6029844284058,58.374942779541,0,0,4.75721025466919,0.841061055660248,
220,0,55.39056396,0,0,0,25.1926384,0,2.331148148,0,2.031836987,0,16.23304749,0,0,2.01807498931885,0.327006936073303,1.59214651584625,13.610915184021,58.4022750854492,0,0,4.76102781295776,0.841595113277435,
221,0,55.42404938,0,0,0,25.20787811,0,2.331800461,0,2.03200388,0,16.23957062,0,0,2.01924538612366,0.327139139175415,1.5937739610672,13.6186895370483,58.4295845031738,0,0,4.76477146148682,0.842118918895721,
222,0,55.45530319,0,0,0,25.22210121,0,2.332407236,0,2.032159567,0,16.24565506,0,0,2.0204005241394,0.327269673347473,1.59537029266357,13.626314163208,58.4568710327148,0,0,4.76844596862793,0.842635154724121,
223,0,55.48654938,0,0,0,25.2363224,0,2.333014965,0,2.032315254,0,16.2517395,0,0,2.02153325080872,0.327397614717484,1.59693598747253,13.6337909698486,58.4841346740723,0,0,4.77204895019531,0.843141376972198,
224,0,55.51556015,0,0,0,25.2495327,0,2.333577633,0,2.032459736,0,16.25738716,0,0,2.02263855934143,0.327522337436676,1.59847176074982,13.6411190032959,58.5113677978516,0,0,4.77557945251465,0.843635857105255,
225,0,55.54679871,0,0,0,25.26374817,0,2.334184647,0,2.032615185,0,16.26346397,0,0,2.02372455596924,0.327644914388657,1.59997808933258,13.64830493927,58.53857421875,0,0,4.77904224395752,0.84412157535553,
226,0,55.57580185,0,0,0,25.27696037,0,2.334746838,0,2.032759666,0,16.26910782,0,0,2.02479720115662,0.327766001224518,1.60145556926727,13.6553535461426,58.5657501220703,0,0,4.78244256973267,0.844600677490234,
227,0,55.60479736,0,0,0,25.29016685,0,2.335307837,0,2.032904148,0,16.27474976,0,0,2.02584910392761,0.327884703874588,1.60290467739105,13.6622648239136,58.5928955078125,0,0,4.7857780456543,0.845070481300354,
228,0,55.63156128,0,0,0,25.30235863,0,2.33582592,0,2.033037424,0,16.27995682,0,0,2.02687478065491,0.32800030708313,1.60432624816895,13.6690397262573,58.6200103759766,0,0,4.78904581069946,0.84552925825119,
229,0,55.66055298,0,0,0,25.31557083,0,2.336386204,0,2.033181906,0,16.28559494,0,0,2.02788186073303,0.328113853931427,1.60572052001953,13.6756830215454,58.6470947265625,0,0,4.79225158691406,0.845979690551758,
230,0,55.68730545,0,0,0,25.32775116,0,2.336901188,0,2.033315182,0,16.29079437,0,0,2.02887606620789,0.32822597026825,1.60708796977997,13.6821975708008,58.6741409301758,0,0,4.79539918899536,0.846423804759979,
231,0,55.71406174,0,0,0,25.339954379999998,0,2.337418079,0,2.033448458,0,16.29599762,0,0,2.02984976768494,0.328335672616959,1.60842931270599,13.6885862350464,58.7011566162109,0,0,4.79848575592041,0.84685891866684,
232,0,55.73858261,0,0,0,25.35112381,0,2.337891817,0,2.033570766,0,16.30076408,0,0,2.03079724311829,0.328442335128784,1.60974502563477,13.6948471069336,58.7281341552734,0,0,4.80150890350342,0.847283065319061,
233,0,55.76532745,0,0,0,25.36331367,0,2.338407993,0,2.033703804,0,16.30596161,0,0,2.03172659873962,0.328546971082687,1.61103534698486,13.7009868621826,58.7550773620605,0,0,4.80447292327881,0.847699046134949,
234,0,55.78984451,0,0,0,25.37448311,0,2.338878155,0,2.033826113,0,16.31072617,0,0,2.03264331817627,0.328650206327438,1.61230087280273,13.7070074081421,58.781982421875,0,0,4.80738258361816,0.848108768463135,
235,0,55.81435394,0,0,0,25.38566208,0,2.339351177,0,2.033948183,0,16.31548882,0,0,2.03353929519653,0.328751057386398,1.61354207992554,13.7129096984863,58.8088493347168,0,0,4.81023502349854,0.848509669303894,
236,0,55.8366394,0,0,0,25.39582443,0,2.3397789,0,2.034059286,0,16.3198185,0,0,2.03440928459167,0.328848868608475,1.61475956439972,13.718692779541,58.8356781005859,0,0,4.81302642822266,0.848899602890015,
237,0,55.86114502,0,0,0,25.4070034,0,2.340250731,0,2.034181356,0,16.32457924,0,0,2.03526163101196,0.328944623470306,1.61595344543457,13.7243614196777,58.8624687194824,0,0,4.81576156616211,0.849281370639801,
238,0,55.88342667,0,0,0,25.41716194,0,2.340678215,0,2.034292459,0,16.328907010000002,0,0,2.03610110282898,0.329039037227631,1.61712408065796,13.7299184799194,58.8892211914063,0,0,4.81844520568848,0.849657118320465,
239,0,55.90570068,0,0,0,25.42731857,0,2.341106892,0,2.034403563,0,16.33323288,0,0,2.03692007064819,0.329131066799164,1.61827206611633,13.7353639602661,58.9159278869629,0,0,4.82107353210449,0.850023865699768,
240,0,55.92797089,0,0,0,25.43748283,0,2.341533184,0,2.034514666,0,16.33755493,0,0,2.03772473335266,0.329221487045288,1.61939764022827,13.7407026290894,58.9425926208496,0,0,4.82365036010742,0.850384116172791,
241,0,55.95024109,0,0,0,25.44764328,0,2.341959715,0,2.03462553,0,16.3418808,0,0,2.03851938247681,0.329310834407806,1.62050127983093,13.7459373474121,58.9692115783691,0,0,4.82617998123169,0.850739359855652,
242,0,55.97250748,0,0,0,25.45780373,0,2.342386007,0,2.034736633,0,16.34620285,0,0,2.03930711746216,0.329399466514587,1.62158358097076,13.7510738372803,58.9957885742188,0,0,4.82866621017456,0.851090788841248,
243,0,55.99254608,0,0,0,25.46695137,0,2.34277153,0,2.034836531,0,16.35009384,0,0,2.04007816314697,0.329486161470413,1.62264502048492,13.7561101913452,59.0223197937012,0,0,4.83110427856445,0.851435303688049,
244,0,56.01258087,0,0,0,25.47608185,0,2.343153715,0,2.03493619,0,16.35397911,0,0,2.04082584381104,0.329570114612579,1.62368607521057,13.7610454559326,59.0488090515137,0,0,4.8334903717041,0.851770102977753,
245,0,56.03262329,0,0,0,25.48523712,0,2.343537092,0,2.035036325,0,16.3578701,0,0,2.0415575504303,0.32965224981308,1.62470686435699,13.7658834457397,59.075252532959,0,0,4.83582878112793,0.852097809314728,
246,0,56.05265427,0,0,0,25.49437332,0,2.343919277,0,2.035135984,0,16.36175728,0,0,2.04227781295776,0.32973313331604,1.62570786476135,13.7706270217896,59.1016464233398,0,0,4.8381233215332,0.852420151233673,
247,0,56.07268524,0,0,0,25.50351715,0,2.344301701,0,2.035235882,0,16.36564255,0,0,2.04299020767212,0.329813182353973,1.62668943405151,13.775279045105,59.1279945373535,0,0,4.84037685394287,0.852738380432129,
248,0,56.09048843,0,0,0,25.51164055,0,2.344641685,0,2.035324812,0,16.36909676,0,0,2.04368543624878,0.329891234636307,1.62765216827393,13.779839515686,59.154296875,0,0,4.84258556365967,0.853049337863922,
249,0,56.10829163,0,0,0,25.51977348,0,2.344981194,0,2.035413504,0,16.37254906,0,0,2.04435706138611,0.329966485500336,1.62859630584717,13.7843065261841,59.180549621582,0,0,4.84474515914917,0.853350698947906,
250,0,56.12831879,0,0,0,25.52892113,0,2.34536314,0,2.0355134010000002,0,16.37643433,0,0,2.04502391815186,0.330041319131851,1.62952196598053,13.788688659668,59.2067527770996,0,0,4.84686660766602,0.853649020195007,
251,0,56.14611816,0,0,0,25.53705597,0,2.34570241,0,2.035602331,0,16.37988663,0,0,2.0456876754760702,0.330115884542465,1.63042962551117,13.7929878234863,59.2329063415527,0,0,4.848952293396,0.853945076465607,
252,0,56.16169357,0,0,0,25.54415703,0,2.345998764,0,2.035679817,0,16.38290405,0,0,2.04632544517517,0.330187350511551,1.63131988048553,13.7972002029419,59.2590103149414,0,0,4.85099124908447,0.854230940341949,
253,0,56.17948532,0,0,0,25.55228615,0,2.346338034,0,2.035768509,0,16.38635445,0,0,2.04694509506226,0.330256730318069,1.63219285011292,13.8013257980347,59.2850646972656,0,0,4.85298633575439,0.854509055614471,
254,0,56.1972847,0,0,0,25.5604229,0,2.346677303,0,2.035857439,0,16.38980675,0,0,2.04756426811218,0.330326169729233,1.63304877281189,13.8053750991821,59.3110694885254,0,0,4.8549485206604,0.854785740375519,
255,0,56.21285248,0,0,0,25.56752968,0,2.346973658,0,2.035934925,0,16.39282417,0,0,2.048171043396,0.330394238233566,1.63388800621033,13.8093452453613,59.3370170593262,0,0,4.85687303543091,0.855057060718536,
256,0,56.22842407,0,0,0,25.57463646,0,2.347269773,0,2.03601265,0,16.3958416,0,0,2.04875755310059,0.330459892749786,1.63471102714539,13.8132343292236,59.3629150390625,0,0,4.85875511169434,0.855319976806641,
257,0,56.24398804,0,0,0,25.58175468,0,2.347566128,0,2.036090374,0,16.39885902,0,0,2.04932999610901,0.33052396774292,1.63551795482635,13.8170442581177,59.3887634277344,0,0,4.86059761047363,0.855576753616333,
258,0,56.25955582,0,0,0,25.58886528,0,2.347861767,0,2.036168098,0,16.40187836,0,0,2.04989266395569,0.330586969852448,1.63630902767181,13.8207778930664,59.4145545959473,0,0,4.86240434646606,0.855828881263733,
259,0,56.2751236,0,0,0,25.595981599999998,0,2.348157644,0,2.036245823,0,16.40489197,0,0,2.05044865608215,0.330649256706238,1.63708460330963,13.8244400024414,59.4402923583984,0,0,4.86417770385742,0.856077611446381,
260,0,56.29068756,0,0,0,25.6030941,0,2.348451853,0,2.036323309,0,16.40790749,0,0,2.05099964141846,0.330711036920547,1.63784503936768,13.828031539917,59.4659805297852,0,0,4.8659200668335,0.856323659420013,
261,0,56.30402756,0,0,0,25.60919189,0,2.348705053,0,2.036390066,0,16.41049194,0,0,2.05153560638428,0.330771058797836,1.63859069347382,13.8315525054932,59.4916076660156,0,0,4.86762619018555,0.85656350851059,
262,0,56.31958771,0,0,0,25.6163063,0,2.349000454,0,2.036467552,0,16.41350555,0,0,2.0520613193512,0.330829918384552,1.63932168483734,13.8350028991699,59.5171813964844,0,0,4.86929893493652,0.856798708438873,
263,0,56.3329277,0,0,0,25.62240028,0,2.349254131,0,2.036534071,0,16.41609192,0,0,2.05257964134216,0.330887973308563,1.64003849029541,13.8383884429932,59.5427017211914,0,0,4.87094116210938,0.85703045129776,
264,0,56.34626389,0,0,0,25.62849426,0,2.349506855,0,2.03660059,0,16.41867447,0,0,2.05308103561401,0.330944061279297,1.6407413482666,13.8417053222656,59.5681686401367,0,0,4.8725471496582,0.857255160808563,
265,0,56.35960388,0,0,0,25.63459206,0,2.349760056,0,2.036667109,0,16.42125702,0,0,2.05357050895691,0.330998808145523,1.64143037796021,13.8449544906616,59.593578338623,0,0,4.87412071228027,0.857474744319916,
266,0,56.37294006,0,0,0,25.64068985,0,2.350010872,0,2.036733627,0,16.42383957,0,0,2.05405235290527,0.3310526907444,1.64210593700409,13.8481388092041,59.6189308166504,0,0,4.8756628036499,0.857690572738647,
267,0,56.38626862,0,0,0,25.64677429,0,2.350263357,0,2.036800146,0,16.4264183,0,0,2.05452823638916,0.331105947494507,1.64276826381683,13.8512620925903,59.6442260742188,0,0,4.8771767616272,0.85790342092514,
268,0,56.39960861,0,0,0,25.65288353,0,2.350516319,0,2.036866665,0,16.42900467,0,0,2.05499982833862,0.331158816814423,1.64341759681702,13.8543262481689,59.6694641113281,0,0,4.87866449356079,0.858114123344421,
269,0,56.41072083,0,0,0,25.65796471,0,2.35072732,0,2.036922216,0,16.43115616,0,0,2.05545735359192,0.331209987401962,1.64405429363251,13.857328414917,59.6946411132813,0,0,4.88012027740479,0.858318984508514,
270,0,56.42405319,0,0,0,25.66406441,0,2.350977898,0,2.036988735,0,16.4337368,0,0,2.05590486526489,0.331259995698929,1.6446784734726,13.8602705001831,59.7197608947754,0,0,4.88154745101929,0.858519375324249,
271,0,56.43516159,0,0,0,25.66913223,0,2.351187944,0,2.037044287,0,16.43588638,0,0,2.05634498596191,0.331309229135513,1.64529061317444,13.8631563186646,59.7448234558105,0,0,4.88294792175293,0.858716428279877,
272,0,56.44849014,0,0,0,25.67523384,0,2.351440668,0,2.037110806,0,16.43846703,0,0,2.05678033828735,0.33135798573494,1.64589071273804,13.8659868240356,59.7698287963867,0,0,4.88432312011719,0.858911037445068,
273,0,56.45960236,0,0,0,25.68031693,0,2.351651192,0,2.037166357,0,16.44061852,0,0,2.05721235275269,0.331406384706497,1.64647924900055,13.8687648773193,59.7947731018066,0,0,4.88567495346069,0.859103739261627,
274,0,56.47070694,0,0,0,25.6853981,0,2.351858854,0,2.03722167,0,16.4427681,0,0,2.05763030052185,0.331453114748001,1.64705646038055,13.8714866638184,59.8196640014648,0,0,4.88699817657471,0.859290838241577,
275,0,56.48181534,0,0,0,25.69047737,0,2.352069616,0,2.037276983,0,16.44491768,0,0,2.05803871154785,0.331498742103577,1.64762246608734,13.8741550445557,59.8444938659668,0,0,4.88829469680786,0.859473705291748,
276,0,56.49291992,0,0,0,25.69556236,0,2.352279663,0,2.037332535,0,16.44706726,0,0,2.05843997001648,0.33154359459877,1.6481773853302,13.8767719268799,59.8692665100098,0,0,4.88956689834595,0.859653413295746,
277,0,56.50403214,0,0,0,25.70063972,0,2.35248971,0,2.037387848,0,16.44921684,0,0,2.05883646011353,0.331587970256805,1.648721575737,13.8793392181396,59.8939743041992,0,0,4.8908166885376,0.859830737113953,
278,0,56.51291275,0,0,0,25.70469856,0,2.352655411,0,2.037432194,0,16.45093536,0,0,2.05921816825867,0.331630557775497,1.64925527572632,13.8818531036377,59.9186248779297,0,0,4.89203834533691,0.860001862049103,
279,0,56.52401733,0,0,0,25.70978737,0,2.352865696,0,2.037487745,0,16.45308495,0,0,2.05958938598633,0.331671953201294,1.64977860450745,13.8843154907227,59.9432182312012,0,0,4.89323377609253,0.86016857624054,
280,0,56.53290558,0,0,0,25.71384621,0,2.353034019,0,2.037532091,0,16.45480347,0,0,2.05995321273804,0.331712543964386,1.65029168128967,13.8867292404175,59.9677467346191,0,0,4.89440536499023,0.860331952571869,
281,0,56.54400635,0,0,0,25.7189312,0,2.353241682,0,2.037587643,0,16.45695114,0,0,2.06031203269959,0.331752598285675,1.65079462528229,13.8890953063965,59.9922180175781,0,0,4.89555406570435,0.860492765903473,
282,0,56.55289078,0,0,0,25.72298813,0,2.35340929,0,2.03763175,0,16.45866966,0,0,2.06066727638245,0.331792294979095,1.65128767490387,13.8914155960083,60.0166282653809,0,0,4.89668226242065,0.860651612281799,
283,0,56.56177139,0,0,0,25.7270546,0,2.353577137,0,2.037676096,0,16.46038818,0,0,2.06100821495056,0.331830322742462,1.651771068573,13.8936882019043,60.0409774780273,0,0,4.8977837562561,0.860804736614227,
284,0,56.57065582,0,0,0,25.73111725,0,2.353744745,0,2.037720442,0,16.4621067,0,0,2.06133937835693,0.331867218017578,1.65224504470825,13.8959131240845,60.0652618408203,0,0,4.89886093139648,0.860953629016876,
285,0,56.58176041,0,0,0,25.73620796,0,2.353952646,0,2.037775993,0,16.46425247,0,0,2.06167531013489,0.331904798746109,1.65270948410034,13.8980979919434,60.0894889831543,0,0,4.8999228477478,0.861103594303131,
286,0,56.59064102,0,0,0,25.74027443,0,2.354120255,0,2.037820339,0,16.4659729,0,0,2.06201481819153,0.331942856311798,1.65316486358643,13.9002437591553,60.113655090332,0,0,4.90097045898438,0.861254334449768,
287,0,56.59729767,0,0,0,25.74330902,0,2.354245663,0,2.037853718,0,16.46726036,0,0,2.06233310699463,0.331978350877762,1.65361142158508,13.90234375,60.1377563476563,0,0,4.90199041366577,0.86139714717865,
288,0,56.6061821,0,0,0,25.74738121,0,2.354413509,0,2.037897825,0,16.46898079,0,0,2.06263661384583,0.332012116909027,1.6540492773056,13.9043979644775,60.1617965698242,0,0,4.90298461914063,0.861533999443054,
289,0,56.61506271,0,0,0,25.75144386,0,2.35457921,0,2.03794241,0,16.4706955,0,0,2.06294178962708,0.332046180963516,1.65447843074799,13.9064130783081,60.1857757568359,0,0,4.9039626121521,0.861670732498169,
290,0,56.62394333,0,0,0,25.75551796,0,2.35474658,0,2.037986755,0,16.47241402,0,0,2.06324791908264,0.33208042383194,1.65489900112152,13.9083919525146,60.2096939086914,0,0,4.90492582321167,0.861807286739349,
291,0,56.63059998,0,0,0,25.75855446,0,2.354872227,0,2.038019896,0,16.47370148,0,0,2.06354308128357,0.332113355398178,1.65531146526337,13.9103307723999,60.2335472106934,0,0,4.90586757659912,0.861939549446106,
292,0,56.63948441,0,0,0,25.76262093,0,2.355037451,0,2.038064241,0,16.47541618,0,0,2.06383061408997,0.332145422697067,1.65571582317352,13.9122285842896,60.2573394775391,0,0,4.90678930282593,0.862068474292755,
293,0,56.64614105,0,0,0,25.76567078,0,2.355163097,0,2.038097382,0,16.47670555,0,0,2.06411266326904,0.332176923751831,1.65611219406128,13.9140901565552,60.2810707092285,0,0,4.90769338607788,0.862194955348969,
294,0,56.65501785,0,0,0,25.76973534,0,2.355330706,0,2.038141727,0,16.47842216,0,0,2.06439113616943,0.332208007574081,1.65650069713593,13.9159145355225,60.3047370910645,0,0,4.90858030319214,0.862319648265839,
295,0,56.66168213,0,0,0,25.77278519,0,2.355456591,0,2.038175106,0,16.47970963,0,0,2.06466698646545,0.33223882317543,1.65688157081604,13.9177055358887,60.3283424377441,0,0,4.90945148468018,0.862442910671234,
296,0,56.66833878,0,0,0,25.77583694,0,2.355581522,0,2.038208485,0,16.48099899,0,0,2.06492924690247,0.33226802945137,1.6572550535202,13.9194574356079,60.3518829345703,0,0,4.91030073165894,0.862560927867889,
297,0,56.67721558,0,0,0,25.77990341,0,2.355746984,0,2.038252831,0,16.48271561,0,0,2.06519412994385,0.332297593355179,1.65762114524841,13.9211769104004,60.3753623962402,0,0,4.91113710403442,0.862679302692413,
298,0,56.68387222,0,0,0,25.78294754,0,2.355872393,0,2.038285971,0,16.48400116,0,0,2.0654604434967,0.332327395677567,1.65797996520996,13.9228658676147,60.3987770080566,0,0,4.91196155548096,0.862797737121582,
299,0,56.69053268,0,0,0,25.78599739,0,2.355998039,0,2.038319111,0,16.48528862,0,0,2.0657160282135,0.332355946302414,1.658331990242,13.924521446228,60.4221305847168,0,0,4.91276788711548,0.862912058830261,
