"Time Step","Softwood Merchantable","Hardwood Merchantable","Softwood Submerchantable","Hardwood Submerchantable","Softwood Other","Hardwood Other","Softwood Foliage","Hardwood Foliage","Softwood Fine Roots","Hardwood Fine Roots","Softwood Coarse Roots","Hardwood Coarse Roots","Aboveground Very Fast DOM","Belowground Very Fast DOM","Aboveground Fast DOM","Belowground Fast DOM","Medium DOM","Aboveground Slow DOM","Belowground Slow DOM","Softwood Stem Snag","Softwood Branch Snag","Hardwood Stem Snag","Hardwood Branch Snag",
0,6.489793304e-4,0,0,0,0.5591911077,0,0.484208405,0,0.09647928178,0,0.1352995038,0,6.54019784927368,0.845477759838104,22.8965892791748,6.82325506210327,12.2829456329346,22.576416015625,75.0015335083008,1.91115577763412e-6,0.00259879184886813,0,0,
1,0.004001094028,0,0,0,1.462456107,0,0.7674403191,0,0.20108656590000001,0,0.2948386669,0,4.36682653427124,0.454253345727921,19.6954936981201,5.86278629302979,11.8314552307129,23.1456813812256,75.1312103271484,1.55098296090728e-5,0.0115694086998701,0,0,
2,0.01159394532,0,0,0,2.457046986,0,0.9982472658,0,0.3037531376,0,0.46589607,0,2.99333524703979,0.272173792123795,16.972505569458,5.03919696807861,11.3965616226196,23.4943141937256,75.209846496582,6.0662849136861e-5,0.0278937574476004,0,0,
3,0.0246610567,0,0,0,3.493845701,0,1.198294163,0,0.4021613002,0,0.6449684501,0,2.13787460327148,0.195957884192467,14.6626329421997,4.33326578140259,10.9776544570923,23.6880912780762,75.2572784423828,1.6440845502074e-4,0.0509903393685818,0,0,
4,0.0442786999,0,0,0,4.549095154,0,1.376928806,0,0.4954058826,0,0.830001235,0,1.61742603778839,0.172815233469009,12.7090358734131,3.72845935821533,10.5741491317749,23.772289276123,75.2844390869141,3.592406574171e-4,0.0800340473651886,0,0,
5,0.0714173466,0,0,0,5.608489037,0,1.539328098,0,0.5831582546,0,1.019511819,0,1.31296169757843,0.175796657800674,11.062313079834,3.21056032180786,10.1854810714722,23.7784538269043,75.2976303100586,6.820629350841e-4,0.11415771394968,0,0,
6,0.1069671735,0,0,0,6.662389278,0,1.68876195,0,0.6653793454,0,1.212323189,0,1.14706683158875,0.191166058182716,9.67963790893555,2.76734519004822,9.81110954284668,23.7288627624512,75.300666809082,0.00117342069279402,0.152524679899216,0,0,
7,0.1517525464,0,0,0,7.703845501,0,1.82747364,0,0.7421882749,0,1.407453775,0,1.06942617893219,0.211943969130516,8.52392673492432,2.38830494880676,9.45051383972168,23.639476776123,75.296012878418,0.0018768897280097,0.194357961416245,0,0,
8,0.2065409571,0,0,0,8.727617264,0,1.9570925239999999,0,0.8137931824,0,1.604064465,0,1.04738032817841,0.234607338905334,7.56309604644775,2.06440496444702,9.10319423675537,23.5219020843506,75.2853622436523,0.00283856363967061,0.238950908184052,0,0,
9,0.2720485628,0,0,0,9.729634285,0,2.078852892,0,0.8804512024,0,1.801427841,0,1.05977439880371,0.257402330636978,6.76940011978149,1.78787803649902,8.7686710357666,23.3847026824951,75.2699508666992,0.00410661054775119,0.28566911816597,0,0,
10,0.3489437401,0,0,0,10.70666504,0,2.193720102,0,0.9424436688,0,1.998907328,0,1.09294652938843,0.279480844736099,6.11885023117065,1.55204689502716,8.44648361206055,23.2342910766602,75.250732421875,0.00573087809607387,0.333947956562042,0,0,
11,0.4378493726,0,0,0,11.6561079,0,2.302468777,0,1.000060797,0,2.195945978,0,1.13811361789703,0.30045810341835,5.59071350097656,1.35117053985596,8.13618850708008,23.0755290985107,75.2284774780273,0.00776253268122673,0.383287996053696,0,0,
12,0.5393439531,0,0,0,12.57584953,0,2.405733109,0,1.053592086,0,2.392053604,0,1.18966484069824,0.32018569111824,5.16707229614258,1.18031322956085,7.83736133575439,22.9121417999268,75.2037887573242,0.0102537330240011,0.4332495033741,0,0,
13,0.6539623737,0,0,0,13.46416855,0,2.504042149,0,1.103319764,0,2.586802959,0,1.2440505027771,0.338634699583054,4.83244562149048,1.03523135185242,7.54959583282471,22.7470016479492,75.1771621704102,0.0132573172450066,0.483446836471558,0,0,
14,0.7821959257,0,0,0,14.31965733,0,2.59784174,0,1.149514914,0,2.779817581,0,1.29905641078949,0.355835556983948,4.57345819473267,0.912276446819305,7.27250051498413,22.5823421478271,75.1490325927734,0.0168265178799629,0.533542811870575,0,0,
15,0.92449224,0,0,0,15.14117432,0,2.687514544,0,1.192435026,0,2.970771074,0,1.35333132743835,0.371846705675125,4.37855625152588,0.808311522006989,7.00570011138916,22.4198970794678,75.1197357177734,0.0210146810859442,0.583243548870087,0,0,
16,1.081254601,0,0,0,15.92780399,0,2.773390532,0,1.232323289,0,3.159380913,0,1.40607976913452,0.386738866567612,4.23776197433472,0.720639407634735,6.74883556365967,22.2610111236572,75.0895767211914,0.0258750002831221,0.632293701171875,0,0,
17,1.252841711,0,0,0,16.67882156,0,2.855757952,0,1.269407392,0,3.345400333,0,1.4568612575531,0.400586187839508,4.14245843887329,0.646941125392914,6.50156259536743,22.1067180633545,75.0587997436523,0.0314602665603161,0.680471837520599,0,0,
18,1.439566612,0,0,0,17.39367104,0,2.934870005,0,1.303899646,0,3.528620243,0,1.50546038150787,0.413462370634079,4.08520698547363,0.585222661495209,6.26355123519897,21.9578018188477,75.0276260375977,0.0378226153552532,0.727587044239044,0,0,
19,1.641696095,0,0,0,18.07194901,0,3.010951281,0,1.335997581,0,3.708862782,0,1.55180323123932,0.425438284873962,4.05958795547485,0.53376966714859,6.03448438644409,21.8148422241211,74.996208190918,0.0450133047997952,0.773474931716919,0,0,
20,1.859449863,0,0,0,18.71337891,0,3.084202051,0,1.365884185,0,3.885976791,0,1.59590148925781,0.436580955982208,4.06006193161011,0.49110808968544,5.81405925750732,21.6782569885254,74.9647064208984,0.053082462400198,0.817994952201843,0,0,
21,2.092999935,0,0,0,19.31781197,0,3.15480113,0,1.393728852,0,4.059836864,0,1.63781881332397,0.446953177452087,4.08185291290283,0.455970674753189,5.60198497772217,21.5483264923096,74.9332580566406,0.0620788745582104,0.861027479171753,0,0,
22,2.342469692,0,0,0,19.88520622,0,3.222910404,0,1.419688463,0,4.230341911,0,1.67764759063721,0.456613540649414,4.12084436416626,0.427267849445343,5.39798355102539,21.4252166748047,74.9019470214844,0.0720497816801071,0.902471721172333,0,0,
23,2.607933044,0,0,0,20.41562271,0,3.288675785,0,1.443906426,0,4.397408962,0,1.71549463272095,0.465616226196289,4.17349100112915,0.404062926769257,5.2017879486084,21.3090000152588,74.8708648681641,0.08304063975811,0.942243218421936,0,0,
24,2.889414787,0,0,0,20.90921593,0,3.352230787,0,1.466516018,0,4.560975552,0,1.75147235393524,0.474011391401291,4.23674297332764,0.385550737380981,5.01314306259155,21.1996765136719,74.840087890625,0.0950949341058731,0.980272352695465,0,0,
25,3.186888695,0,0,0,21.36623001,0,3.413696051,0,1.487639427,0,4.720993996,0,1.78569352626801,0.481845408678055,4.30797863006592,0.371039122343063,4.83180379867554,21.0971794128418,74.8096694946289,0.108253978192806,1.01650297641754,0,0,
26,3.500278711,0,0,0,21.78698921,0,3.473183155,0,1.507389069,0,4.877431393,0,1.81826770305634,0.489160895347595,4.38494825363159,0.359933286905289,4.65753555297852,21.0013961791992,74.7796630859375,0.122556746006012,1.05089056491852,0,0,
27,3.82945776,0,0,0,22.17189789,0,3.530793905,0,1.525868177,0,5.030268669,0,1.84930002689362,0.495997220277786,4.46572542190552,0.351722031831741,4.49011421203613,20.9121646881104,74.7500991821289,0.138039633631706,1.08340108394623,0,0,
28,4.174248695,0,0,0,22.52143097,0,3.586622477,0,1.543172002,0,5.179499626,0,1.87888872623444,0.502390444278717,4.5486626625061,0.345966190099716,4.32932376861572,20.8292922973633,74.7210311889648,0.154736384749413,1.11401057243347,0,0,
29,4.534422874,0,0,0,22.83613205,0,3.640755415,0,1.559387684,0,5.32512331,0,1.90712654590607,0.508373856544495,4.63235664367676,0.342288464307785,4.17495822906494,20.7525615692139,74.6924667358398,0.17267781496047999,1.14270341396332,0,0,
30,4.909702778,0,0,0,23.1166172,0,3.693273783,0,1.574595571,0,5.467154503,0,1.93410003185272,0.513978004455566,4.71561574935913,0.340364873409271,4.02681970596313,20.681734085083,74.664436340332,0.191891744732857,1.16947209835052,0,0,
31,5.299760342,0,0,0,23.36355591,0,3.744251728,0,1.588869333,0,5.605610847,0,1.9598890542984,0.519231081008911,4.79743194580078,0.339917212724686,3.8847188949585,20.616548538208,74.6369476318359,0.212402805685997,1.19431626796722,0,0,
32,5.704219818,0,0,0,23.5776825,0,3.793759108,0,1.602276802,0,5.74052,0,1.98456764221191,0.524158775806427,4.87695789337158,0.34070673584938,3.74847340583801,20.5567417144775,74.6100158691406,0.234232351183891,1.21724188327789,0,0,
33,6.122656822,0,0,0,23.75978661,0,3.84186101,0,1.614880323,0,5.871914864,0,2.0082049369812,0.528784871101379,4.95348596572876,0.342528641223907,3.61790895462036,20.5020351409912,74.5836639404297,0.257398337125778,1.23826134204865,0,0,
34,6.554601669,0,0,0,23.91070557,0,3.888617754,0,1.626737118,0,5.999834061,0,2.03086400032043,0.533131182193756,5.02643156051636,0.345207303762436,3.49285769462585,20.4521465301514,74.5578765869141,0.281915098428726,1.25739252567291,0,0,
35,6.999538422,0,0,0,24.03133583,0,3.934086323,0,1.637899876,0,6.124320984,0,2.05260419845581,0.537217795848846,5.09531497955322,0.348592221736908,3.3731586933136,20.4067916870117,74.5326614379883,0.307793468236923,1.27465856075287,0,0,
36,7.456908226,0,0,0,24.12261009,0,3.978319645,0,1.648417354,0,6.24542284,0,2.07347989082336,0.541063249111176,5.15975189208984,0.352554500102997,3.25865721702576,20.3656883239746,74.5080261230469,0.335040509700775,1.2900869846344,0,0,
37,7.926110268,0,0,0,24.18551064,0,4.021368027,0,1.658333898,0,6.363189697,0,2.09354114532471,0.54468435049057,5.21943855285645,0.356983870267868,3.14920425415039,20.3285541534424,74.4839630126953,0.363659530878067,1.30370986461639,0,0,
38,8.406504631,0,0,0,24.2210598,0,4.063278675,0,1.667690754,0,6.477675915,0,2.11283493041992,0.548096835613251,5.27414321899414,0.361786037683487,3.04465675354004,20.2951107025146,74.4604721069336,0.393650025129318,1.31556344032288,0,0,
39,8.897413254,0,0,0,24.23031425,0,4.104095459,0,1.67652595,0,6.588938713,0,2.13140463829041,0.551315069198608,5.32369756698608,0.366880476474762,2.9448766708374,20.2650852203369,74.4375381469727,0.425007611513138,1.32568752765656,0,0,
40,9.398125648,0,0,0,24.21436691,0,4.14386034,0,1.684874654,0,6.697036743,0,2.14929008483887,0.554352343082428,5.36798858642578,0.372198551893234,2.84973073005676,20.2382106781006,74.415168762207,0.457724094390869,1.33412563800812,0,0,
41,9.907895088,0,0,0,24.17433548,0,4.182612896,0,1.692768335,0,6.802026749,0,2.16652894020081,0.557220876216888,5.40695142745972,0.377681761980057,2.75909066200256,20.214225769043,74.3933486938477,0.491787314414978,1.3409241437912,0,0,
42,10.4259491,0,0,0,24.1113739,0,4.220390797,0,1.700237632,0,6.90397501,0,2.18315529823303,0.559931874275208,5.44056510925293,0.383280396461487,2.67283225059509,20.1928749084473,74.3720703125,0.527181267738342,1.34613263607025,0,0,
43,10.95148563,0,0,0,24.02664948,0,4.257229328,0,1.707309604,0,7.002942085,0,2.1992015838623,0.562495827674866,5.46884536743164,0.388952344655991,2.59083533287048,20.1739196777344,74.3513259887695,0.563886284828186,1.34980344772339,0,0,
44,11.48368168,0,0,0,23.92135429,0,4.293161392,0,1.714009881,0,7.098989964,0,2.21469783782959,0.564922273159027,5.49184226989746,0.394661903381348,2.51298403739929,20.1571197509766,74.3311004638672,0.601878583431244,1.35199117660522,0,0,
45,12.02169323,0,0,0,23.79669762,0,4.328219891,0,1.720361948,0,7.192186356,0,2.22967195510864,0.567220151424408,5.50963354110718,0.400379002094269,2.43916535377502,20.1422538757324,74.311393737793,0.641130805015564,1.35275256633759,0,0,
46,12.56465912,0,0,0,23.65389442,0,4.36243391,0,1.726387262,0,7.28259182,0,2.24415016174316,0.569397568702698,5.52232313156128,0.406078308820724,2.36926984786987,20.1291065216064,74.2921905517578,0.681612014770508,1.35214650630951,0,0,
47,13.11170483,0,0,0,23.49417496,0,4.395833492,0,1.732106566,0,7.370274067,0,2.25815629959106,0.571462213993073,5.53003787994385,0.411738663911819,2.30319118499756,20.1174716949463,74.2734756469727,0.723287522792816,1.3502335548400899,0,0,
48,13.66194439,0,0,0,23.31877136,0,4.428445339,0,1.737538218,0,7.455295563,0,2.27171349525452,0.573421061038971,5.53292465209961,0.417342454195023,2.24082612991333,20.1071548461914,74.2552261352539,0.766119360923767,1.34707581996918,0,0,
49,14.21448994,0,0,0,23.12891388,0,4.4602952,0,1.742699504,0,7.537721634,0,2.28484272956848,0.575280666351318,5.53114557266235,0.422875076532364,2.18207383155823,20.097972869873,74.2374496459961,0.810066103935242,1.34273684024811,0,0,
50,14.76844501,0,0,0,22.92583275,0,4.491408825,0,1.747606993,0,7.617614746,0,2.2975640296936,0.577047049999237,5.52487945556641,0.428324520587921,2.1268355846405,20.0897483825684,74.2201232910156,0.855083227157593,1.33728098869324,0,0,
51,15.62453461,0,0,0,21.10813332,0,5.767286777,0,1.751579165,0,7.683410645,0,2.3708713054657,0.578669130802155,5.49361705780029,0.433631122112274,2.07501530647278,20.0875225067139,74.203254699707,0.902011334896088,1.32332539558411,0,0,
52,16.09665489,0,0,0,20.81489754,0,5.718302727,0,1.753204346,0,7.710622787,0,2.47950434684753,0.579950332641602,5.43876647949219,0.43858876824379,2.02654647827148,20.0938491821289,74.1868286132813,0.950514197349548,1.30184078216553,0,0,
53,16.56764984,0,0,0,20.53536415,0,5.673700333,0,1.755029798,0,7.741400719,0,2.5462749004364,0.580883085727692,5.3826756477356,0.443096250295639,1.98135423660278,20.1045303344727,74.1707916259766,0.999379515647888,1.28120636940002,0,0,
54,17.0375576,0,0,0,20.26845551,0,5.633077621,0,1.757033706,0,7.775444508,0,2.58613610267639,0.581669628620148,5.32596015930176,0.447246432304382,1.93932914733887,20.116907119751,74.1551284790039,1.04858255386353,1.26140534877777,0,0,
55,17.50641823,0,0,0,20.01321793,0,5.596087456,0,1.75919652,0,7.812494278,0,2.60881948471069,0.582409203052521,5.26912069320679,0.451116621494293,1.90036559104919,20.1293182373047,74.1398162841797,1.09810030460358,1.24241459369659,0,0,
56,17.97426987,0,0,0,19.76878166,0,5.56241703,0,1.761500478,0,7.852313042,0,2.62064838409424,0.583149433135986,5.21255874633789,0.454771101474762,1.8643604516983,20.1407623291016,74.1248550415039,1.14791107177734,1.22420585155487,0,0,
57,18.44114113,0,0,0,19.53438568,0,5.53178978,0,1.763929486,0,7.894695282,0,2.62572312355042,0.583911597728729,5.15659332275391,0.458263248205185,1.83121418952942,20.1506538391113,74.110221862793,1.19799435138702,1.2067483663559,0,0,
58,18.90477371,0,0,0,19.31040573,0,5.504084587,0,1.76645577,0,7.939221382,0,2.62669944763184,0.584703147411346,5.10148906707764,0.461636126041412,1.80083000659943,20.1586799621582,74.0959014892578,1.2483241558075,1.19001424312592,0,0,
59,19.36750031,0,0,0,19.09503746,0,5.478926182,0,1.769078016,0,7.985926628,0,2.62528562545776,0.585525333881378,5.04744958877563,0.464925110340118,1.77311396598816,20.1647071838379,74.081901550293,1.29887592792511,1.17397379875183,0,0,
60,19.8293457,0,0,0,18.8877182,0,5.456115246,0,1.771784663,0,8.034661293,0,2.62256836891174,0.586377799510956,4.99461793899536,0.468160152435303,1.7479749917984,20.1687126159668,74.0681915283203,1.34963345527649,1.15859091281891,0,0,
61,20.28577805,0,0,0,18.68986893,0,5.435667992,0,1.774536729,0,8.084774971,0,2.61924386024475,0.587256193161011,4.94312000274658,0.471363455057144,1.72532451152802,20.1707344055176,74.0547790527344,1.40056788921356,1.14383959770203,0,0,
62,20.74139977,0,0,0,18.49893761,0,5.417191029,0,1.777350783,0,8.136620522,0,2.61574649810791,0.588156640529633,4.89304685592651,0.474552899599075,1.70507669448853,20.170862197876,74.0416488647461,1.45165228843689,1.12969291210175,0,0,
63,21.19395828,0,0,0,18.31541443,0,5.400619507,0,1.780204296,0,8.189813614,0,2.61233615875244,0.589076519012451,4.84444665908813,0.477743655443192,1.68714773654938,20.1692066192627,74.0287857055664,1.50286757946014,1.11611843109131,0,0,
64,21.64575768,0,0,0,18.13794136,0,5.385730743,0,1.78310287,0,8.244510651,0,2.60916781425476,0.590013086795807,4.79734706878662,0.48094779253006,1.67145645618439,20.1658897399902,74.0161895751953,1.55419600009918,1.10308516025543,0,0,
65,22.09228706,0,0,0,17.96787262,0,5.372533798,0,1.7860100269999999,0,8.300047874,0,2.60632848739624,0.590962648391724,4.75176620483398,0.484173446893692,1.65792405605316,20.1610374450684,74.0038528442383,1.60561418533325,1.09056735038757,0,0,
66,22.53585052,0,0,0,17.80389595,0,5.360823154,0,1.788933396,0,8.356593132,0,2.60386276245117,0.591920793056488,4.70771598815918,0.487425565719604,1.64647400379181,20.1547794342041,73.9917678833008,1.65709340572357,1.07854330539703,0,0,
67,22.97647667,0,0,0,17.6456604,0,5.350488186,0,1.791866779,0,8.414056778,0,2.60178399085999,0.592885434627533,4.66518354415894,0.490708649158478,1.63703167438507,20.1472415924072,73.9799270629883,1.70861327648163,1.06698727607727,0,0,
68,23.41419029,0,0,0,17.49283218,0,5.341422081,0,1.79480505,0,8.472349167,0,2.60008955001831,0.593854546546936,4.62414646148682,0.494025826454163,1.62952435016632,20.1385459899902,73.9683227539063,1.7601546049118,1.05587458610535,0,0,
69,23.84901619,0,0,0,17.34509659,0,5.333532333,0,1.797743201,0,8.531394958,0,2.5987663269043,0.594826400279999,4.58457374572754,0.497379124164581,1.62388169765472,20.1288089752197,73.9569473266602,1.81169903278351,1.04518163204193,0,0,
70,24.2787323,0,0,0,17.20290565,0,5.326766014,0,1.800661683,0,8.590803146,0,2.59779667854309,0.595797955989838,4.54643678665161,0.50076824426651,1.62003529071808,20.1181449890137,73.9457931518555,1.8632230758667,1.03488910198212,0,0,
71,24.7056179,0,0,0,17.06523132,0,5.321001053,0,1.803572297,0,8.650817871,0,2.59715914726257,0.59676718711853,4.50970125198364,0.504192292690277,1.61791837215424,20.1066551208496,73.9348678588867,1.91470432281494,1.02497851848602,0,0,
72,25.12745094,0,0,0,16.93252754,0,5.316188812,0,1.806456208,0,8.711052895,0,2.59683084487915,0.597732424736023,4.47432851791382,0.507649838924408,1.61746621131897,20.0944404602051,73.9241561889648,1.96612167358398,1.01543140411377,0,0,
73,25.54650116,0,0,0,16.80384254,0,5.312233925,0,1.809325576,0,8.771766663,0,2.59678912162781,0.598692238330841,4.4402756690979,0.511139214038849,1.61861550807953,20.0815906524658,73.9136581420898,2.01745510101318,1.0062301158905,0,0,
74,25.96055031,0,0,0,16.67963982,0,5.309092522,0,1.812163115,0,8.832576752,0,2.59701180458069,0.599645495414734,4.40749883651733,0.514658391475677,1.62130486965179,20.0681953430176,73.9033737182617,2.06868624687195,0.997357666492462,0,0,
75,26.37186241,0,0,0,16.55903625,0,5.306684494,0,1.81498158,0,8.893762589,0,2.59747767448425,0.60059130191803,4.37595272064209,0.518205225467682,1.6254744529724101,20.0543365478516,73.8932876586914,2.11979699134827,0.988797783851624,0,0,
76,26.78045082,0,0,0,16.44185638,0,5.304964066,0,1.817779183,0,8.955274582,0,2.59816789627075,0.601530015468597,4.34558343887329,0.52177882194519,1.63106620311737,20.0400886535645,73.8833999633789,2.17077732086182,0.980532109737396,0,0,
77,27.18188286,0,0,0,16.32917786,0,5.303891659,0,1.820524216,0,9.016395569,0,2.59906268119812,0.602459192276001,4.31635236740112,0.525375068187714,1.638023853302,20.0255222320557,73.8737182617188,2.22160458564758,0.972549319267273,0,0,
78,27.58063507,0,0,0,16.21955299,0,5.303403378,0,1.823245168,0,9.077752113,0,2.60014319419861,0.603377223014832,4.28821992874146,0.528990149497986,1.64629232883453,20.0107040405273,73.8642272949219,2.27225756645203,0.964838325977325,0,0,
79,27.97450447,0,0,0,16.11345291,0,5.303461552,0,1.825926304,0,9.138969421,0,2.60139417648315,0.604284346103668,4.26113986968994,0.532621800899506,1.65581834316254,19.9956912994385,73.8549270629883,2.32272267341614,0.957385241985321,0,0,
80,28.3657341,0,0,0,16.01011276,0,5.304023743,0,1.828581452,0,9.200349808,0,2.60280108451843,0.605180680751801,4.23506689071655,0.536267817020416,1.66654968261719,19.9805431365967,73.8458023071289,2.37298703193665,0.950177073478699,0,0,
81,28.74990082,0,0,0,15.91056633,0,5.305045128,0,1.831180215,0,9.261163712,0,2.6043484210968,0.606064796447754,4.20996236801147,0.539924383163452,1.67843592166901,19.965311050415,73.8368682861328,2.42303228378296,0.943204343318939,0,0,
82,29.13145828,0,0,0,15.81351089,0,5.306499958,0,1.833751917,0,9.32207489,0,2.60602259635925,0.606935739517212,4.18578958511353,0.543588042259216,1.69142782688141,19.9500465393066,73.8281173706055,2.47284078598022,0.936457753181458,0,0,
83,29.50821495,0,0,0,15.7193985,0,5.308347702,0,1.836280942,0,9.382702827,0,2.60781264305115,0.607794523239136,4.16250514984131,0.547257006168365,1.70547747612,19.93479347229,73.8195495605469,2.52240228652954,0.929925620555878,0,0,
84,29.8823967,0,0,0,15.62755489,0,5.310571671,0,1.83878231,0,9.443374634,0,2.60970902442932,0.60864120721817,4.14006853103638,0.550929486751556,1.72053825855255,19.9195919036865,73.811149597168,2.5717077255249,0.923596978187561,0,0,
85,30.24959373,0,0,0,15.53896427,0,5.31311512,0,1.841225982,0,9.50334549,0,2.61169981956482,0.609474897384644,4.1184458732605,0.554602146148682,1.73656535148621,19.9044799804688,73.8029327392578,2.62074112892151,0.917464256286621,0,0,
86,30.61204338,0,0,0,15.45295334,0,5.315961838,0,1.843626857,0,9.56294632,0,2.61377263069153,0.610293686389923,4.09760999679565,0.558270335197449,1.75351464748383,19.8894920349121,73.7948837280273,2.66948199272156,0.911522567272186,0,0,
87,30.97196388,0,0,0,15.36891079,0,5.319106102,0,1.845999599,0,9.622516632,0,2.61592102050781,0.611099183559418,4.07752275466919,0.561933040618896,1.77134335041046,19.8746604919434,73.7870101928711,2.7179231643676798,0.905761897563934,0,0,
88,31.3271637,0,0,0,15.28726864,0,5.322506905,0,1.848329544,0,9.681671143,0,2.61813831329346,0.61189216375351,4.05814933776855,0.565589129924774,1.79000985622406,19.8600177764893,73.7793045043945,2.76605820655823,0.900172889232636,0,0,
89,31.67765999,0,0,0,15.20793343,0,5.326145172,0,1.850617051,0,9.74038887,0,2.62041592597961,0.612671732902527,4.03946018218994,0.569235801696777,1.80947387218475,19.8455867767334,73.7717590332031,2.81387495994568,0.894749402999878,0,0,
90,32.0234642,0,0,0,15.13081455,0,5.329995632,0,1.852862358,0,9.798645973,0,2.62274646759033,0.613437712192535,4.02142763137817,0.572870552539825,1.82969641685486,19.831392288208,73.7643814086914,2.8613615036010702,0.889485359191895,0,0,
91,32.36459732,0,0,0,15.05583382,0,5.334041595,0,1.855065703,0,9.856427193,0,2.62512230873108,0.614189863204956,4.00402450561523,0.576490998268127,1.85063934326172,19.8174571990967,73.7571716308594,2.9085066318512,0.884374856948853,0,0,
92,32.70106125,0,0,0,14.98291779,0,5.338263512,0,1.857227445,0,9.913710594,0,2.62753748893738,0.614928066730499,3.98722553253174,0.580094993114471,1.87226557731628,19.8038024902344,73.7501220703125,2.95529961585999,0.879412412643433,0,0,
93,33.03288269,0,0,0,14.91198444,0,5.342643738,0,1.859348059,0,9.970479012,0,2.62998628616333,0.615652561187744,3.97100591659546,0.58368057012558,1.8945392370224,19.7904453277588,73.7432403564453,3.00173091888428,0.874592661857605,0,0,
94,33.36006546,0,0,0,14.84296608,0,5.347167969,0,1.861428022,0,10.02671623,0,2.63246273994446,0.616363406181335,3.95534205436707,0.587245762348175,1.91742539405823,19.7774028778076,73.7365112304688,3.04779100418091,0.869910359382629,0,0,
95,33.68481827,0,0,0,14.77536106,0,5.351853848,0,1.863481402,0,10.08278942,0,2.63496541976929,0.617061793804169,3.94020700454712,0.590790510177612,1.94089007377625,19.7646884918213,73.7299423217773,3.09347748756409,0.865358531475067,0,0,
96,34.00276947,0,0,0,14.70999241,0,5.356620789,0,1.865481138,0,10.13792133,0,2.63748908042908,0.61774730682373,3.92557978630066,0.594312965869904,1.96490049362183,19.7523155212402,73.7235336303711,3.13878202438354,0.860932767391205,0,0,
97,34.31831741,0,0,0,14.64592648,0,5.361525059,0,1.867455125,0,10.19286633,0,2.64002871513367,0.618419766426086,3.91144061088562,0.59781140089035,1.98942470550537,19.7402973175049,73.7172775268555,3.18369650840759,0.856628954410553,0,0,
98,34.62707901,0,0,0,14.58397865,0,5.366485596,0,1.869376302,0,10.24683857,0,2.64257979393005,0.619079291820526,3.89777016639709,0.601284205913544,2.0144319534301798,19.7286396026611,73.7111740112305,3.22821307182312,0.852442979812622,0,0,
99,34.93345261,0,0,0,14.52323055,0,5.371558189,0,1.871272922,0,10.30059719,0,2.64513850212097,0.619725823402405,3.88454985618591,0.604729890823364,2.03989195823669,19.7173538208008,73.7052307128906,3.27232480049133,0.848371088504791,0,0,
100,35.23526382,0,0,0,14.46407032,0,5.376700878,0,1.873131394,0,10.35374832,0,2.64770483970642,0.620360732078552,3.87175846099854,0.608148753643036,2.06577610969543,19.706449508667,73.6994323730469,3.31603097915649,0.844407498836517,0,0,
101,35.53251266,0,0,0,14.40644264,0,5.381900787,0,1.874952316,0,10.40627766,0,2.6502742767334,0.62098354101181,3.85938000679016,0.611539363861084,2.0920557975769,19.6959285736084,73.6937942504883,3.35932540893555,0.840549051761627,0,0,
102,35.82521439,0,0,0,14.35030842,0,5.387149811,0,1.876735926,0,10.45817757,0,2.6528434753418,0.621594071388245,3.84739828109741,0.614900231361389,2.11870408058167,19.6858005523682,73.6883010864258,3.4022011756897,0.836792647838593,0,0,
103,36.11338043,0,0,0,14.2956295,0,5.392438889,0,1.878483415,0,10.50943851,0,2.65540885925293,0.622192323207855,3.83579921722412,0.618230164051056,2.14569449424744,19.6760673522949,73.6829528808594,3.44465279579163,0.833135366439819,0,0,
104,36.3970108,0,0,0,14.24236393,0,5.397757053,0,1.880194545,0,10.56004906,0,2.65796756744385,0.622778475284576,3.82456851005554,0.621528029441834,2.1730012893676798,19.6667308807373,73.6777648925781,3.48667478561401,0.829574227333069,0,0,
105,36.6761322,0,0,0,14.19046783,0,5.40309906,0,1.881870508,0,10.61000347,0,2.66051697731018,0.623352646827698,3.81369280815125,0.624792695045471,2.20059967041016,19.6577968597412,73.672721862793,3.52826142311096,0.826106429100037,0,0,
106,36.95291519,0,0,0,14.13950634,0,5.408499241,0,1.883524179,0,10.65968132,0,2.6630585193634,0.623916029930115,3.80315566062927,0.628024816513062,2.22846531867981,19.6492652893066,73.6678237915039,3.5694146156311,0.822727501392365,0,0,
107,37.22519684,0,0,0,14.08984756,0,5.413907528,0,1.885143161,0,10.70868397,0,2.66559195518494,0.624469339847565,3.79294180870056,0.631224870681763,2.25657534599304,19.6411361694336,73.6630783081055,3.61013579368591,0.819433271884918,0,0,
108,37.49080276,0,0,0,14.04185677,0,5.41927433,0,1.886715174,0,10.75661469,0,2.66811013221741,0.625010788440704,3.78304386138916,0.634389996528625,2.28490710258484,19.6334114074707,73.6584777832031,3.65041351318359,0.816223740577698,0,0,
109,37.7541008,0,0,0,13.99470806,0,5.42468071,0,1.888266325,0,10.80424786,0,2.6706109046936,0.625540733337402,3.77345085144043,0.637519121170044,2.31343913078308,19.6260890960693,73.6540222167969,3.69024324417114,0.813096761703491,0,0,
110,38.01509094,0,0,0,13.94838905,0,5.430122852,0,1.889796972,0,10.85158253,0,2.67309951782227,0.62606143951416,3.7641453742981,0.640614807605743,2.34214997291565,19.6191692352295,73.6497116088867,3.72963356971741,0.810046494007111,0,0,
111,38.26943588,0,0,0,13.90363884,0,5.435503483,0,1.891281962,0,10.89782333,0,2.67557239532471,0.626572012901306,3.75511884689331,0.643675744533539,2.37101984024048,19.6126499176025,73.6455383300781,3.76858043670654,0.807071626186371,0,0,
112,38.52148438,0,0,0,13.85966587,0,5.440908432,0,1.892747045,0,10.943750380000001,0,2.67802619934082,0.627072095870972,3.74636292457581,0.646700859069824,2.4000289440155,19.6065273284912,73.6415100097656,3.80707931518555,0.804170727729797,0,0,
113,38.76907349,0,0,0,13.81682396,0,5.446288109,0,1.894180179,0,10.98896599,0,2.68046188354492,0.627562642097473,3.73786544799805,0.649690806865692,2.42915844917297,19.6007995605469,73.6376266479492,3.84513235092163,0.801340520381927,0,0,
114,39.01220703,0,0,0,13.77509212,0,5.451636791,0,1.895581722,0,11.03346252,0,2.68287682533264,0.628043174743652,3.72961902618408,0.652644336223602,2.45839023590088,19.5954647064209,73.6338806152344,3.88273596763611,0.798579871654511,0,0,
115,39.25090027,0,0,0,13.73443794,0,5.456949711,0,1.896951914,0,11.07723713,0,2.68526768684387,0.628513514995575,3.72161602973938,0.655560433864594,2.48770642280579,19.590518951416,73.6302795410156,3.91988635063171,0.795887589454651,0,0,
116,39.48731613,0,0,0,13.69447708,0,5.462272167,0,1.898303628,0,11.1206789,0,2.6876368522644,0.628974497318268,3.71384620666504,0.658439815044403,2.51709008216858,19.5859565734863,73.6268157958984,3.9565863609314,0.793260812759399,0,0,
117,39.71930313,0,0,0,13.6555624,0,5.467550755,0,1.899625063,0,11.16339207,0,2.68998456001282,0.629426836967468,3.70630025863647,0.661283135414124,2.54652500152588,19.5817756652832,73.6234970092773,3.99283814430237,0.790696859359741,0,0,
118,39.94684982,0,0,0,13.61766529,0,5.472781181,0,1.90091598,0,11.20536423,0,2.692307472229,0.629869818687439,3.69897246360779,0.664089143276215,2.57599544525146,19.5779705047607,73.6203079223633,4.02863836288452,0.788195073604584,0,0,
119,40.17214584,0,0,0,13.58040524,0,5.478010178,0,1.902189493,0,11.24699497,0,2.69460701942444,0.630304098129272,3.69185376167297,0.666858434677124,2.60548615455627,19.5745372772217,73.6172637939453,4.06398963928223,0.785752892494202,0,0,
120,40.39302444,0,0,0,13.54413795,0,5.483186245,0,1.903433561,0,11.28788376,0,2.6968834400177,0.630730211734772,3.68493628501892,0.6695916056633,2.6349823474884,19.5714702606201,73.6143569946289,4.0988941192627,0.783368170261383,0,0,
121,40.60948181,0,0,0,13.50882721,0,5.488302708,0,1.904648304,0,11.3280201,0,2.69913363456726,0.63114732503891,3.67821550369263,0.672287285327911,2.66447019577026,19.5687637329102,73.6115798950195,4.13334894180298,0.781040668487549,0,0,
122,40.82369995,0,0,0,13.47410965,0,5.493411064,0,1.905846477,0,11.36780453,0,2.70135807991028,0.63155609369278,3.67168378829956,0.674946069717407,2.6939363479614298,19.5664119720459,73.6089401245117,4.16735649108887,0.778768241405487,0,0,
123,41.03351212,0,0,0,13.44033527,0,5.498455048,0,1.907016039,0,11.40683556,0,2.70355725288391,0.631956934928894,3.66533398628235,0.677568316459656,2.72336769104004,19.5644092559814,73.6064376831055,4.20091915130615,0.77654892206192,0,0,
124,41.24108505,0,0,0,13.40712738,0,5.503484726,0,1.908169031,0,11.445508,0,2.70573139190674,0.632350087165833,3.65915989875793,0.680154502391815,2.75275158882141,19.5627498626709,73.6040725708008,4.23404026031494,0.774381101131439,0,0,
125,41.44426346,0,0,0,13.37481785,0,5.508443832,0,1.909294128,0,11.4834156,0,2.70788049697876,0.632735729217529,3.6531548500061,0.68270480632782,2.78207635879517,19.561429977417,73.6018371582031,4.26672172546387,0.77226310968399,0,0,
126,41.64305878,0,0,0,13.34339905,0,5.513333321,0,1.910391688,0,11.52056217,0,2.71000051498413,0.633113026618958,3.64731621742249,0.685217797756195,2.81133079528809,19.5604419708252,73.599739074707,4.29895973205566,0.770195186138153,0,0,
127,41.83961487,0,0,0,13.31251717,0,5.518200874,0,1.911473393,0,11.55734062,0,2.71209263801575,0.63348251581192,3.6416380405426,0.687693893909454,2.84050345420837,19.559778213501,73.597770690918,4.33075714111328,0.768175780773163,0,0,
128,42.03395844,0,0,0,13.28215504,0,5.523044109,0,1.912539959,0,11.59375381,0,2.71416091918945,0.633845508098602,3.63611268997192,0.69013512134552,2.86958384513855,19.5594329833984,73.5959320068359,4.36212253570557,0.766201853752136,0,0,
129,42.22391129,0,0,0,13.25264645,0,5.52780962,0,1.913579106,0,11.62939072,0,2.71620416641235,0.63420170545578,3.63073492050171,0.692541420459747,2.89856219291687,19.5594005584717,73.5942306518555,4.39305782318115,0.764272391796112,0,0,
130,42.40950012,0,0,0,13.22397137,0,5.532495022,0,1.914591908,0,11.66425323,0,2.71821737289429,0.634550154209137,3.62550282478333,0.694911122322083,2.92742872238159,19.5596733093262,73.5926513671875,4.42355871200562,0.762387931346893,0,0,
131,42.59502411,0,0,0,13.19545937,0,5.537207127,0,1.915601254,0,11.69914436,0,2.72020554542542,0.634892165660858,3.62040972709656,0.697246253490448,2.95617461204529,19.560245513916,73.5912094116211,4.4536337852478,0.760545670986176,0,0,
132,42.77402496,0,0,0,13.16810036,0,5.541779518,0,1.916572809,0,11.73285389,0,2.72216773033142,0.63522756099700906,3.61545157432556,0.699546694755554,2.98479080200195,19.5611114501953,73.5898895263672,4.48328495025635,0.758744955062866,0,0,
133,42.95082474,0,0,0,13.14121151,0,5.546319008,0,1.917529702,0,11.76618481,0,2.72409868240356,0.635555326938629,3.61062669754028,0.701810598373413,3.01326894760132,19.5622615814209,73.5886993408203,4.51250743865967,0.756986439228058,0,0,
134,43.12541199,0,0,0,13.11478233,0,5.550826073,0,1.91847229,0,11.79913521,0,2.72600293159485,0.635876834392548,3.60592913627625,0.704039871692657,3.04160118103027,19.5636901855469,73.5876312255859,4.54130983352661,0.755267560482025,0,0,
135,43.29779434,0,0,0,13.08882618,0,5.555300713,0,1.91940093,0,11.83170509,0,2.7278835773468,0.636192798614502,3.60135269165039,0.706236183643341,3.06977963447571,19.5653915405273,73.5867004394531,4.56969976425171,0.753586232662201,0,0,
136,43.46582413,0,0,0,13.0636425,0,5.559683323,0,1.920303583,0,11.8634882,0,2.72973847389221,0.636502742767334,3.59689474105835,0.708399057388306,3.09779763221741,19.5673599243164,73.5858840942383,4.59767913818359,0.751942098140717,0,0,
137,43.63165283,0,0,0,13.03890324,0,5.564027786,0,1.921192646,0,11.89488411,0,2.7315661907196,0.636806428432465,3.59255242347717,0.710528254508972,3.125648021698,19.5695858001709,73.585205078125,4.62524795532227,0.750334739685059,0,0,
138,43.79313278,0,0,0,13.01491928,0,5.56827879,0,1.922056437,0,11.92548943,0,2.73336601257324,0.637103796005249,3.58832311630249,0.712623476982117,3.15332460403442,19.5720653533936,73.5846481323242,4.65240812301636,0.748763680458069,0,0,
139,43.95241928,0,0,0,12.99137115,0,5.572491169,0,1.922906637,0,11.95570755,0,2.73513627052307,0.637394726276398,3.58420419692993,0.714684367179871,3.18082118034363,19.5747890472412,73.5842132568359,4.67916011810303,0.747228562831879,0,0,
140,44.10951614,0,0,0,12.97642517,0,5.577462196,0,1.923797607,0,11.98747826,0,2.73692584037781,0.637684524059296,3.58030462265015,0.716720879077911,3.20813155174255,19.5777587890625,73.5839004516602,4.70551252365112,0.745765447616577,0,0,
141,44.26441956,0,0,0,13.01030827,0,5.587112427,0,1.924994946,0,12.03033447,0,2.7390308380127,0.638002097606659,3.57739353179932,0.718790650367737,3.23525023460388,19.5810317993164,73.5837173461914,4.73147106170654,0.744629502296448,0,0,
142,44.41498947,0,0,0,13.04323196,0,5.5964818,0,1.926153898,0,12.07199001,0,2.74158573150635,0.638355672359467,3.57601952552795,0.720931529998779,3.26217222213745,19.5846862792969,73.5836715698242,4.75703716278076,0.743989706039429,0,0,
143,44.56551743,0,0,0,13.07613277,0,5.605838776,0,1.927308083,0,12.11363506,0,2.74441528320313,0.638724088668823,3.57598996162415,0.723128199577332,3.28889274597168,19.5887813568115,73.5837707519531,4.78221702575684,0.743760406970978,0,0,
144,44.7117157,0,0,0,13.10807228,0,5.614916325,0,1.928424478,0,12.15408039,0,2.74740600585938,0.639096438884735,3.57713317871094,0.725367665290833,3.31540727615356,19.5933589935303,73.5840225219727,4.80701684951782,0.743869960308075,0,0,
145,44.85358047,0,0,0,13.13905334,0,5.623713493,0,1.929503679,0,12.193326,0,2.7504665851593,0.639464855194092,3.5792772769928,0.727633476257324,3.34171152114868,19.5984420776367,73.5844268798828,4.83143043518066,0.744253993034363,0,0,
146,44.99541473,0,0,0,13.17001534,0,5.632502079,0,1.930578947,0,12.23256302,0,2.75355458259583,0.639827728271484,3.58228731155396,0.72991681098938,3.36780166625977,19.6040477752686,73.5849914550781,4.85546350479126,0.744863152503967,0,0,
147,45.13291931,0,0,0,13.2000246,0,5.641013622,0,1.931617498,0,12.27060127,0,2.75664186477661,0.640184640884399,3.5860424041748,0.732209980487823,3.39367341995239,19.6101856231689,73.5857086181641,4.87912225723267,0.745656073093414,0,0,
148,45.27039719,0,0,0,13.23001289,0,5.649514675,0,1.932652354,0,12.30863094,0,2.75971102714539,0.640535116195679,3.59043574333191,0.73450642824173,3.41932344436646,19.6168613433838,73.5865859985352,4.9024133682251,0.746598243713379,0,0,
149,45.40355301,0,0,0,13.25905132,0,5.657740593,0,1.933651567,0,12.34546471,0,2.76274943351746,0.640879154205322,3.59537243843079,0.73680055141449,3.44474864006042,19.6240711212158,73.5876235961914,4.92534160614014,0.7476606965065,0,0,
150,45.53453064,0,0,0,13.28760529,0,5.665823936,0,1.934631228,0,12.38169575,0,2.76574158668518,0.641215443611145,3.60076022148132,0.739084959030151,3.46994590759277,19.631814956665,73.5888214111328,4.94790601730347,0.748817145824432,0,0,
151,45.66334152,0,0,0,13.31567192,0,5.673766613,0,1.935591698,0,12.41732502,0,2.76868605613709,0.64154452085495,3.60652542114258,0.741355776786804,3.49491262435913,19.6400833129883,73.5901870727539,4.97011184692383,0.750047624111176,0,0,
152,45.78997421,0,0,0,13.34326172,0,5.681567192,0,1.936533332,0,12.45235348,0,2.77158141136169,0.64186692237854,3.61260366439819,0.74360978603363,3.51964592933655,19.6488666534424,73.5917205810547,4.99196434020996,0.751335740089417,0,0,
153,45.91444016,0,0,0,13.3703661,0,5.689229012,0,1.937456012,0,12.48678017,0,2.77442669868469,0.64218282699585,3.61893844604492,0.745844185352325,3.54414367675781,19.6581554412842,73.5934143066406,5.01346826553345,0.752667486667633,0,0,
154,46.03673935,0,0,0,13.39699554,0,5.696750164,0,1.938360333,0,12.52060795,0,2.7772216796875,0.642492413520813,3.62547993659973,0.748056650161743,3.56840372085571,19.6679401397705,73.5952682495117,5.03462839126587,0.754031181335449,0,0,
155,46.15472794,0,0,0,13.42266846,0,5.703999996,0,1.939230204,0,12.55323982,0,2.77995848655701,0.642794489860535,3.63217496871948,0.750242471694946,3.59242415428162,19.678201675415,73.597297668457,5.05544281005859,0.755415022373199,0,0,
156,46.27269363,0,0,0,13.44833755,0,5.711243629,0,1.940098047,0,12.58586693,0,2.78263902664185,0.643089711666107,3.63898634910584,0.752400279045105,3.61620330810547,19.688928604126,73.5994873046875,5.07591533660889,0.756811261177063,0,0,
157,46.38849258,0,0,0,13.47352886,0,5.718347549,0,1.940947771,0,12.61789417,0,2.78527426719666,0.643379867076874,3.64589047431946,0.754531502723694,3.63973951339722,19.7001094818115,73.6018447875977,5.09605693817139,0.758215665817261,0,0,
158,46.5021286,0,0,0,13.4982357,0,5.72531271,0,1.941779375,0,12.64932156,0,2.78786206245422,0.643664479255676,3.65285658836365,0.756634652614594,3.66303133964539,19.711727142334,73.604377746582,5.1158709526062,0.75962233543396,0,0,
159,46.61360168,0,0,0,13.52246857,0,5.732140541,0,1.942593575,0,12.68014908,0,2.79040193557739,0.64394336938858,3.65985894203186,0.758708536624908,3.68607807159424,19.7237644195557,73.6070709228516,5.13536167144775,0.761026561260223,0,0,
160,46.72291565,0,0,0,13.5462265,0,5.738831997,0,1.943390131,0,12.71038055,0,2.79289317131042,0.644216477870941,3.66687512397766,0.760752201080322,3.7088782787323,19.7362079620361,73.6099319458008,5.15453243255615,0.762424290180206,0,0,
161,46.83006668,0,0,0,13.56951332,0,5.745385647,0,1.944169283,0,12.74001408,0,2.79533576965332,0.644483804702759,3.67388486862183,0.762764751911163,3.73143148422241,19.7490425109863,73.6129608154297,5.17338562011719,0.763812124729156,0,0,
162,46.93505859,0,0,0,13.59231949,0,5.751803398,0,1.94493103,0,12.76904774,0,2.79772901535034,0.644745349884033,3.68087124824524,0.76474541425705,3.75373649597168,19.7622509002686,73.6161575317383,5.19192504882813,0.765187382698059,0,0,
163,47.0378952,0,0,0,13.61465073,0,5.758084774,0,1.945675731,0,12.7974844,0,2.80007314682007,0.645001113414764,3.68781900405884,0.766693532466888,3.77579307556152,19.7758159637451,73.6195220947266,5.21015357971191,0.766547560691834,0,0,
164,47.14071655,0,0,0,13.6369772,0,5.764360428,0,1.94641912,0,12.82591724,0,2.80237674713135,0.645252525806427,3.69472336769104,0.768611192703247,3.79760098457336,19.7897243499756,73.6230545043945,5.2280797958374,0.767892956733704,0,0,
165,47.23923492,0,0,0,13.65836239,0,5.77037096,0,1.947129726,0,12.85315895,0,2.80463671684265,0.645498812198639,3.70157170295715,0.770497500896454,3.81915974617004,19.8039608001709,73.6267471313477,5.24570655822754,0.769221544265747,0,0,
166,47.33774185,0,0,0,13.67973709,0,5.77637434,0,1.947839141,0,12.88039684,0,2.80685114860535,0.645739912986755,3.70835328102112,0.772351741790771,3.84046936035156,19.8185081481934,73.6306076049805,5.26303625106812,0.77053165435791,0,0,
167,47.43195343,0,0,0,13.7001791,0,5.782113552,0,1.948516369,0,12.90644646,0,2.8090193271637,0.645975470542908,3.71505856513977,0.774173319339752,3.86152982711792,19.8333511352539,73.6346435546875,5.28007030487061,0.771821975708008,0,0,
168,47.52614975,0,0,0,13.72061348,0,5.787849426,0,1.949192405,0,12.9324913,0,2.81114053726196,0.646205604076386,3.72167944908142,0.775961697101593,3.88234162330627,19.8484745025635,73.6388397216797,5.2968111038208,0.773091375827789,0,0,
169,47.62033463,0,0,0,13.74104309,0,5.793581486,0,1.949867487,0,12.95853424,0,2.81323027610779,0.646432757377625,3.72822594642639,0.777721583843231,3.90290427207947,19.8638648986816,73.6432037353516,5.31327295303345,0.774343192577362,0,0,
170,47.71022797,0,0,0,13.76053143,0,5.79904604,0,1.950510621,0,12.98338604,0,2.81528306007385,0.646655738353729,3.73468971252441,0.779451847076416,3.92321825027466,19.8795070648193,73.6477279663086,5.32945728302002,0.775575876235962,0,0,
171,47.80010986,0,0,0,13.78001881,0,5.804509163,0,1.951152682,0,13.00823689,0,2.81729483604431,0.646873891353607,3.74106311798096,0.781151533126831,3.94328451156616,19.8953876495361,73.6524200439453,5.34536504745483,0.776788234710693,0,0,
172,47.88570023,0,0,0,13.79856586,0,5.809707642,0,1.951763272,0,13.03189945,0,2.81926369667053,0.647086918354034,3.74734020233154,0.782819867134094,3.96310329437256,19.9114933013916,73.6572799682617,5.36099767684937,0.777979135513306,0,0,
173,47.97127533,0,0,0,13.81711006,0,5.814902306,0,1.952372789,0,13.05555725,0,2.82118725776672,0.647294640541077,3.75351548194885,0.784456133842468,3.98267555236816,19.927806854248,73.6622924804688,5.37635612487793,0.779147744178772,0,0,
174,48.05685043,0,0,0,13.83565617,0,5.820095062,0,1.95298171,0,13.079216,0,2.82308125495911,0.647499620914459,3.75960159301758,0.786064863204956,4.00200176239014,19.9443187713623,73.6674728393555,5.39145374298096,0.780297696590424,0,0,
175,48.13813019,0,0,0,13.85325813,0,5.825024128,0,1.953559041,0,13.10168552,0,2.82493948936462,0.647700607776642,3.7655916213989298,0.787644803524017,4.02108287811279,19.9610157012939,73.6728134155273,5.40629100799561,0.781427681446075,0,0,
176,48.2193985,0,0,0,13.87086391,0,5.829949379,0,1.954135776,0,13.12415123,0,2.82675790786743,0.647896826267242,3.77148032188416,0.789194941520691,4.03992033004761,19.9778842926025,73.6783065795898,5.42086791992188,0.782536566257477,0,0,
177,48.29852676,0,0,0,13.88799953,0,5.834743023,0,1.954696655,0,13.14602566,0,2.82854151725769,0.648089349269867,3.77727174758911,0.790716886520386,4.05851459503174,19.9949111938477,73.683967590332,5.43519163131714,0.783625602722168,0,0,
178,48.37763977,0,0,0,13.90512371,0,5.839533806,0,1.955256581,0,13.16789436,0,2.8302946090698202,0.648278653621674,3.78296971321106,0.792212069034576,4.07686710357666,20.0120868682861,73.6897811889648,5.44926786422729,0.784695863723755,0,0,
179,48.45460892,0,0,0,13.92178631,0,5.844192505,0,1.955800891,0,13.18916988,0,2.83201909065247,0.648464918136597,3.78857636451721,0.793681681156158,4.09497833251953,20.0294017791748,73.6957550048828,5.46310329437256,0.785748183727264,0,0,
180,48.52943039,0,0,0,13.93798161,0,5.848718166,0,1.956329346,0,13.20985222,0,2.83370852470398,0.648647010326386,3.79408621788025,0.795124173164368,4.11285066604614,20.0468425750732,73.7018814086914,5.47669649124146,0.786781191825867,0,0,
181,48.602108,0,0,0,13.95370579,0,5.853112221,0,1.956842184,0,13.22993946,0,2.83535885810852,0.648824572563171,3.79949402809143,0.796538293361664,4.13048505783081,20.0643978118896,73.7081604003906,5.49004745483398,0.787793695926666,0,0,
182,48.67477798,0,0,0,13.96943188,0,5.857505798,0,1.957354307,0,13.2500267,0,2.83697557449341,0.648998379707336,3.8048038482666,0.797925591468811,4.14788293838501,20.0820560455322,73.714599609375,5.50316143035889,0.788786768913269,0,0,
183,48.74530411,0,0,0,13.98468876,0,5.861765385,0,1.957851052,0,13.26951981,0,2.83856201171875,0.649169027805328,3.81001949310303,0.79928719997406,4.16504526138306,20.0998096466064,73.72119140625,5.51604413986206,0.789761543273926,0,0,
184,48.81582642,0,0,0,13.99994469,0,5.866024017,0,1.958346963,0,13.289011,0,2.84012031555176,0.649336695671082,3.81514382362366,0.800624191761017,4.18197345733643,20.1176452636719,73.7279281616211,5.5287013053894,0.790718793869019,0,0,
185,48.88419724,0,0,0,14.01473141,0,5.870151043,0,1.958827496,0,13.30790901,0,2.84165215492249,0.64950156211853,3.82017970085144,0.801937460899353,4.19866991043091,20.135555267334,73.7348098754883,5.54113674163818,0.79165917634964,0,0,
186,48.95043182,0,0,0,14.02904987,0,5.874147892,0,1.959292769,0,13.32621384,0,2.84315037727356,0.649662494659424,3.82512068748474,0.803225338459015,4.21513605117798,20.1535320281982,73.7418441772461,5.55334997177124,0.792581140995026,0,0,
187,49.01665878,0,0,0,14.04337215,0,5.878141403,0,1.959757447,0,13.34451771,0,2.84461879730225,0.649820148944855,3.82997059822083,0.804488778114319,4.23137331008911,20.1715641021729,73.7490234375,5.565345287323,0.793485522270203,0,0,
188,49.08074188,0,0,0,14.05722237,0,5.882003784,0,1.960206509,0,13.36222649,0,2.84605932235718,0.649974822998047,3.8347315788269,0.805728733539581,4.24738359451294,20.1896457672119,73.75634765625,5.57712650299072,0.794372916221619,0,0,
189,49.14268494,0,0,0,14.07061291,0,5.885737419,0,1.960640311,0,13.37934685,0,2.84746527671814,0.65012538433075,3.83939790725708,0.806943416595459,4.2631688117981,20.207763671875,73.7638168334961,5.58869218826294,0.795241892337799,0,0,
190,49.20462036,0,0,0,14.08399677,0,5.889467716,0,1.961073995,0,13.39646149,0,2.84884095191956,0.65027266740799,3.84397268295288,0.808133840560913,4.2787299156189,20.2259120941162,73.7714233398438,5.60004711151123,0.796093225479126,0,0,
191,49.26655579,0,0,0,14.09738064,0,5.89319849,0,1.961506963,0,13.41357708,0,2.85019636154175,0.650418221950531,3.8484673500061,0.809303343296051,4.29406929016113,20.244083404541,73.7791748046875,5.61120128631592,0.796929836273193,0,0,
192,49.32635117,0,0,0,14.11030197,0,5.896798611,0,1.96192503,0,13.43010139,0,2.85153079032898,0.650561571121216,3.8528835773468,0.810452401638031,4.30918836593628,20.2622699737549,73.7870635986328,5.62215900421143,0.79775196313858,0,0,
193,49.38399506,0,0,0,14.12275696,0,5.900267124,0,1.962327361,0,13.44603062,0,2.85283541679382,0.650701403617859,3.85721373558044,0.811578750610352,4.32408952713013,20.2804660797119,73.7950897216797,5.63291645050049,0.79855763912200906,0,0,
194,49.44164276,0,0,0,14.13520622,0,5.903734207,0,1.962729931,0,13.46195984,0,2.85411214828491,0.650838077068329,3.86145997047424,0.81268310546875,4.33877468109131,20.2986602783203,73.8032608032227,5.64347791671753,0.799347341060638,0,0,
195,49.49929047,0,0,0,14.14765549,0,5.907200336,0,1.963131785,0,13.47788906,0,2.85537052154541,0.650973200798035,3.86563277244568,0.81376850605011,4.3532452583313,20.3168525695801,73.8115539550781,5.65385341644287,0.800123631954193,0,0,
196,49.55265427,0,0,0,14.15918159,0,5.910408974,0,1.963503838,0,13.49263477,0,2.85660123825073,0.651104986667633,3.86972451210022,0.814832627773285,4.36750411987305,20.3350315093994,73.8199920654297,5.66403865814209,0.800884485244751,0,0,
197,49.6081543,0,0,0,14.17116451,0,5.913743973,0,1.963890433,0,13.50796986,0,2.85780596733093,0.651233792304993,3.87373685836792,0.815875828266144,4.38155269622803,20.3531932830811,73.8285598754883,5.67403793334961,0.801630198955536,0,0,
198,49.66151428,0,0,0,14.18268967,0,5.916949749,0,1.964261889,0,13.52271461,0,2.85899329185486,0.651361167430878,3.87767958641052,0.816901087760925,4.39539289474487,20.3713321685791,73.8372497558594,5.68385982513428,0.802363336086273,0,0,
199,49.71273804,0,0,0,14.19374943,0,5.920026302,0,1.964618325,0,13.5368681,0,2.86015319824219,0.651485204696655,3.8815438747406,0.817905843257904,4.40902709960938,20.3894386291504,73.846076965332,5.69350099563599,0.803081512451172,0,0,
200,49.76395798,0,0,0,14.20480251,0,5.923101902,0,1.964974403,0,13.55101871,0,2.86128759384155,0.651606321334839,3.88533139228821,0.818890452384949,4.42245721817017,20.4075088500977,73.8550338745117,5.70296335220337,0.803785085678101,0,0,
201,49.8151741,0,0,0,14.21585941,0,5.926174641,0,1.965330482,0,13.56517029,0,2.86240482330322,0.651726007461548,3.88905167579651,0.819857776165009,4.43568515777588,20.4255390167236,73.8641128540039,5.71225643157959,0.804476380348206,0,0,
202,49.86425018,0,0,0,14.22645092,0,5.929120064,0,1.96567142,0,13.57872868,0,2.86350297927856,0.651843667030334,3.8927047252655,0.820807635784149,4.44871377944946,20.4435253143311,73.8733139038086,5.72138214111328,0.805155336856842,0,0,
203,49.91119385,0,0,0,14.2365818,0,5.931937218,0,1.965997338,0,13.59169865,0,2.86457276344299,0.651957869529724,3.89628171920776,0.82173752784729,4.46154451370239,20.4614601135254,73.8826446533203,5.73033618927002,0.805819511413574,0,0,
204,49.96026611,0,0,0,14.24717426,0,5.934878349,0,1.9663378,0,13.60525703,0,2.86562418937683,0.652070224285126,3.89979219436646,0.822650194168091,4.47417974472046,20.4793376922607,73.8920974731445,5.73912715911865,0.806471526622772,0,0,
205,50.00506592,0,0,0,14.2568388,0,5.937565327,0,1.966648698,0,13.61763287,0,2.86665534973145,0.65218049287796,3.90323615074158,0.823545515537262,4.48662137985229,20.4971561431885,73.9016647338867,5.74775695800781,0.807111084461212,0,0,
206,50.05200195,0,0,0,14.26696014,0,5.940377712,0,1.96697402,0,13.63059902,0,2.8676655292511,0.652288436889648,3.90661263465881,0.824423372745514,4.49887180328369,20.5149097442627,73.9113464355469,5.75622749328613,0.80773800611496,0,0,
207,50.09679413,0,0,0,14.27662563,0,5.943061829,0,1.967284441,0,13.64297485,0,2.86866164207459,0.652395188808441,3.90993070602417,0.825286269187927,4.51093339920044,20.5325946807861,73.921142578125,5.76454591751099,0.808354496955872,0,0,
208,50.1394577,0,0,0,14.28582859,0,5.945618153,0,1.967579842,0,13.65476036,0,2.86963319778442,0.652498781681061,3.91318082809448,0.826131224632263,4.52280759811401,20.5502071380615,73.9310531616211,5.77270793914795,0.808957815170288,0,0,
209,50.18211746,0,0,0,14.29503345,0,5.948173523,0,1.967875481,0,13.66654682,0,2.87058043479919,0.652599632740021,3.91636300086975,0.826958298683167,4.53449726104736,20.5677433013916,73.9410858154297,5.78071451187134,0.809548079967499,0,0,
210,50.22476959,0,0,0,14.30423164,0,5.95072794,0,1.968170643,0,13.67832947,0,2.87151169776917,0.652699112892151,3.91948533058167,0.827769935131073,4.54600381851196,20.5851993560791,73.9512252807617,5.78857421875,0.810127377510071,0,0,
211,50.26528931,0,0,0,14.31296635,0,5.95315361,0,1.968451023,0,13.68952179,0,2.87242460250854,0.652796566486359,3.92254638671875,0.828565776348114,4.55733013153076,20.6025714874268,73.9614715576172,5.79628705978394,0.810695290565491,0,0,
212,50.30581284,0,0,0,14.32170963,0,5.955578327,0,1.968731284,0,13.70071697,0,2.87331795692444,0.652891874313354,3.92554616928101,0.829345524311066,4.56847715377808,20.6198539733887,73.9718246459961,5.80385494232178,0.811251640319824,0,0,
213,50.34632874,0,0,0,14.33044243,0,5.958002567,0,1.969011188,0,13.71190834,0,2.8741979598999,0.652985990047455,3.92849206924438,0.830111384391785,4.57944822311401,20.6370487213135,73.982292175293,5.81128454208374,0.811798274517059,0,0,
214,50.3847084,0,0,0,14.33871746,0,5.960298538,0,1.969276547,0,13.72251034,0,2.87506175041199,0.653078317642212,3.93138217926025,0.830862879753113,4.59024477005005,20.6541481018066,73.9928512573242,5.81857633590698,0.812334597110748,0,0,
215,50.42308807,0,0,0,14.34699059,0,5.962593079,0,1.969541788,0,13.73311234,0,2.8759069442749,0.653168499469757,3.93421483039856,0.831599414348602,4.60086917877197,20.6711521148682,74.0035247802734,5.82573127746582,0.812860190868378,0,0,
216,50.46146774,0,0,0,14.35526752,0,5.964888573,0,1.96980691,0,13.74371433,0,2.87673950195313,0.653257608413696,3.93699741363525,0.83232319355011,4.61132383346558,20.6880569458008,74.014289855957,5.83275604248047,0.813376724720001,0,0,
217,50.49771118,0,0,0,14.36307621,0,5.967055321,0,1.970057011,0,13.75372505,0,2.87755632400513,0.653344929218292,3.93972778320313,0.833033382892609,4.62161064147949,20.7048606872559,74.0251617431641,5.83965015411377,0.813883543014526,0,0,
218,50.53395081,0,0,0,14.37088871,0,5.969222069,0,1.970307231,0,13.76373482,0,2.87835502624512,0.653430163860321,3.94240403175354,0.833729445934296,4.63173151016235,20.7215595245361,74.0361251831055,5.8464150428772,0.814380168914795,0,0,
219,50.57019424,0,0,0,14.3786993,0,5.971386909,0,1.970557332,0,13.77374554,0,2.87914180755615,0.653514206409454,3.94503283500671,0.834413290023804,4.64168930053711,20.7381534576416,74.0471954345703,5.85305643081665,0.814868211746216,0,0,
220,50.60430145,0,0,0,14.38605118,0,5.973424435,0,1.970792532,0,13.78316593,0,2.87991261482239,0.653596520423889,3.94761157035828,0.835084140300751,4.65148544311523,20.754638671875,74.0583572387695,5.85957431793213,0.815346956253052,0,0,
221,50.63840866,0,0,0,14.39340115,0,5.97546196,0,1.971027851,0,13.79258728,0,2.88066554069519,0.653676748275757,3.95013785362244,0.835741341114044,4.66112232208252,20.7710151672363,74.0696105957031,5.86596870422363,0.81581574678421,0,0,
222,50.67037964,0,0,0,14.40029144,0,5.977372646,0,1.97124815,0,13.8014164,0,2.88139891624451,0.653754651546478,3.95261001586914,0.836384236812592,4.67060232162476,20.7872772216797,74.0809555053711,5.87223958969116,0.816274046897888,0,0,
223,50.70448303,0,0,0,14.40763855,0,5.979407787,0,1.971483231,0,13.81083679,0,2.88211941719055,0.653831362724304,3.95503497123718,0.837014853954315,4.67992687225342,20.8034267425537,74.0923919677734,5.87839269638062,0.816723585128784,0,0,
224,50.73645401,0,0,0,14.41452408,0,5.981316566,0,1.971703529,0,13.81966591,0,2.88283109664917,0.653907537460327,3.9574179649353,0.837634921073914,4.6890983581543,20.8194580078125,74.1039199829102,5.88443374633789,0.817165791988373,0,0,
225,50.76841736,0,0,0,14.42141438,0,5.983224869,0,1.971923828,0,13.82849503,0,2.88352942466736,0.653982162475586,3.95975613594055,0.838243365287781,4.69811964035034,20.8353748321533,74.1155395507813,5.89036178588867,0.817599773406982,0,0,
226,50.79825974,0,0,0,14.42784119,0,5.985005379,0,1.972129345,0,13.83673668,0,2.88421130180359,0.654054880142212,3.96204710006714,0.838839292526245,4.70699119567871,20.8511714935303,74.1272354125977,5.89617681503296,0.818024694919586,0,0,
227,50.82809067,0,0,0,14.434268,0,5.986786842,0,1.972334743,0,13.84497547,0,2.88487458229065,0.654125332832336,3.96428751945496,0.839421927928925,4.71571636199951,20.8668460845947,74.1390151977539,5.90187835693359,0.818439900875092,0,0,
228,50.85792542,0,0,0,14.44069386,0,5.988566399,0,1.97254014,0,13.85321522,0,2.8855254650116,0.654194593429565,3.96648406982422,0.839993178844452,4.72429656982422,20.8823986053467,74.15087890625,5.90747165679932,0.818847000598907,0,0,
229,50.88775635,0,0,0,14.44712353,0,5.990345001,0,1.972745419,0,13.86145401,0,2.88616847991943,0.654263317584991,3.96864223480225,0.840554654598236,4.73273372650146,20.8978271484375,74.1628189086914,5.91296195983887,0.819247305393219,0,0,
230,50.91545868,0,0,0,14.45308685,0,5.991998196,0,1.972936034,0,13.86910534,0,2.886798620224,0.654330551624298,3.97075843811035,0.841105163097382,4.74102973937988,20.9131317138672,74.1748428344727,5.91834831237793,0.81963974237442,0,0,
231,50.9431572,0,0,0,14.45905209,0,5.993648529,0,1.973126531,0,13.87675476,0,2.88741183280945,0.654395818710327,3.97282934188843,0.841643750667572,4.74918746948242,20.9283103942871,74.1869430541992,5.92362976074219,0.820023477077484,0,0,
232,50.97085571,0,0,0,14.46501827,0,5.9953012469999996,0,1.973317146,0,13.88440418,0,2.88801455497742,0.654460072517395,3.97486042976379,0.842172086238861,4.7572078704834,20.9433631896973,74.1991195678711,5.92881155014038,0.820399940013886,0,0,
233,50.99855423,0,0,0,14.47098351,0,5.996952057,0,1.973507643,0,13.8920536,0,2.88861036300659,0.65452378988266,3.97685694694519,0.842691600322723,4.7650933265686,20.958288192749,74.2113723754883,5.93389844894409,0.820770263671875,0,0,
234,51.02412415,0,0,0,14.47649288,0,5.998476028,0,1.973683357,0,13.89911556,0,2.88919377326965,0.654586017131805,3.97881460189819,0.843201041221619,4.77284526824951,20.9730854034424,74.2236938476563,5.93888902664185,0.821133375167847,0,0,
235,51.04969025,0,0,0,14.48199654,0,6,0,1.973859072,0,13.90617561,0,2.88976097106934,0.654646337032318,3.98072981834412,0.843699276447296,4.78046607971191,20.987756729126,74.2360916137695,5.94378137588501,0.821488320827484,0,0,
236,51.07524872,0,0,0,14.48749638,0,6.001523495,0,1.974034786,0,13.9132328,0,2.8903181552887,0.65470564365387,3.9826078414917,0.84418785572052,4.78795766830444,21.0022983551025,74.2485580444336,5.94858121871948,0.821836352348328,0,0,
237,51.100811,0,0,0,14.4930048,0,6.003045082,0,1.974210501,0,13.92029285,0,2.89086818695068,0.654764473438263,3.98445343971252,0.844668209552765,4.79532241821289,21.0167083740234,74.2610931396484,5.95329189300537,0.822178721427917,0,0,
238,51.12424469,0,0,0,14.49804592,0,6.004440784,0,1.974371433,0,13.92676353,0,2.89140605926514,0.654821813106537,3.98626208305359,0.845138907432556,4.80256128311157,21.0309886932373,74.2736968994141,5.95791244506836,0.822514116764069,0,0,
239,51.14767838,0,0,0,14.50309372,0,6.005837917,0,1.974532485,0,13.93323517,0,2.89192795753479,0.654877245426178,3.98803043365479,0.845598816871643,4.80967664718628,21.0451374053955,74.2863616943359,5.96244096755981,0.822841584682465,0,0,
240,51.17110825,0,0,0,14.50813675,0,6.007233143,0,1.974693418,0,13.9397049,0,2.89243984222412,0.654931664466858,3.98976278305054,0.846049427986145,4.81666994094849,21.059154510498,74.2991027832031,5.96688175201416,0.823162436485291,0,0,
241,51.19453812,0,0,0,14.51317883,0,6.008627892,0,1.97485435,0,13.94617462,0,2.89294457435608,0.65498560667038,3.99146389961243,0.846492052078247,4.82354307174683,21.0730381011963,74.311897277832,5.97123956680298,0.823477745056152,0,0,
242,51.2179718,0,0,0,14.51822758,0,6.010024548,0,1.975015163,0,13.95264626,0,2.89344501495361,0.655039250850677,3.9931378364563,0.846927881240845,4.83029794692993,21.0867900848389,74.3247528076172,5.97551870346069,0.823788404464722,0,0,
243,51.23926926,0,0,0,14.52280903,0,6.011291027,0,1.975161433,0,13.95852661,0,2.89393496513367,0.65509158372879,3.99477958679199,0.84735524654388406,4.83693599700928,21.1004123687744,74.3376693725586,5.97971630096436,0.824092984199524,0,0,
244,51.26056671,0,0,0,14.5273962,0,6.012558937,0,1.975307584,0,13.96440887,0,2.89440989494324,0.65514200925827,3.99638438224792,0.847772896289825,4.84345960617065,21.1139011383057,74.3506469726563,5.98383045196533,0.824390411376953,0,0,
245,51.28186798,0,0,0,14.53198051,0,6.01382637,0,1.975453854,0,13.97028923,0,2.89487528800964,0.655191421508789,3.99795699119568,0.848182141780853,4.84987020492554,21.1272563934326,74.3636779785156,5.98786544799805,0.82468181848526,0,0,
246,51.30316162,0,0,0,14.53656483,0,6.01509428,0,1.975600004,0,13.97616959,0,2.89533424377441,0.655240416526794,3.99950170516968,0.848584175109863,4.85616970062256,21.1404800415039,74.3767700195313,5.99182462692261,0.824968159198761,0,0,
247,51.32445908,0,0,0,14.54114532,0,6.016361713,0,1.975746155,0,13.9820509,0,2.89578914642334,0.655289173126221,4.00102138519287,0.848980069160461,4.86236000061035,21.1535720825195,74.3899078369141,5.99571180343628,0.825250327587128,0,0,
248,51.34362411,0,0,0,14.54526901,0,6.017500877,0,1.975877523,0,13.98734188,0,2.89623355865479,0.655336558818817,4.00251150131226,0.849368095397949,4.86844205856323,21.1665344238281,74.4031143188477,5.99952554702759,0.825526833534241,0,0,
249,51.36279297,0,0,0,14.54939747,0,6.018641949,0,1.97600913,0,13.99263573,0,2.89666295051575,0.65538215637207,4.00396680831909,0.849746763706207,4.87441825866699,21.1793632507324,74.4163665771484,6.00326204299927,0.825796544551849,0,0,
250,51.38195801,0,0,0,14.5535202,0,6.019782066,0,1.976140618,0,13.99792767,0,2.89708304405212,0.655426800251007,4.00539207458496,0.850117564201355,4.88029003143311,21.1920604705811,74.4296646118164,6.00692510604858,0.826060473918915,0,0,
251,51.40112305,0,0,0,14.5576458,0,6.020922661,0,1.976271987,0,14.0032196,0,2.89749693870544,0.655470907688141,4.00679063796997,0.850481510162354,4.88605880737305,21.2046241760254,74.4430236816406,6.0105185508728,0.826319634914398,0,0,
252,51.42028427,0,0,0,14.56176567,0,6.022060871,0,1.976403356,0,14.00850964,0,2.89790678024292,0.655514657497406,4.00816583633423,0.850839555263519,4.89172649383545,21.2170581817627,74.4564208984375,6.01404619216919,0.826574683189392,0,0,
253,51.43732071,0,0,0,14.56543541,0,6.023075581,0,1.9765203,0,14.01321507,0,2.89830636978149,0.65555727481842,4.00951242446899,0.851190090179443,4.89729452133179,21.2293605804443,74.4698638916016,6.01750469207764,0.826824307441711,0,0,
254,51.45648575,0,0,0,14.56955528,0,6.024214745,0,1.976651669,0,14.0185051,0,2.89869904518127,0.655599117279053,4.01083374023438,0.851534068584442,4.90276432037354,21.2415332794189,74.4833526611328,6.02089786529541,0.827069282531738,0,0,
255,51.47351837,0,0,0,14.57322407,0,6.025226593,0,1.976768374,0,14.02320862,0,2.89908695220947,0.655640661716461,4.01213264465332,0.851872444152832,4.90813779830933,21.2535762786865,74.4968795776367,6.02422857284546,0.8273104429245,0,0,
256,51.49055481,0,0,0,14.57688713,0,6.026239872,0,1.97688508,0,14.02791214,0,2.89946389198303,0.65568083524704,4.01340436935425,0.852203488349915,4.91341638565063,21.2654895782471,74.5104522705078,6.02749395370483,0.827546238899231,0,0,
257,51.50758743,0,0,0,14.58054829,0,6.027252197,0,1.977001905,0,14.03261471,0,2.89983415603638,0.655720233917236,4.01465177536011,0.852528274059296,4.91860151290894,21.2772731781006,74.5240707397461,6.03069686889648,0.827777504920959,0,0,
258,51.52248764,0,0,0,14.5837574,0,6.028137684,0,1.977104068,0,14.03672981,0,2.90019202232361,0.655758082866669,4.01586961746216,0.852845132350922,4.9236946105957,21.2889289855957,74.537727355957,6.03383445739746,0.828002870082855,0,0,
259,51.53952408,0,0,0,14.58742428,0,6.029150963,0,1.977220774,0,14.04143333,0,2.90054225921631,0.655795216560364,4.01706123352051,0.853155136108398,4.92869758605957,21.3004531860352,74.5514221191406,6.03690958023071,0.828223407268524,0,0,
260,51.5544281,0,0,0,14.59062958,0,6.030035973,0,1.977322936,0,14.04554844,0,2.90088701248169,0.655831873416901,4.01823043823242,0.853459358215332,4.93361139297485,21.3118495941162,74.5651550292969,6.03992557525635,0.828439831733704,0,0,
261,51.57146072,0,0,0,14.59429169,0,6.031047821,0,1.977439642,0,14.0502491,0,2.90122818946838,0.655868411064148,4.01937913894653,0.853758454322815,4.93843746185303,21.3231182098389,74.5789260864258,6.04288530349731,0.828652799129486,0,0,
262,51.58635712,0,0,0,14.59749794,0,6.031933308,0,1.977541685,0,14.0543642,0,2.90156698226929,0.655904829502106,4.02051067352295,0.854053258895874,4.94317722320557,21.3342590332031,74.5927352905273,6.04579210281372,0.828862845897675,0,0,
263,51.60126495,0,0,0,14.60070229,0,6.032818794,0,1.977643728,0,14.05847931,0,2.90189671516418,0.655939996242523,4.02161884307861,0.854341864585876,4.9478325843811,21.3452758789063,74.6065826416016,6.04864168167114,0.829068303108215,0,0,
264,51.61616516,0,0,0,14.60390854,0,6.033704758,0,1.977745891,0,14.06259441,0,2.9022204875946,0.655974507331848,4.02270650863647,0.854625105857849,4.95240449905396,21.3561687469482,74.6204681396484,6.05143737792969,0.829270005226135,0,0,
265,51.62893677,0,0,0,14.60665798,0,6.034462929,0,1.977833271,0,14.06612015,0,2.90253233909607,0.656007528305054,4.02376747131348,0.854901254177094,4.9568943977356,21.3669357299805,74.6343765258789,6.05417537689209,0.829466462135315,0,0,
266,51.64383698,0,0,0,14.60986042,0,6.035348415,0,1.977935433,0,14.07023239,0,2.902836561203,0.656039714813232,4.02480506896973,0.855171203613281,4.9613037109375,21.3775768280029,74.6483154296875,6.0568585395813,0.829658389091492,0,0,
267,51.6566124,0,0,0,14.61261082,0,6.036106586,0,1.978022814,0,14.07376003,0,2.90313577651978,0.656071603298187,4.02582263946533,0.855435907840729,4.96563386917114,21.3880939483643,74.6622924804688,6.05948925018311,0.829846620559692,0,0,
268,51.6715126,0,0,0,14.61581326,0,6.036991596,0,1.978124857,0,14.07787323,0,2.90343165397644,0.656103253364563,4.02682209014893,0.855696082115173,4.96988582611084,21.3984889984131,74.6762924194336,6.06207084655762,0.830031752586365,0,0,
269,51.68428421,0,0,0,14.61856365,0,6.037750721,0,1.978212357,0,14.08139992,0,2.90372562408447,0.656134784221649,4.02780628204346,0.855952382087708,4.97406148910522,21.4087600708008,74.6903228759766,6.06460475921631,0.830214321613312,0,0,
270,51.69705582,0,0,0,14.62130737,0,6.038508415,0,1.978299856,0,14.08492661,0,2.9040105342865,0.65616512298584,4.02876806259155,0.856202840805054,4.97816133499146,21.4189109802246,74.7043762207031,6.06708812713623,0.83039253950119,0,0,
271,51.70982742,0,0,0,14.62405777,0,6.039267063,0,1.978387237,0,14.08845425,0,2.90428924560547,0.656194746494293,4.02971076965332,0.856448233127594,4.98218679428101,21.4289398193359,74.7184600830078,6.06952333450317,0.830567240715027,0,0,
272,51.72259903,0,0,0,14.62680435,0,6.040025234,0,1.978474736,0,14.09197903,0,2.90456414222717,0.656224012374878,4.03063631057739,0.85668933391571,4.98613977432251,21.438850402832,74.7325592041016,6.07191228866577,0.830738842487335,0,0,
273,51.73324203,0,0,0,14.62909031,0,6.040657997,0,1.978547454,0,14.09491825,0,2.9048285484314,0.656252026557922,4.03153896331787,0.856924176216125,4.99002075195313,21.4486408233643,74.7466888427734,6.07425165176392,0.830905795097351,0,0,
274,51.74601364,0,0,0,14.6318388,0,6.041415215,0,1.978634953,0,14.09844303,0,2.90508651733398,0.656279325485229,4.03242111206055,0.857153654098511,4.99383115768433,21.4583129882813,74.7608337402344,6.07654333114624,0.831068873405457,0,0,
275,51.75665283,0,0,0,14.63412952,0,6.042047501,0,1.97870779,0,14.1013813,0,2.90533995628357,0.656306266784668,4.03328561782837,0.857378542423248,4.99757242202759,21.467866897583,74.7750091552734,6.07878971099854,0.831228733062744,0,0,
276,51.76942444,0,0,0,14.63687229,0,6.042805672,0,1.97879529,0,14.10490704,0,2.90559029579163,0.656333029270172,4.03413486480713,0.857599496841431,5.00124549865723,21.4773025512695,74.7891998291016,6.08099317550659,0.831385850906372,0,0,
277,51.78006744,0,0,0,14.63916302,0,6.043437958,0,1.978868008,0,14.1078434,0,2.90583920478821,0.656359732151031,4.0349702835083,0.857816994190216,5.00485134124756,21.4866237640381,74.8034210205078,6.08315563201904,0.831540644168854,0,0,
278,51.79071045,0,0,0,14.64144897,0,6.044068336,0,1.978940845,0,14.11078072,0,2.90607881546021,0.656385183334351,4.03578519821167,0.858029067516327,5.00839138031006,21.4958305358887,74.8176574707031,6.08527326583862,0.831691443920136,0,0,
279,51.80135345,0,0,0,14.64373875,0,6.044701099,0,1.979013681,0,14.11371994,0,2.90631246566772,0.656409919261932,4.03658246994019,0.858236491680145,5.01186656951904,21.5049228668213,74.8319091796875,6.08734798431396,0.831838846206665,0,0,
280,51.81198883,0,0,0,14.64602757,0,6.045332432,0,1.979086399,0,14.11665726,0,2.90654253959656,0.656434416770935,4.03736400604248,0.858439922332764,5.01527786254883,21.5139026641846,74.8461685180664,6.08938264846802,0.83198344707489,0,0,
281,51.82263184,0,0,0,14.64831257,0,6.045962334,0,1.979159236,0,14.11959362,0,2.90676999092102,0.656458795070648,4.03813171386719,0.85863983631134,5.01862668991089,21.5227699279785,74.8604507446289,6.0913782119751,0.832125604152679,0,0,
282,51.83327484,0,0,0,14.65060329,0,6.04659462,0,1.979232192,0,14.12253284,0,2.90699553489685,0.656483054161072,4.0388879776001,0.858836770057678,5.02191352844238,21.5315246582031,74.8747482299805,6.093337059021,0.832265794277191,0,0,
283,51.84391403,0,0,0,14.6528883,0,6.047225475,0,1.97930491,0,14.12546921,0,2.90722036361694,0.656507253646851,4.03963375091553,0.859031200408936,5.02514028549194,21.540168762207,74.8890609741211,6.09526109695435,0.832404375076294,0,0,
284,51.85242844,0,0,0,14.65471935,0,6.0477314,0,1.979363084,0,14.12782001,0,2.90743684768677,0.656530201435089,4.0403618812561,0.859220921993256,5.02830743789673,21.5487041473389,74.9033889770508,6.09714603424072,0.83253937959671,0,0,
285,51.86306763,0,0,0,14.65701103,0,6.048363209,0,1.97943604,0,14.13075924,0,2.90764760971069,0.65655255317688,4.04107475280762,0.859406590461731,5.03141689300537,21.5571327209473,74.917724609375,6.09899282455444,0.832671523094177,0,0,
286,51.87158585,0,0,0,14.65883827,0,6.048868179,0,1.979494214,0,14.13310814,0,2.90785479545593,0.656574606895447,4.0417742729187,0.859588861465454,5.03446817398071,21.5654525756836,74.9320755004883,6.10080432891846,0.832801222801209,0,0,
287,51.88222504,0,0,0,14.66112709,0,6.049499035,0,1.979566932,0,14.13604546,0,2.90805959701538,0.656596541404724,4.04246187210083,0.859768033027649,5.03746366500854,21.5736656188965,74.9464416503906,6.1025824546814,0.832928836345673,0,0,
288,51.89073563,0,0,0,14.6629591,0,6.050004482,0,1.979625106,0,14.13839626,0,2.90826272964478,0.656618356704712,4.04313945770264,0.859944701194763,5.04040336608887,21.5817756652832,74.9608154296875,6.10432863235474,0.833054661750793,0,0,
289,51.89924622,0,0,0,14.66479015,0,6.05050993,0,1.979683399,0,14.14074707,0,2.90845704078674,0.656638920307159,4.04379987716675,0.860116600990295,5.04328918457031,21.5897789001465,74.9751968383789,6.10603761672974,0.833177030086517,0,0,
290,51.90776443,0,0,0,14.66661835,0,6.0510149,0,1.979741693,0,14.14309692,0,2.90864610671997,0.656658887863159,4.04444456100464,0.860284447669983,5.04612159729004,21.597677230835,74.9895858764648,6.10771179199219,0.833296418190002,0,0,
291,51.91627121,0,0,0,14.66844749,0,6.051518917,0,1.979799867,0,14.14544392,0,2.90883111953735,0.65667849779129,4.0450758934021,0.860448777675629,5.04890155792236,21.6054744720459,75.0039825439453,6.10935211181641,0.833413243293762,0,0,
292,51.92478561,0,0,0,14.67027569,0,6.052024364,0,1.979858041,0,14.14779472,0,2.90901374816895,0.656697988510132,4.04569578170776,0.860610127449036,5.0516300201416,21.6131687164307,75.0183868408203,6.11096096038818,0.833527982234955,0,0,
293,51.9332962,0,0,0,14.67210579,0,6.052527905,0,1.979916215,0,14.15014362,0,2.90919470787048,0.656717360019684,4.04630517959595,0.860768973827362,5.05430793762207,21.6207618713379,75.0327987670898,6.11254024505615,0.833640933036804,0,0,
294,51.94180679,0,0,0,14.6739378,0,6.053033352,0,1.979974508,0,14.15249443,0,2.90937495231628,0.656736731529236,4.04690599441528,0.860925555229187,5.05693578720093,21.6282558441162,75.0472106933594,6.11409091949463,0.833752512931824,0,0,
295,51.94818878,0,0,0,14.67531013,0,6.053411484,0,1.98001802,0,14.15425587,0,2.90954661369324,0.656754910945892,4.04749059677124,0.861077666282654,5.05951499938965,21.6356525421143,75.0616302490234,6.11560821533203,0.833860635757446,0,0,
296,51.95670319,0,0,0,14.67713833,0,6.053916454,0,1.980076313,0,14.15660667,0,2.90971279144287,0.656772434711456,4.04806041717529,0.861226081848145,5.06204605102539,21.6429481506348,75.0760498046875,6.11709356307983,0.833966016769409,0,0,
297,51.96521378,0,0,0,14.67896748,0,6.054420471,0,1.980134487,0,14.15895462,0,2.90988326072693,0.656790792942047,4.04862642288208,0.861373722553253,5.06452989578247,21.6501483917236,75.0904769897461,6.11855554580688,0.834071218967438,0,0,
298,51.97159958,0,0,0,14.68034267,0,6.054800034,0,1.980178237,0,14.16071796,0,2.91004824638367,0.656808495521545,4.04918098449707,0.861518204212189,5.06696701049805,21.6572532653809,75.1049041748047,6.11998891830444,0.83417409658432,0,0,
299,51.97798538,0,0,0,14.68171883,0,6.0551786420000004,0,1.980221987,0,14.16248226,0,2.91020226478577,0.65682464838028,4.04971647262573,0.861657440662384,5.06935930252075,21.6642627716064,75.1193313598633,6.12138795852661,0.834272921085358,0,0,
