"Time Step","Softwood Merchantable","Hardwood Merchantable","Softwood Submerchantable","Hardwood Submerchantable","Softwood Other","Hardwood Other","Softwood Foliage","Hardwood Foliage","Softwood Fine Roots","Hardwood Fine Roots","Softwood Coarse Roots","Hardwood Coarse Roots","Aboveground Very Fast DOM","Belowground Very Fast DOM","Aboveground Fast DOM","Belowground Fast DOM","Medium DOM","Aboveground Slow DOM","Belowground Slow DOM","Softwood Stem Snag","Softwood Branch Snag","Hardwood Stem Snag","Hardwood Branch Snag",
0,0.005879869685,0,0,0,0.2324325591,0,0.04218178615,0,0.02636221983,0,0.03590749949,0,8.56720352172852,1.5380448102951,58.4611663818359,12.1994657516479,16.8603515625,38.0694923400879,103.776786804199,1.30509715745575e-5,0.00110191991552711,0,0,
1,0.03110321984,0,0,0,0.7343223095,0,0.1110858619,0,0.08129807562,0,0.1132874563,0,6.66092348098755,0.99347323179245,52.4140434265137,10.9353694915771,16.4047813415527,38.9244651794434,103.978782653809,9.45503998082131e-5,0.00552352610975504,0,0,
2,0.08237928897,0,0,0,1.425137281,0,0.1947724372,0,0.1550371498,0,0.2228710204,0,5.20500612258911,0.658790171146393,47.0111198425293,9.8031644821167,15.9615249633789,39.5827751159668,104.129829406738,3.4217428765259e-4,0.0149510838091373,0,0,
3,0.164337337,0,0,0,2.266184807,0,0.2889308333,0,0.2421978116,0,0.3615207076,0,4.10320854187012,0.461475640535355,42.1908912658691,8.78945255279541,15.5302515029907,40.0775566101074,104.244598388672,8.7436259491369e-4,0.0302583388984203,0,0,
4,0.2806225121,0,0,0,3.230341434,0,0.3909451663,0,0.3386359811,0,0.527587831,0,3.27946758270264,0.354231148958206,37.8973999023438,7.88220119476318,15.1106481552124,40.4363288879395,104.33309173584,0.00182258209679276,0.0518788732588291,0,0,
5,0.4342288673,0,0,0,4.296050549,0,0.4989569485,0,0.4409233034,0,0.7199672461,0,2.67370271682739,0.306068927049637,34.0798645019531,7.07061529159546,14.7024116516113,40.6820297241211,104.40225982666,0.00332710961811244,0.0799519047141075,0,0,
6,0.6276501417,0,0,0,5.445056915,0,0.6115352511,0,0.5461813807,0,0.9377203584,0,2.23842597007751,0.296549320220947,30.6922397613525,6.34500694274902,14.3052530288696,40.8338432312012,104.456985473633,0.00553407985717058,0.114407502114773,0,0,
7,0.8629593849,0,0,0,6.661332607,0,0.7275249362,0,0.6520106792,0,1.17989254,0,1.9360671043396,0.312075942754745,27.6927738189697,5.69668674468994,13.9188947677612,40.9078598022461,104.500747680664,0.00859317649155855,0.155023440718651,0,0,
8,1.141854405,0,0,0,7.930505753,0,0.8459653854,0,0.7564477324,0,1.445420504,0,1.73687601089478,0.343517243862152,25.043607711792,5.11785554885864,13.5430707931519,40.9176139831543,104.536102294922,0.0126557052135468,0.201465964317322,0,0,
9,1.465685248,0,0,0,9.239525795,0,0.9660423398,0,0.8579279184,0,1.733090281,0,1.61728274822235,0.384679079055786,22.7103958129883,4.60151290893555,13.1775283813477,40.8745193481445,104.564903259277,0.0178729146718979,0.253320306539536,0,0,
10,1.83547163,0,0,0,10.57646084,0,1.087056518,0,0.955250144,0,2.041525364,0,1.55861234664917,0.431321859359741,20.6619682312012,4.14137315750122,12.8220252990723,40.788215637207,104.58854675293,0.0243944991379976,0.310114026069641,0,0,
11,2.251914024,0,0,0,11.93037224,0,1.208402753,0,1.047537208,0,2.369195461,0,1.5460786819458,0.480524629354477,18.8700294494629,3.73178887367249,12.4763317108154,40.666862487793,104.608062744141,0.0323672220110893,0.371335566043854,0,0,
12,2.715401411,0,0,0,13.29122543,0,1.329554439,0,1.134195328,0,2.714437008,0,1.56799244880676,0.530270993709564,17.3088722229004,3.36768317222595,12.1402263641357,40.5173759460449,104.624237060547,0.0419336445629597,0.436448991298676,0,0,
13,3.226018429,0,0,0,14.64983845,0,1.4500525,0,1.214874029,0,3.075477839,0,1.61513614654541,0.579176366329193,15.9551296234131,3.04449105262756,11.8135004043579,40.3456153869629,104.637680053711,0.053230956196785,0.504905760288239,0,0,
14,3.783550024,0,0,0,15.99783897,0,1.569496274,0,1.2894251349999999,0,3.45047164,0,1.68026864528656,0.626305222511292,14.787558555603,2.75810408592224,11.4959545135498,40.1565475463867,104.648834228516,0.0663898810744286,0.576154708862305,0,0,
15,4.387487888,0,0,0,17.3276329,0,1.687536955,0,1.357864976,0,3.837524891,0,1.75773108005524,0.671046555042267,13.7868385314941,2.50482320785522,11.1873989105225,39.9543914794922,104.658050537109,0.0815336331725121,0.649649679660797,0,0,
16,5.037037849,0,0,0,18.63238525,0,1.803871036,0,1.420339823,0,4.234731674,0,1.84313142299652,0.713026583194733,12.9353904724121,2.28131556510925,10.8876514434814,39.7427139282227,104.665603637695,0.098776973783969907,0.724856317043304,0,0,
17,5.731126308,0,0,0,19.90599632,0,1.918236375,0,1.477093339,0,4.640196323,0,1.93309092521667,0.752046585083008,12.2172193527222,2.08457732200623,10.5965404510498,39.524543762207,104.671699523926,0.118225373327732,0.801257193088531,0,0,
18,6.468409061,0,0,0,21.14308167,0,2.030407429,0,1.52843976,0,5.052062035,0,2.02504134178162,0.788036644458771,11.6177701950073,1.9118983745575,10.3139009475708,39.302433013916,104.67650604248,0.139974161982536,0.878356337547302,0,0,
19,7.247282982,0,0,0,22.33895493,0,2.14019227,0,1.574739814,0,5.468527317,0,2.11705899238586,0.821021199226379,11.1238021850586,1.76083409786224,10.0395755767822,39.078540802002,104.680137634277,0.16410781443119,0.955682873725891,0,0,
20,8.065898895,0,0,0,23.48960876,0,2.247428179,0,1.616381168,0,5.887870789,0,2.20773148536682,0.851092636585236,10.7232713699341,1.62917697429657,9.77341461181641,38.8546676635742,104.682708740234,0.190699368715286,1.03279364109039,0,0,
21,8.922171593,0,0,0,24.59168625,0,2.351980448,0,1.653762341,0,6.30845356,0,2.29605054855347,0.87839013338089,10.4052286148071,1.51493346691132,9.51527309417725,38.63232421875,104.684303283691,0.219809830188751,1.10927581787109,0,0,
22,9.813799858,0,0,0,25.64246178,0,2.453738928,0,1.687280297,0,6.728740215,0,2.38132357597351,0.903084337711334,10.1597270965576,1.41630244255066,9.26501274108887,38.4127616882324,104.685005187988,0.251487672328949,1.18474781513214,0,0,
23,10.73828125,0,0,0,26.63981819,0,2.552615643,0,1.717320442,0,7.147298813,0,2.46310305595398,0.925364136695862,9.97773838043213,1.33165633678436,9.02250099182129,38.1970176696777,104.684883117676,0.2857685983181,1.25886142253876,0,0,
24,11.69292927,0,0,0,27.58220673,0,2.648543358,0,1.744250417,0,7.562807083,0,2.54113006591797,0.945427358150482,9.85107803344727,1.25952386856079,8.7876091003418,37.9859275817871,104.683990478516,0.322675108909607,1.33130204677582,0,0,
25,13.24091816,0,0,0,27.93561172,0,2.725427628,0,1.768613935,0,7.977621078,0,2.61469030380249,0.963493645191193,9.76518630981445,1.19859075546265,8.56021213531494,37.7799758911133,104.682395935059,0.36347284913063,1.39926207065582,0,0,
26,14.17423058,0,0,0,28.61500168,0,2.805170298,0,1.787778854,0,8.334178925,0,2.6831955909729,0.97948944568634,9.71163272857666,1.14743173122406,8.34022998809814,37.5794410705566,104.680122375488,0.407939016819,1.46215188503265,0,0,
27,15.11992168,0,0,0,29.25933266,0,2.882846355,0,1.805303454,0,8.686882973,0,2.74696326255798,0.993462741374969,9.69024467468262,1.10475528240204,8.12757682800293,37.3846206665039,104.677185058594,0.454571396112442,1.52209413051605,0,0,
28,16.07305527,0,0,0,29.86789894,0,2.95826602,0,1.821321845,0,9.034305573,0,2.80649971961975,1.00582194328308,9.69642925262451,1.06964087486267,7.92212152481079,37.1957511901855,104.673614501953,0.503316342830658,1.57918548583984,0,0,
29,17.03379631,0,0,0,30.44337463,0,3.031648159,0,1.836040974,0,9.376918793,0,2.8622407913208,1.01686298847198,9.72610187530518,1.04125952720642,7.72373533248901,37.0130043029785,104.669456481934,0.554112017154694,1.6335175037384,0,0,
30,18.00228691,0,0,0,30.98809433,0,3.103178501,0,1.849636197,0,9.715134621,0,2.91458797454834,1.02681386470795,9.77567958831787,1.01887178421021,7.53229093551636,36.8365097045898,104.664756774902,0.606900036334991,1.6851921081543,0,0,
31,18.9736805,0,0,0,31.50151634,0,3.172669411,0,1.862196088,0,10.04763031,0,2.96388483047485,1.0358475446701,9.84198188781738,1.00181090831757,7.34766292572021,36.6663475036621,104.65958404541,0.661614298820496,1.73430490493774,0,0,
32,19.94814873,0,0,0,31.98587608,0,3.240294933,0,1.873864174,0,10.37483501,0,3.01042628288269,1.04409801959991,9.92218399047852,0.989475309848785,7.16972732543945,36.5025482177734,104.653984069824,0.718181133270264,1.78094553947449,0,0,
33,20.92338181,0,0,0,32.44202423,0,3.306043148,0,1.884736061,0,10.6963253,0,3.05447697639465,1.05167531967163,10.0138034820557,0.98132586479187,6.9983606338501,36.3451194763184,104.648010253906,0.776525676250458,1.82520508766174,0,0,
34,21.89954948,0,0,0,32.87189865,0,3.370062351,0,1.894922256,0,11.01249313,0,3.09627270698547,1.05867111682892,10.1146621704102,0.976879060268402,6.83344125747681,36.1940383911133,104.641731262207,0.836571455001831,1.86717414855957,0,0,
35,22.87435722,0,0,0,33.2762146,0,3.432327509,0,1.904494047,0,11.32291031,0,3.13602375984192,1.06516218185425,10.2228498458862,0.975701332092285,6.67484712600708,36.0492515563965,104.635200500488,0.898240923881531,1.90694308280945,0,0,
36,23.84552574,0,0,0,33.65576935,0,3.492817402,0,1.913514853,0,11.62717724,0,3.17390847206116,1.07121169567108,10.3366804122925,0.977400481700897,6.52245855331421,35.9106864929199,104.628463745117,0.961449801921844,1.94459581375122,0,0,
37,24.81323433,0,0,0,34.01223373,0,3.551657915,0,1.922061205,0,11.92566204,0,3.21008586883545,1.07687413692474,10.4546813964844,0.981624841690063,6.37615537643433,35.7782516479492,104.62158203125,1.02611291408539,1.98021614551544,0,0,
38,25.77522087,0,0,0,34.34629822,0,3.608817101,0,1.930179119,0,12.21795464,0,3.24469828605652,1.08219695091248,10.5755739212036,0.988058924674988,6.23581886291504,35.6518325805664,104.614593505859,1.09214425086975,2.01388621330261,0,0,
39,26.73164749,0,0,0,34.65945816,0,3.664405346,0,1.937927246,0,12.50439644,0,3.27787256240845,1.08722102642059,10.6982460021973,0.996419668197632,6.10133028030396,35.5313148498535,104.607551574707,1.15945720672607,2.04568696022034,0,0,
40,27.68026733,0,0,0,34.95235825,0,3.718387127,0,1.945338249,0,12.78458691,0,3.30972075462341,1.09198200702667,10.821738243103,1.00645303726196,5.97257137298584,35.416561126709,104.600486755371,1.22796428203583,2.07569718360901,0,0,
41,28.62124634,0,0,0,35.22633362,0,3.770859241,0,1.95245719,0,13.05883598,0,3.34034204483032,1.09651052951813,10.9452238082886,1.01793098449707,5.84942436218262,35.3074340820313,104.593452453613,1.29757738113403,2.1039936542511,0,0,
42,29.55472946,0,0,0,35.48259735,0,3.821910143,0,1.959323525,0,13.32742691,0,3.36983108520508,1.10083472728729,11.0680055618286,1.03065168857574,5.73177242279053,35.203784942627,104.586471557617,1.36821305751801,2.13065433502197,0,0,
43,30.47847748,0,0,0,35.72167587,0,3.871494293,0,1.965953588,0,13.58995247,0,3.39826941490173,1.10497832298279,11.1894874572754,1.04443395137787,5.61949825286865,35.1054649353027,104.579597473145,1.43978691101074,2.15575337409973,0,0,
44,31.39263344,0,0,0,35.94466782,0,3.919689178,0,1.972376943,0,13.84667492,0,3.42572784423828,1.10896134376526,11.3091640472412,1.05911433696747,5.51248645782471,35.0123138427734,104.572845458984,1.51221370697021,2.17936229705811,0,0,
45,32.29496765,0,0,0,36.15206146,0,3.966447353,0,1.97860384,0,14.09718895,0,3.45226669311523,1.11280047893524,11.4266090393066,1.07454609870911,5.41062116622925,34.9241714477539,104.566253662109,1.58540761470795,2.20154905319214,0,0,
46,33.1879921,0,0,0,36.34540558,0,4.011961937,0,1.984672904,0,14.34239769,0,3.47794485092163,1.11651146411896,11.5414762496948,1.09059965610504,5.31378746032715,34.8408813476563,104.559844970703,1.6592869758606,2.22238206863403,0,0,
47,34.06709671,0,0,0,36.52459335,0,4.056058884,0,1.99057138,0,14.58122921,0,3.50281167030334,1.1201069355011,11.6534805297852,1.10715818405151,5.22187042236328,34.7622833251953,104.553657531738,1.73376953601837,2.24192595481873,0,0,
48,34.93714523,0,0,0,36.69146347,0,4.099036217,0,1.996347904,0,14.81518936,0,3.52691459655762,1.12359869480133,11.7623958587646,1.12411880493164,5.13475561141968,34.6882133483887,104.547714233398,1.80877697467804,2.26024413108826,0,0,
49,35.79353714,0,0,0,36.84590912,0,4.14071703,0,2.00198555,0,15.04321098,0,3.55029988288879,1.12699747085571,11.8680515289307,1.14139151573181,5.052330493927,34.6185111999512,104.542030334473,1.88423526287079,2.27739906311035,0,0,
50,36.63639832,0,0,0,36.98874664,0,4.18116045,0,2.007496834,0,15.26550388,0,3.57299733161926,1.13030970096588,11.9703063964844,1.15889167785645,4.97448205947876,34.5530242919922,104.536636352539,1.96006369590759,2.29344773292542,0,0,
51,37.468193050000004,0,0,0,37.12109375,0,4.220529079,0,2.012907982,0,15.48287106,0,3.59504365921021,1.13354349136353,12.0690689086914,1.1765478849411,4.90109777450562,34.4915962219238,104.531539916992,2.0361909866333,2.30844736099243,0,0,
52,38.28667831,0,0,0,37.24323654,0,4.258758545,0,2.018212795,0,15.6948719,0,3.61647391319275,1.13670611381531,12.1642827987671,1.19429790973663,4.83206653594971,34.4340744018555,104.52677154541,2.11254978179932,2.32245373725891,0,0,
53,39.08963394,0,0,0,37.35549545,0,4.295786381,0,2.023403406,0,15.90108109,0,3.6373085975647,1.13980066776276,12.2559070587158,1.21208190917969,4.76727819442749,34.3803100585938,104.522331237793,2.1890652179718,2.33551740646362,0,0,
54,39.88182068,0,0,0,37.45914078,0,4.331872463,0,2.028517246,0,16.10285378,0,3.65757441520691,1.14283204078674,12.3439340591431,1.22985064983368,4.70662307739258,34.330150604248,104.51823425293,2.26567220687866,2.34768891334534,0,0,
55,40.65867996,0,0,0,37.55411148,0,4.366841793,0,2.033529282,0,16.29915047,0,3.67729735374451,1.14580500125885,12.4283800125122,1.24756133556366,4.64999198913574,34.2834625244141,104.514511108398,2.34230852127075,2.35901689529419,0,0,
56,41.42263031,0,0,0,37.64124298,0,4.400839806,0,2.038459301,0,16.4907074,0,3.69649577140808,1.14872169494629,12.5092735290527,1.26517403125763,4.59727716445923,34.2401008605957,104.511161804199,2.41891026496887,2.36954689025879,0,0,
57,42.17143631,0,0,0,37.72079086,0,4.433797359,0,2.043296099,0,16.67708015,0,3.71518778800964,1.15158462524414,12.5866594314575,1.28265452384949,4.54837131500244,34.1999282836914,104.508193969727,2.49541687965393,2.37932276725769,0,0,
58,42.90750504,0,0,0,37.79348373,0,4.465850353,0,2.048057795,0,16.85898018,0,3.73339080810547,1.15439581871033,12.6605958938599,1.29997313022614,4.50316905975342,34.1628189086914,104.50562286377,2.57177066802979,2.38838672637939,0,0,
59,43.6286087,0,0,0,37.85952377,0,4.496930599,0,2.052732229,0,17.03595161,0,3.75112175941467,1.15715742111206,12.7311534881592,1.31710469722748,4.46156549453735,34.1286430358887,104.503456115723,2.64791679382324,2.39677906036377,0,0,
60,44.33712387,0,0,0,37.91954803,0,4.527164936,0,2.057336092,0,17.20867538,0,3.76839685440063,1.15987122058868,12.7984104156494,1.33402729034424,4.42345714569092,34.0972747802734,104.50170135498,2.72380375862122,2.40453839302063,0,0,
61,45.03081894,0,0,0,37.97377014,0,4.556484222,0,2.06185627,0,17.37670135,0,3.78523111343384,1.16253864765167,12.862452507019,1.35072255134583,4.38874101638794,34.0685997009277,104.500350952148,2.79938197135925,2.41170120239258,0,0,
62,45.70977402,0,0,0,38.0225563,0,4.584914684,0,2.066293955,0,17.54013443,0,3.80163311958313,1.16515934467316,12.9233675003052,1.36717247962952,4.35731601715088,34.0424995422363,104.499435424805,2.87460017204285,2.41830205917358,0,0,
63,46.3763504,0,0,0,38.0664444,0,4.612578392,0,2.070665121,0,17.69962883,0,3.81761717796326,1.16773509979248,12.9812526702881,1.38336420059204,4.32908201217651,34.0188636779785,104.49893951416,2.94941425323486,2.42437434196472,0,0,
64,47.0283165,0,0,0,38.10559082,0,4.639401436,0,2.074955225,0,17.85471916,0,3.83319664001465,1.17026698589325,13.0362071990967,1.39928710460663,4.3039402961731,33.9975814819336,104.498870849609,3.02378225326538,2.42994976043701,0,0,
65,47.66572952,0,0,0,38.14031982,0,4.665406704,0,2.079164982,0,18.00549698,0,3.84837794303894,1.17275440692902,13.0883274078369,1.41492998600006,4.28179359436035,33.9785537719727,104.499229431152,3.09766006469727,2.43505764007568,0,0,
66,48.29095459,0,0,0,38.17106247,0,4.690708637,0,2.08330965,0,18.15259552,0,3.86317348480225,1.17519843578339,13.1377172470093,1.43028604984283,4.26254510879517,33.9616737365723,104.500022888184,3.17101001739502,2.43972706794739,0,0,
67,48.90173721,0,0,0,38.19797897,0,4.715233803,0,2.08737421,0,18.29554558,0,3.87759470939636,1.17759990692139,13.1844806671143,1.44535005092621,4.24610090255737,33.9468574523926,104.501251220703,3.24379682540894,2.44398474693298,0,0,
68,49.50042343,0,0,0,38.22141647,0,4.739090919,0,2.09137392,0,18.43495369,0,3.89165186882019,1.17995941638947,13.2287197113037,1.46011769771576,4.23236751556396,33.9340019226074,104.502914428711,3.31598734855652,2.44785690307617,0,0,
69,50.08478165,0,0,0,38.24151993,0,4.762206554,0,2.095292807,0,18.57035637,0,3.90535402297974,1.1822772026062,13.2705364227295,1.47458589076996,4.22125244140625,33.923023223877,104.505004882813,3.38754963874817,2.45136737823486,0,0,
70,50.65486526,0,0,0,38.25854874,0,4.784597874,0,2.099131107,0,18.701828,0,3.91870403289795,1.18455171585083,13.3100280761719,1.48875021934509,4.21266603469849,33.9138336181641,104.507530212402,3.45844864845276,2.45453929901123,0,0,
71,51.215271,0,0,0,38.27285004,0,4.80645895,0,2.102919102,0,18.83047867,0,3.93171620368958,1.18678522109985,13.3472967147827,1.50261187553406,4.20651912689209,33.9063529968262,104.510482788086,3.52866053581238,2.45739459991455,0,0,
72,51.75920868,0,0,0,38.28446198,0,4.827537537,0,2.10661006,0,18.954799650000002,0,3.94439744949341,1.18897747993469,13.3824396133423,1.51617014408112,4.20272397994995,33.900505065918,104.513870239258,3.59815859794617,2.45995378494263,0,0,
73,52.29354858,0,0,0,38.29369736,0,4.848110199,0,2.110249996,0,19.07639885,0,3.95675325393677,1.19112813472748,13.4155511856079,1.52942490577698,4.20119524002075,33.8962135314941,104.517684936523,3.66691732406616,2.46223664283752,0,0,
74,52.81377792,0,0,0,38.30066299,0,4.868015766,0,2.11380744,0,19.19429779,0,3.96879553794861,1.19323873519897,13.4467258453369,1.54237878322601,4.20184898376465,33.8934020996094,104.521926879883,3.73491740226746,2.46426153182983,0,0,
75,53.32221222,0,0,0,38.30557632,0,4.887354374,0,2.117297411,0,19.30906487,0,3.98052763938904,1.19530832767487,13.4760522842407,1.55503249168396,4.20460224151611,33.8920059204102,104.526596069336,3.8021354675293,2.46604585647583,0,0,
76,53.81887817,0,0,0,38.30858612,0,4.906133652,0,2.120719194,0,19.42074013,0,3.99195909500122,1.19733786582947,13.5036191940308,1.56738913059235,4.20937395095825,33.8919563293457,104.531684875488,3.86855411529541,2.46760582923889,0,0,
77,54.30381393,0,0,0,38.30983734,0,4.924365997,0,2.124072552,0,19.52936745,0,4.00309753417969,1.19932782649994,13.5295124053955,1.57945203781128,4.21608448028564,33.8931922912598,104.53719329834,3.93415760993958,2.46895742416382,0,0,
78,54.77705002,0,0,0,38.30948257,0,4.942063808,0,2.127356529,0,19.63499069,0,4.01394939422607,1.20127832889557,13.5538148880005,1.59122455120087,4.22465658187866,33.8956527709961,104.543113708496,3.99893069267273,2.47011494636536,0,0,
79,55.23861313,0,0,0,38.30764389,0,4.9592309,0,2.130571127,0,19.73764801,0,4.0245213508606,1.20318937301636,13.576605796814,1.60271000862122,4.23501396179199,33.8992767333984,104.549446105957,4.06285905838013,2.47109246253967,0,0,
80,55.68853378,0,0,0,38.30446625,0,4.975880623,0,2.133715391,0,19.83737755,0,4.03481769561768,1.20506107807159,13.5979604721069,1.61391174793243,4.2470817565918,33.9040107727051,104.556182861328,4.12592840194702,2.47190284729004,0,0,
81,56.12683868,0,0,0,38.30004883,0,4.99202013,0,2.136788845,0,19.93420792,0,4.04484272003174,1.20689308643341,13.6179533004761,1.62483298778534,4.26078701019287,33.9098014831543,104.563331604004,4.18812656402588,2.47255825996399,0,0,
82,56.55581284,0,0,0,38.294487,0,5.007740498,0,2.139806747,0,20.02867889,0,4.05460643768311,1.20868682861328,13.6366548538208,1.63547933101654,4.27605819702148,33.9165954589844,104.570869445801,4.24944591522217,2.4730703830719,0,0,
83,56.973213199999996,0,0,0,38.28791809,0,5.022964478,0,2.142752886,0,20.12031555,0,4.06411647796631,1.21044313907623,13.6541347503662,1.64585602283478,4.29282665252686,33.9243469238281,104.578804016113,4.30987930297852,2.47344970703125,0,0,
84,57.37907791,0,0,0,38.28044891,0,5.037702084,0,2.145626307,0,20.20915794,0,4.07337284088135,1.21216070652008,13.6704568862915,1.65596580505371,4.31102323532104,33.9330062866211,104.587120056152,4.36941623687744,2.4737069606781,0,0,
85,57.77567673,0,0,0,38.27210617,0,5.052039146,0,2.148442745,0,20.29571724,0,4.0823826789856,1.21384024620056,13.6856832504272,1.66581356525421,4.33058214187622,33.9425315856934,104.595825195313,4.42805004119873,2.47385144233704,0,0,
86,58.16302872,0,0,0,38.26300812,0,5.065982819,0,2.151202202,0,20.38002777,0,4.09115648269653,1.2154837846756,13.6998748779297,1.67540609836578,4.35143756866455,33.9528694152832,104.604911804199,4.48578119277954,2.47389197349548,0,0,
87,58.54114532,0,0,0,38.25320816,0,5.079539299,0,2.153903484,0,20.46210098,0,4.09970235824585,1.21709263324738,13.7130908966064,1.68474984169006,4.37352752685547,33.9639892578125,104.614379882813,4.54260873794556,2.47383713722229,0,0,
88,58.9078064,0,0,0,38.24285889,0,5.092633247,0,2.156530142,0,20.54148293,0,4.10802268981934,1.21866571903229,13.7253837585449,1.69384849071503,4.39678955078125,33.9758491516113,104.624206542969,4.59852838516235,2.47369480133057,0,0,
89,59.26527405,0,0,0,38.23195648,0,5.10534811,0,2.159098148,0,20.61867523,0,4.11611843109131,1.22020220756531,13.7368059158325,1.70270550251007,4.42116403579712,33.9884147644043,104.634399414063,4.65353441238403,2.47347259521484,0,0,
90,59.61355972,0,0,0,38.22056961,0,5.11769104,0,2.161606789,0,20.69369507,0,4.12399625778198,1.22170341014862,13.7474069595337,1.71132636070251,4.44659233093262,34.0016441345215,104.644943237305,4.70762729644775,2.47317719459534,0,0,
91,59.95268631,0,0,0,38.2087822,0,5.129664898,0,2.164056063,0,20.76657677,0,4.13166236877441,1.22316980361938,13.7572326660156,1.71971642971039,4.47301816940308,34.0155067443848,104.65584564209,4.76080703735352,2.47281527519226,0,0,
92,60.28266525,0,0,0,38.19664001,0,5.14127636,0,2.166445255,0,20.83732414,0,4.13912057876587,1.22460174560547,13.7663297653198,1.72788035869598,4.50038576126099,34.029972076416,104.667098999023,4.81307554244995,2.47239303588867,0,0,
93,60.60575485,0,0,0,38.18412018,0,5.152606964,0,2.168790102,0,20.90644073,0,4.14637994766235,1.22600102424622,13.7747411727905,1.73582470417023,4.52864122390747,34.0450057983398,104.678695678711,4.86443710327148,2.47191596031189,0,0,
94,60.91971588,0,0,0,38.1713562,0,5.163580418,0,2.17107439,0,20.97345924,0,4.15344715118408,1.22736871242523,13.7825078964233,1.7435554265976,4.55773258209229,34.0605735778809,104.690635681152,4.91489696502686,2.47138857841492,0,0,
95,61.22457504,0,0,0,38.15841675,0,5.174201012,0,2.173297405,0,21.03839874,0,4.16032314300537,1.22870373725891,13.7896680831909,1.75107610225677,4.5876088142395,34.0766525268555,104.702903747559,4.96445608139038,2.47081685066223,0,0,
96,61.52033615,0,0,0,38.14533615,0,5.184472561,0,2.175458908,0,21.10127258,0,4.16700792312622,1.23000538349152,13.796257019043,1.75838994979858,4.61822080612183,34.0932121276855,104.71549987793,5.01311445236206,2.47020578384399,0,0,
97,61.81149673,0,0,0,38.13195801,0,5.194555759,0,2.177591562,0,21.16304588,0,4.17351245880127,1.23127627372742,13.8023118972778,1.7655041217804,4.64952039718628,34.1102256774902,104.728408813477,5.06088256835938,2.46955895423889,0,0,
98,62.09133911,0,0,0,38.11863708,0,5.204216957,0,2.179645538,0,21.2223053,0,4.17984056472778,1.23251664638519,13.8078632354736,1.77242314815521,4.68146181106567,34.1276664733887,104.741645812988,5.10776424407959,2.46888041496277,0,0,
99,62.36659241,0,0,0,38.10510254,0,5.213693619,0,2.181670189,0,21.28048325,0,4.18599510192871,1.23372650146484,13.8129444122314,1.77915120124817,4.71399974822998,34.1455116271973,104.755187988281,5.15376472473145,2.46817421913147,0,0,
100,62.63279343,0,0,0,38.09159851,0,5.222834587,0,2.183632135,0,21.33665276,0,4.19198322296143,1.23490738868713,13.8175840377808,1.78569412231445,4.7470908164978,34.1637382507324,104.76904296875,5.19889354705811,2.46744322776794,0,0,
101,62.89218903,0,0,0,38.07805252,0,5.231716156,0,2.18554759,0,21.39128685,0,4.19780540466309,1.23605859279633,13.8218107223511,1.79205536842346,4.78069305419922,34.1823196411133,104.783195495605,5.24315452575684,2.46669101715088,0,0,
102,63.14477921,0,0,0,38.06449127,0,5.240344048,0,2.187416315,0,21.44439888,0,4.20346784591675,1.23718130588531,13.8256492614746,1.79823994636536,4.81476497650146,34.2012367248535,104.797645568848,5.28655672073364,2.4659206867218,0,0,
103,63.39057922,0,0,0,38.05095291,0,5.248719215,0,2.189237833,0,21.49599838,0,4.20897531509399,1.23827624320984,13.8291263580322,1.80425262451172,4.84926795959473,34.2204780578613,104.812393188477,5.32910871505737,2.46513485908508,0,0,
104,63.62960052,0,0,0,38.03748322,0,5.256843567,0,2.191012621,0,21.54609871,0,4.21433115005493,1.23934376239777,13.8322649002075,1.81009769439697,4.88416337966919,34.2400131225586,104.827423095703,5.37081861495972,2.46433615684509,0,0,
105,63.86183167,0,0,0,38.02406311,0,5.264717579,0,2.192739725,0,21.59469604,0,4.21953821182251,1.24038410186768,13.8350877761841,1.81577920913696,4.91941499710083,34.2598266601563,104.842735290527,5.41169404983521,2.4635272026062,0,0,
106,64.08730316,0,0,0,38.01077271,0,5.272345543,0,2.194419622,0,21.64181328,0,4.22459936141968,1.24139738082886,13.8376150131226,1.82130062580109,4.95498657226563,34.2799034118652,104.858322143555,5.45174312591553,2.46271014213562,0,0,
107,64.30599976,0,0,0,37.99759674,0,5.279727936,0,2.196051359,0,21.68744659,0,4.22951602935791,1.24238359928131,13.8398666381836,1.82666528224945,4.99084377288818,34.300220489502,104.874183654785,5.49097299575806,2.46188759803772,0,0,
108,64.52017212,0,0,0,37.98445511,0,5.286942959,0,2.197651863,0,21.73207474,0,4.23429536819458,1.24334442615509,13.8418617248535,1.83187830448151,5.02695369720459,34.3207588195801,104.890312194824,5.52939510345459,2.4610607624054,0,0,
109,64.72759247,0,0,0,37.97148132,0,5.293914795,0,2.199204445,0,21.77524185,0,4.23894166946411,1.2442809343338,13.8436183929443,1.83694434165955,5.06328392028809,34.3415107727051,104.906692504883,5.56702089309692,2.4602313041687,0,0,
110,64.93049622,0,0,0,37.95858002,0,5.300722122,0,2.200725317,0,21.817409519999998,0,4.24345970153809,1.24519371986389,13.8451538085938,1.8418675661087,5.09980392456055,34.3624572753906,104.923332214355,5.60386180877686,2.45940089225769,0,0,
111,65.12665558,0,0,0,37.94588089,0,5.307290077,0,2.202197552,0,21.85812187,0,4.24785232543945,1.24608314037323,13.8464822769165,1.84665191173553,5.13648462295532,34.3835830688477,104.940223693848,5.63992738723755,2.45857119560242,0,0,
112,65.31830597,0,0,0,37.93327713,0,5.313694,0,2.203638315,0,21.89785385,0,4.25212240219116,1.24694955348969,13.8476190567017,1.85130071640015,5.17329692840576,34.4048767089844,104.957359313965,5.67522764205933,2.45774292945862,0,0,
113,65.50322723,0,0,0,37.92092896,0,5.319863319,0,2.205029964,0,21.93614197,0,4.256272315979,1.24779295921326,13.8485774993896,1.85581731796265,5.21021366119385,34.4263191223145,104.974731445313,5.70977258682251,2.45691800117493,0,0,
114,65.68363953,0,0,0,37.90871048,0,5.325870037,0,2.206389666,0,21.97345352,0,4.26030302047729,1.24861323833466,13.8493709564209,1.8602043390274,5.24720811843872,34.4479026794434,104.992347717285,5.74357128143311,2.45609760284424,0,0,
115,65.85955811,0,0,0,37.8966217,0,5.331717491,0,2.20771718,0,22.00979614,0,4.26422071456909,1.24941229820251,13.8500127792358,1.86446666717529,5.28425598144531,34.469612121582,105.010200500488,5.7766375541687,2.45528221130371,0,0,
116,66.03098297,0,0,0,37.88469696,0,5.337407589,0,2.20901227,0,22.04517365,0,4.26803112030029,1.25019121170044,13.850513458252,1.86860859394073,5.32133197784424,34.4914360046387,105.028282165527,5.80898427963257,2.4544723033905,0,0,
117,66.19568634,0,0,0,37.87309265,0,5.342864513,0,2.210258245,0,22.07912636,0,4.27173280715942,1.25094878673553,13.850884437561,1.87263178825378,5.3584132194519,34.5133628845215,105.046577453613,5.84061908721924,2.45366978645325,0,0,
118,66.35813904,0,0,0,37.8615036,0,5.348237038,0,2.211488247,0,22.11258125,0,4.27533006668091,1.25168609619141,13.8511343002319,1.87653994560242,5.39547729492188,34.5353851318359,105.065101623535,5.87155389785767,2.4528751373291,0,0,
119,66.51387787,0,0,0,37.85025406,0,5.35338068,0,2.212668896,0,22.14461899,0,4.2788257598877,1.25240385532379,13.8512735366821,1.88033652305603,5.43250322341919,34.557487487793,105.083839416504,5.90180063247681,2.45208883285522,0,0,
120,66.66736603,0,0,0,37.83906174,0,5.358442307,0,2.213833809,0,22.17617035,0,4.28222274780273,1.25310254096985,13.8513116836548,1.88402438163757,5.46947050094604,34.579662322998,105.10279083252,5.9313702583313,2.4513111114502,0,0,
121,66.81413269,0,0,0,37.82823563,0,5.363276482,0,2.214948654,0,22.20630455,0,4.28552293777466,1.25378215312958,13.8512563705444,1.88760638237,5.50636005401611,34.6018943786621,105.121948242188,5.96027278900146,2.45054316520691,0,0,
122,66.95866394,0,0,0,37.81747055,0,5.368030071,0,2.216047764,0,22.2359581,0,4.2887282371521,1.25444293022156,13.8511152267456,1.89108502864838,5.54315233230591,34.6241798400879,105.141311645508,5.98851919174194,2.44978547096252,0,0,
123,67.09870911,0,0,0,37.8069458,0,5.372630119,0,2.217113972,0,22.2646656,0,4.29184436798096,1.25508666038513,13.8508958816528,1.89446449279785,5.57983016967773,34.6465110778809,105.160873413086,6.01612377166748,2.44903802871704,0,0,
124,67.23429871,0,0,0,37.79663467,0,5.377075672,0,2.218147039,0,22.29243088,0,4.29487180709839,1.25571274757385,13.8506059646606,1.89774668216705,5.61637592315674,34.668872833252,105.180625915527,6.0430965423584,2.44830131530762,0,0,
125,67.36540985,0,0,0,37.78659821,0,5.381370544,0,2.219146729,0,22.31926346,0,4.29781007766724,1.25632071495056,13.8502511978149,1.90093338489532,5.65277433395386,34.6912612915039,105.200569152832,6.06944513320923,2.44757628440857,0,0,
126,67.49427032,0,0,0,37.77663422,0,5.385587215,0,2.220130444,0,22.34561157,0,4.30066442489624,1.25691199302673,13.8498373031616,1.90402805805206,5.68900966644287,34.7136726379395,105.220695495605,6.0951828956604,2.44686269760132,0,0,
127,67.61868286,0,0,0,37.76693726,0,5.389651775,0,2.22108078,0,22.3710289,0,4.30343818664551,1.25748765468597,13.8493700027466,1.90703368186951,5.72506713867188,34.7360916137695,105.241004943848,6.12032270431519,2.44616031646729,0,0,
128,67.74084473,0,0,0,37.75733566,0,5.393639088,0,2.222014904,0,22.39596748,0,4.30613470077515,1.25804829597473,13.8488550186157,1.90995347499847,5.76093292236328,34.7585144042969,105.261497497559,6.14487648010254,2.44546985626221,0,0,
129,67.8585434,0,0,0,37.7480278,0,5.397476673,0,2.222915649,0,22.41998291,0,4.30875635147095,1.25859427452087,13.8482961654663,1.91278994083405,5.79659461975098,34.780933380127,105.282165527344,6.16885566711426,2.4447908401489298,0,0,
130,67.97179413,0,0,0,37.73899841,0,5.401164055,0,2.223783016,0,22.44307137,0,4.31130027770996,1.25912404060364,13.8476991653442,1.91554355621338,5.83203887939453,34.8033409118652,105.303009033203,6.1922664642334,2.44412446022034,0,0,
131,68.08280182,0,0,0,37.73007584,0,5.404776096,0,2.224633694,0,22.46568489,0,4.31376886367798,1.25963830947876,13.8470678329468,1.91821646690369,5.86725425720215,34.8257255554199,105.324012756348,6.2151198387146,2.44347071647644,0,0,
132,68.19156647,0,0,0,37.72127533,0,5.408310413,0,2.22546792,0,22.48782921,0,4.31616878509521,1.26013934612274,13.8464059829712,1.92081272602081,5.90222978591919,34.8480911254883,105.345184326172,6.23743057250977,2.4428288936615,0,0,
133,68.29587555,0,0,0,37.71279526,0,5.411698341,0,2.22626853,0,22.50905228,0,4.31850099563599,1.26062667369843,13.8457164764404,1.9233341217041,5.93695497512817,34.8704223632813,105.366516113281,6.25920915603638,2.44219923019409,0,0,
134,68.39796448,0,0,0,37.70442581,0,5.415007114,0,2.227052689,0,22.52980995,0,4.32076549530029,1.26110017299652,13.8450040817261,1.92578232288361,5.97141981124878,34.8927192687988,105.388000488281,6.28046369552612,2.4415819644928,0,0,
135,68.49559021,0,0,0,37.69638062,0,5.418172359,0,2.227802992,0,22.54965019,0,4.32296228408813,1.26155972480774,13.8442716598511,1.92815864086151,6.005615234375,34.9149780273438,105.409645080566,6.30120372772217,2.4409773349762,0,0,
136,68.59321594,0,0,0,37.68829346,0,5.421333313,0,2.22855401,0,22.56947708,0,4.32509708404541,1.26200687885284,13.8435211181641,1.93046641349792,6.03953266143799,34.9371871948242,105.431442260742,6.32144165039063,2.44038510322571,0,0,
137,68.68638611,0,0,0,37.6805191,0,5.424346447,0,2.229270697,0,22.58838654,0,4.32717370986938,1.26244270801544,13.8427562713623,1.93270862102509,6.0731635093689,34.959342956543,105.453384399414,6.34119081497192,2.4398045539856,0,0,
138,68.77510834,0,0,0,37.67308426,0,5.427213192,0,2.229954243,0,22.60638809,0,4.32918548583984,1.26286447048187,13.8419799804688,1.93488383293152,6.10650062561035,34.9814453125,105.475471496582,6.36045408248901,2.43923711776733,0,0,
139,68.86381531,0,0,0,37.66560745,0,5.430077076,0,2.23063755,0,22.62437439,0,4.33113670349121,1.26327383518219,13.8411931991577,1.93699479103088,6.13953685760498,35.0034866333008,105.497703552246,6.37924242019653,2.43868207931519,0,0,
140,68.95030975,0,0,0,37.65829086,0,5.432868958,0,2.231304407,0,22.64190292,0,4.33303642272949,1.26367354393005,13.8403987884521,1.93904614448547,6.17226552963257,35.0254592895508,105.520065307617,6.39757299423218,2.43813848495483,0,0,
141,69.03234863,0,0,0,37.65130234,0,5.4355134960000004,0,2.23193717,0,22.65851974,0,4.33488178253174,1.26406192779541,13.8395986557007,1.941037774086,6.20468044281006,35.04736328125,105.542572021484,6.41545104980469,2.43760681152344,0,0,
142,69.11215973,0,0,0,37.64448166,0,5.438085079,0,2.232553244,0,22.6746769,0,4.33666944503784,1.26443779468536,13.838794708252,1.94296991825104,6.23677635192871,35.0691909790039,105.565208435059,6.43288278579712,2.43708753585815,0,0,
143,69.19197083,0,0,0,37.637611389999996,0,5.440653324,0,2.233169317,0,22.6908226,0,4.33840751647949,1.26480412483215,13.8379888534546,1.94484639167786,6.26854705810547,35.0909423828125,105.587966918945,6.44988298416138,2.43657922744751,0,0,
144,69.26733398,0,0,0,37.63111496,0,5.443077564,0,2.233751774,0,22.70606613,0,4.34009742736816,1.2651606798172,13.8371820449829,1.9466689825058,6.29998874664307,35.112606048584,105.610847473145,6.46646118164063,2.43608212471008,0,0,
145,69.34046936,0,0,0,37.62477493,0,5.445429325,0,2.234317064,0,22.7208519,0,4.34173488616943,1.26550602912903,13.8363752365112,1.94843721389771,6.33109760284424,35.1341857910156,105.633850097656,6.48262166976929,2.43559718132019,0,0,
146,69.41361237,0,0,0,37.6184082,0,5.447779179,0,2.234882593,0,22.73563385,0,4.34332752227783,1.26584219932556,13.8355712890625,1.95015466213226,6.3618688583374,35.1556739807129,105.65697479248,6.49837875366211,2.43512320518494,0,0,
147,69.48230743,0,0,0,37.61240768,0,5.449984074,0,2.235414028,0,22.7495079,0,4.3448748588562,1.26616942882538,13.8347702026367,1.95182240009308,6.39229917526245,35.1770706176758,105.680213928223,6.51373958587646,2.43465995788574,0,0,
148,69.5510025,0,0,0,37.60638809,0,5.4521875380000004,0,2.23594594,0,22.76337814,0,4.3463773727417,1.26648724079132,13.8339738845825,1.95344161987305,6.42238569259644,35.198371887207,105.703567504883,6.5287127494812,2.43420767784119,0,0,
149,69.61524963,0,0,0,37.60073471,0,5.454247952,0,2.236443281,0,22.77634811,0,4.34783506393433,1.2667955160141,13.8331823348999,1.95501315593719,6.45212554931641,35.2195701599121,105.727035522461,6.54330635070801,2.43376636505127,0,0,
150,69.67949677,0,0,0,37.59505081,0,5.456305981,0,2.236941099,0,22.78930855,0,4.3492488861084,1.267094373703,13.8323965072632,1.95653820037842,6.48151588439941,35.2406692504883,105.750617980957,6.55752754211426,2.43333601951599,0,0,
151,69.74151611,0,0,0,37.58956146,0,5.458293438,0,2.237421989,0,22.80181885,0,4.35062313079834,1.26738548278809,13.8316173553467,1.95801913738251,6.51055479049683,35.261661529541,105.774307250977,6.57138824462891,2.43291592597961,0,0,
152,69.8013382,0,0,0,37.58423233,0,5.460206985,0,2.237885714,0,22.81387711,0,4.35195684432983,1.26766800880432,13.830846786499,1.9594566822052,6.53924083709717,35.282543182373,105.798095703125,6.58489465713501,2.43250608444214,0,0,
153,69.85891724,0,0,0,37.57910538,0,5.462049961,0,2.238332272,0,22.82548332,0,4.35324954986572,1.26794183254242,13.8300838470459,1.96085131168365,6.56757259368896,35.3033218383789,105.821983337402,6.59805250167847,2.43210673332214,0,0,
154,69.91650391,0,0,0,37.57394791,0,5.463890553,0,2.238779306,0,22.83708572,0,4.35450553894043,1.26820814609528,13.8293313980103,1.96220529079437,6.59554815292358,35.3239822387695,105.845977783203,6.61087274551392,2.43171739578247,0,0,
155,69.97186279,0,0,0,37.56898117,0,5.465659618,0,2.239208937,0,22.84823608,0,4.35572814941406,1.26846790313721,13.8285875320435,1.96352088451385,6.62316703796387,35.3445243835449,105.870056152344,6.62336587905884,2.43133687973022,0,0,
156,70.02501678,0,0,0,37.56420135,0,5.467357159,0,2.239621639,0,22.85893631,0,4.35691499710083,1.26872003078461,13.8278532028198,1.96479785442352,6.65042877197266,35.3649520874023,105.894233703613,6.63553619384766,2.43096613883972,0,0,
157,70.07594299,0,0,0,37.5595932,0,5.468983173,0,2.240017176,0,22.86918831,0,4.35806465148926,1.26896393299103,13.8271293640137,1.96603655815125,6.67733240127563,35.3852577209473,105.918495178223,6.64738941192627,2.43060517311096,0,0,
158,70.12687683,0,0,0,37.55498886,0,5.470608711,0,2.240412951,0,22.8794384,0,4.35917997360229,1.26920068264008,13.826416015625,1.96723854541779,6.70387840270996,35.4054412841797,105.942848205566,6.65893411636353,2.43025350570679,0,0,
159,70.17558289,0,0,0,37.55056,0,5.472162724,0,2.240791559,0,22.88923264,0,4.36026382446289,1.26943123340607,13.8257141113281,1.96840584278107,6.73006677627563,35.4255027770996,105.96728515625,6.67017936706543,2.42991065979004,0,0,
160,70.22206879,0,0,0,37.54633713,0,5.473644257,0,2.241153002,0,22.89858246,0,4.36131381988525,1.26965415477753,13.825023651123,1.96953797340393,6.75589752197266,35.445442199707,105.991813659668,6.68112945556641,2.42957711219788,0,0,
161,70.26855469,0,0,0,37.54209137,0,5.475125313,0,2.241514444,0,22.90792847,0,4.36233282089233,1.26987063884735,13.8243446350098,1.97063648700714,6.78137111663818,35.4652519226074,106.016410827637,6.69179248809814,2.42925214767456,0,0,
162,70.31283569,0,0,0,37.53804779,0,5.476535797,0,2.241858959,0,22.91682625,0,4.36332225799561,1.2700811624527,13.8236770629883,1.97170281410217,6.80648851394653,35.4849319458008,106.041091918945,6.70217561721802,2.42893576622009,0,0,
163,70.35710144,0,0,0,37.53399277,0,5.477945328,0,2.242203474,0,22.92572212,0,4.3642840385437,1.27028608322144,13.8230209350586,1.9727383852005,6.83125019073486,35.5044822692871,106.065849304199,6.71228790283203,2.42862749099731,0,0,
164,70.39915466,0,0,0,37.53012466,0,5.479283333,0,2.242530823,0,22.93417168,0,4.3652195930481,1.27048587799072,13.8223762512207,1.97374427318573,6.85565805435181,35.5238990783691,106.090682983398,6.72213554382324,2.42832684516907,0,0,
165,70.44120789,0,0,0,37.52625656,0,5.480621815,0,2.24285841,0,22.94261742,0,4.36613035202026,1.27068042755127,13.8217439651489,1.97472178936005,6.87971305847168,35.5431861877441,106.115585327148,6.73172616958618,2.42803335189819,0,0,
166,70.48104858,0,0,0,37.52258301,0,5.481889725,0,2.243168592,0,22.95061684,0,4.36701631546021,1.27086997032166,13.8211231231689,1.97567141056061,6.90341663360596,35.5623397827148,106.140556335449,6.74106645584106,2.42774724960327,0,0,
167,70.51866913,0,0,0,37.51909256,0,5.483084202,0,2.24346137,0,22.95816612,0,4.36787366867065,1.27105283737183,13.8205137252808,1.97659230232239,6.92677021026611,35.5813598632813,106.165603637695,6.75015735626221,2.42746901512146,0,0,
168,70.55628967,0,0,0,37.51561737,0,5.484282017,0,2.243754864,0,22.96571922,0,4.36870384216309,1.27122962474823,13.819917678833,1.97748553752899,6.94977569580078,35.6002426147461,106.190711975098,6.75900554656982,2.42719864845276,0,0,
169,70.59169006,0,0,0,37.51233673,0,5.485406876,0,2.244030714,0,22.9728241,0,4.36950826644897,1.27140080928802,13.8193330764771,1.97835183143616,6.97243547439575,35.6189842224121,106.215888977051,6.76761722564697,2.42693591117859,0,0,
170,70.62709045,0,0,0,37.50904465,0,5.486530781,0,2.244306803,0,22.97992516,0,4.37028741836548,1.27156662940979,13.8187618255615,1.97919189929962,6.9947509765625,35.6375885009766,106.24112701416,6.77599763870239,2.42668032646179,0,0,
171,70.66249847,0,0,0,37.50574875,0,5.487654686,0,2.244582653,0,22.98702621,0,4.37104749679565,1.27172923088074,13.8182020187378,1.98000848293304,7.01672458648682,35.6560516357422,106.266418457031,6.78415727615356,2.42643117904663,0,0,
172,70.69568634,0,0,0,37.50264359,0,5.488708019,0,2.244841576,0,22.99367905,0,4.37178707122803,1.27188777923584,13.8176527023315,1.98080217838287,7.03835821151733,35.674373626709,106.291770935059,6.79210186004639,2.42618823051453,0,0,
173,70.72666168,0,0,0,37.49975204,0,5.489690304,0,2.245083094,0,22.99989319,0,4.37250185012817,1.27204012870789,13.8171157836914,1.98157131671906,7.059654712677,35.6925582885742,106.317176818848,6.79983043670654,2.42595243453979,0,0,
174,70.75984955,0,0,0,37.49664307,0,5.49074316,0,2.245342255,0,23.00654411,0,4.37319707870483,1.27218878269196,13.8165903091431,1.98231816291809,7.08061647415161,35.7106018066406,106.342636108398,6.80735301971436,2.42572283744812,0,0,
175,70.78860474,0,0,0,37.4939537,0,5.49165678,0,2.245566607,0,23.01230812,0,4.37387180328369,1.2723331451416,13.8160762786865,1.98304331302643,7.10124635696411,35.7285041809082,106.368148803711,6.81467342376709,2.4254994392395,0,0,
176,70.81957245,0,0,0,37.49103546,0,5.492636681,0,2.245808363,0,23.01851273,0,4.3745265007019,1.27247309684753,13.8155736923218,1.98374700546265,7.12154674530029,35.7462615966797,106.393714904785,6.82179689407349,2.42528223991394,0,0,
177,70.84833527,0,0,0,37.48834229,0,5.49354887,0,2.246032953,0,23.02427673,0,4.3751654624939,1.27261030673981,13.8150825500488,1.98443126678467,7.14152002334595,35.7638740539551,106.419334411621,6.82873201370239,2.42507028579712,0,0,
178,70.8748703,0,0,0,37.48583221,0,5.494390488,0,2.246240139,0,23.02959061,0,4.37578248977661,1.27274215221405,13.8146028518677,1.98509430885315,7.16116952896118,35.7813453674316,106.44499206543,6.83547735214233,2.42486476898193,0,0,
179,70.90142059,0,0,0,37.4833374,0,5.495232105,0,2.246447563,0,23.03491211,0,4.37637758255005,1.27286875247955,13.8141345977783,1.98573637008667,7.18049812316895,35.7986717224121,106.470695495605,6.84203624725342,2.4246654510498,0,0,
180,70.92797089,0,0,0,37.4808197,0,5.496073246,0,2.246654749,0,23.04022598,0,4.37695550918579,1.27299213409424,13.8136768341064,1.98635947704315,7.19950866699219,35.8158531188965,106.496444702148,6.84841728210449,2.4244718551635702,0,0,
181,70.95450592,0,0,0,37.47832108,0,5.496913433,0,2.246862173,0,23.04553795,0,4.3775200843811,1.27311336994171,13.8132305145264,1.98696553707123,7.21820449829102,35.832893371582,106.52222442627,6.85462856292725,2.42428278923035,0,0,
182,70.97882843,0,0,0,37.476017,0,5.497682571,0,2.247052193,0,23.05041122,0,4.37806987762451,1.27323150634766,13.8127937316895,1.98755443096161,7.23658847808838,35.8497848510742,106.548049926758,6.86067247390747,2.4240984916687,0,0,
183,71.00315857,0,0,0,37.47371292,0,5.498452663,0,2.247242212,0,23.05528069,0,4.37860298156738,1.27334582805634,13.81236743927,1.98812592029572,7.25466394424438,35.8665313720703,106.573913574219,6.86655187606812,2.4239194393158,0,0,
184,71.02527618,0,0,0,37.47161484,0,5.499152184,0,2.247415304,0,23.05970764,0,4.3791184425354,1.27345609664917,13.8119525909424,1.98867988586426,7.27243423461914,35.8831329345703,106.599815368652,6.87226915359497,2.42374587059021,0,0,
185,71.04740143,0,0,0,37.46950912,0,5.499852657,0,2.247588158,0,23.06413269,0,4.37961483001709,1.273561835289,13.8115482330322,1.98921597003937,7.2899022102356,35.8995895385742,106.625755310059,6.87782764434814,2.42357778549194,0,0,
186,71.06950378,0,0,0,37.4673996,0,5.500550747,0,2.247760773,0,23.06855392,0,4.38009691238403,1.27366483211517,13.8111534118652,1.98973619937897,7.30707120895386,35.915901184082,106.651718139648,6.88323354721069,2.42341446876526,0,0,
187,71.0916214,0,0,0,37.46530151,0,5.501251698,0,2.247933865,0,23.07298088,0,4.38056802749634,1.27376592159271,13.8107681274414,1.99024224281311,7.32394456863403,35.9320678710938,106.677719116211,6.88849353790283,2.42325520515442,0,0,
188,71.11152649,0,0,0,37.46340942,0,5.501881123,0,2.248089552,0,23.07696533,0,4.38102531433105,1.2738641500473,13.8103923797607,1.99073350429535,7.34052562713623,35.9480857849121,106.703750610352,6.89361000061035,2.423100233078,0,0,
189,71.13142395,0,0,0,37.4615097,0,5.502510071,0,2.248245239,0,23.08094406,0,4.38146734237671,1.27395880222321,13.8100261688232,1.99120938777924,7.35681819915771,35.9639587402344,106.72981262207,6.89858388900757,2.42295002937317,0,0,
190,71.15132904,0,0,0,37.45960999,0,5.503139019,0,2.248400688,0,23.08492279,0,4.38189744949341,1.27405118942261,13.8096685409546,1.99167168140411,7.37282514572144,35.9796829223633,106.755889892578,6.90342235565186,2.42280387878418,0,0,
191,71.1712265,0,0,0,37.45770264,0,5.50376749,0,2.248556614,0,23.08890343,0,4.3823184967041,1.27414202690125,13.8093204498291,1.99212169647217,7.38855075836182,35.9952697753906,106.782005310059,6.90813064575195,2.4226610660553,0,0,
192,71.18891907,0,0,0,37.45600891,0,5.50432682,0,2.248694897,0,23.09243965,0,4.38272762298584,1.27423012256622,13.8089799880981,1.99255871772766,7.40399789810181,36.0107078552246,106.808143615723,6.91271018981934,2.42252206802368,0,0,
193,71.206604,0,0,0,37.45430756,0,5.504885674,0,2.248833179,0,23.09597397,0,4.38312244415283,1.27431464195251,13.808648109436,1.99298202991486,7.41916990280151,36.0260009765625,106.83430480957,6.91716194152832,2.42238759994507,0,0,
194,71.22428894,0,0,0,37.45262146,0,5.505443573,0,2.248971701,0,23.0995121,0,4.38350629806519,1.27439701557159,13.8083248138428,1.99339318275452,7.4340705871582,36.0411529541016,106.860481262207,6.9214916229248,2.42225670814514,0,0,
195,71.23976898,0,0,0,37.45114136,0,5.505933285,0,2.249092817,0,23.10260773,0,4.38387632369995,1.27447628974915,13.8080110549927,1.9937915802002,7.44870328903198,36.0561599731445,106.886680603027,6.92570018768311,2.42213010787964,0,0,
196,71.25745392,0,0,0,37.44944763,0,5.506492138,0,2.249231339,0,23.10614204,0,4.38423633575439,1.27455341815948,13.8077058792114,1.9941782951355,7.46307182312012,36.0710220336914,106.912902832031,6.92979192733765,2.42200684547424,0,0,
197,71.27293396,0,0,0,37.44795609,0,5.506979942,0,2.249352455,0,23.10923767,0,4.38458824157715,1.27462935447693,13.8074083328247,1.99455463886261,7.47717952728271,36.0857391357422,106.93913269043,6.93377304077148,2.42188668251038,0,0,
198,71.28840637,0,0,0,37.44646072,0,5.507469654,0,2.249473572,0,23.11232567,0,4.38492918014526,1.27470254898071,13.8071184158325,1.99491965770721,7.49103021621704,36.1003150939941,106.965385437012,6.93764352798462,2.42176985740662,0,0,
199,71.30388641,0,0,0,37.44498062,0,5.507957458,0,2.249594688,0,23.1154213,0,4.38526105880737,1.27477419376373,13.8068351745605,1.9952746629715,7.50462675094604,36.1147537231445,106.991645812988,6.94140863418579,2.42165589332581,0,0,
200,71.3171463,0,0,0,37.44369888,0,5.508375645,0,2.249698877,0,23.1180706,0,4.38558149337769,1.2748429775238,13.8065605163574,1.99561846256256,7.51797342300415,36.1290473937988,107.017921447754,6.94506692886353,2.42154574394226,0,0,
201,71.33041382,0,0,0,37.44242859,0,5.508794308,0,2.249802589,0,23.12071991,0,4.38588809967041,1.27490818500519,13.8062934875488,1.99595034122467,7.53107357025146,36.1431999206543,107.044212341309,6.94861936569214,2.42143964767456,0,0,
202,71.34588623,0,0,0,37.44093323,0,5.509283543,0,2.249923706,0,23.12381172,0,4.38618898391724,1.27497291564941,13.8060331344604,1.99627363681793,7.54393005371094,36.1572074890137,107.070510864258,6.95207548141479,2.42133617401123,0,0,
203,71.35915375,0,0,0,37.43965149,0,5.509701252,0,2.250027657,0,23.12646103,0,4.38648557662964,1.27503728866577,13.805778503418,1.99658906459808,7.55654716491699,36.1710739135742,107.096817016602,6.95544004440308,2.42123460769653,0,0,
204,71.37020874,0,0,0,37.43857956,0,5.510050774,0,2.250114202,0,23.12866592,0,4.38676881790161,1.27509796619415,13.80553150177,1.99689364433289,7.56892776489258,36.1848068237305,107.123138427734,6.95870685577393,2.42113661766052,0,0,
205,71.38347626,0,0,0,37.43730164,0,5.51046896,0,2.250218153,0,23.13131905,0,4.3870415687561,1.27515614032745,13.8052911758423,1.99718832969666,7.58107566833496,36.1983947753906,107.149452209473,6.96188020706177,2.42104196548462,0,0,
206,71.39451599,0,0,0,37.43623352,0,5.510817051,0,2.250304699,0,23.13352394,0,4.38730669021606,1.27521276473999,13.8050575256348,1.99747431278229,7.59299421310425,36.2118453979492,107.17578125,6.96496438980103,2.42094993591309,0,0,
207,71.40777588,0,0,0,37.43495178,0,5.511235237,0,2.250408649,0,23.13617325,0,4.38756561279297,1.2752685546875,13.8048295974731,1.99775230884552,7.60468673706055,36.2251625061035,107.202110290527,6.96796369552612,2.42086029052734,0,0,
208,71.4188385,0,0,0,37.43387985,0,5.511582851,0,2.250495195,0,23.13838005,0,4.38781976699829,1.27532362937927,13.8046083450317,1.99802327156067,7.61615657806396,36.238338470459,107.228446960449,6.97088193893433,2.42077279090881,0,0,
209,71.42989349,0,0,0,37.43281174,0,5.511931419,0,2.25058198,0,23.14058685,0,4.38806533813477,1.27537643909454,13.8043928146362,1.99828588962555,7.62740755081177,36.2513771057129,107.254783630371,6.97371768951416,2.4206876754760702,0,0,
210,71.44094849,0,0,0,37.43174744,0,5.512280464,0,2.250668526,0,23.14279556,0,4.38830375671387,1.27542793750763,13.8041830062866,1.99854099750519,7.6384425163269,36.2642822265625,107.281120300293,6.97647428512573,2.42060518264771,0,0,
211,71.44978333,0,0,0,37.4308815,0,5.512557983,0,2.250737667,0,23.14455605,0,4.3885326385498,1.27547681331635,13.8039798736572,1.99878764152527,7.64926528930664,36.2770500183105,107.307464599609,6.97915124893188,2.42052578926086,0,0,
212,71.46083832,0,0,0,37.42980957,0,5.512907028,0,2.250824451,0,23.14676666,0,4.38875389099121,1.27552402019501,13.8037815093994,1.99902641773224,7.65987920761108,36.2896881103516,107.333801269531,6.98175144195557,2.42044854164124,0,0,
213,71.46967316,0,0,0,37.42894745,0,5.513185978,0,2.250893593,0,23.14852905,0,4.38896894454956,1.27557015419006,13.8035898208618,1.99925827980042,7.67028665542603,36.302188873291,107.360137939453,6.98427867889404,2.42037343978882,0,0,
214,71.48072815,0,0,0,37.42788315,0,5.513535023,0,2.250980377,0,23.15073776,0,4.38917922973633,1.27561557292938,13.8034029006958,1.99948394298553,7.68049192428589,36.3145561218262,107.38646697998,6.98673629760742,2.42030024528503,0,0,
215,71.48957062,0,0,0,37.42702484,0,5.513813496,0,2.251049757,0,23.15250206,0,4.38938617706299,1.27566063404083,13.8032207489014,1.99970400333405,7.69049787521362,36.3267936706543,107.412788391113,6.98912668228149,2.42022895812988,0,0,
216,71.49840546,0,0,0,37.42616272,0,5.514090061,0,2.251118898,0,23.15426254,0,4.38958501815796,1.27570354938507,13.8030433654785,1.99991703033447,7.70030784606934,36.3388977050781,107.439109802246,6.99144887924194,2.42015981674194,0,0,
217,71.50724792,0,0,0,37.42530441,0,5.514370441,0,2.251188278,0,23.15603065,0,4.38977813720703,1.27574515342712,13.8028707504272,2.00012373924255,7.70992517471313,36.3508720397949,107.46541595459,6.99370574951172,2.42009258270264,0,0,
218,71.51609802,0,0,0,37.42443848,0,5.514647484,0,2.251257658,0,23.15779495,0,4.38996648788452,1.27578592300415,13.8027019500732,2.00032472610474,7.71935319900513,36.3627128601074,107.491722106934,6.99589967727661,2.42002725601196,0,0,
219,71.52272034,0,0,0,37.42380142,0,5.514856815,0,2.251309633,0,23.15911674,0,4.39014673233032,1.27582442760468,13.8025388717651,2.00051879882813,7.72859477996826,36.3744277954102,107.518020629883,6.99802923202515,2.4199640750885,0,0,
220,71.53156281,0,0,0,37.42294312,0,5.515136242,0,2.251379013,0,23.16088104,0,4.39032030105591,1.27586138248444,13.8023805618286,2.00070667266846,7.73765277862549,36.3860130310059,107.544303894043,7.00009727478027,2.41990303993225,0,0,
221,71.53819275,0,0,0,37.4222908,0,5.51534462,0,2.251430988,0,23.16220474,0,4.39048910140991,1.27589738368988,13.8022270202637,2.00088906288147,7.74653053283691,36.3974685668945,107.570579528809,7.00210618972778,2.41984391212463,0,0,
222,71.54703522,0,0,0,37.4214325,0,5.515622139,0,2.25150013,0,23.16396713,0,4.39065408706665,1.27593278884888,13.8020782470703,2.00106620788574,7.75523042678833,36.4087982177734,107.59684753418,7.00405931472778,2.41978645324707,0,0,
223,71.55365753,0,0,0,37.42078018,0,5.515831947,0,2.251552105,0,23.16528702,0,4.39081525802612,1.27596783638,13.8019332885742,2.00123882293701,7.76375675201416,36.4200057983398,107.623100280762,7.00595855712891,2.4197301864624,0,0,
224,71.5602951,0,0,0,37.42015076,0,5.516041756,0,2.251604319,0,23.16661644,0,4.39096975326538,1.27600085735321,13.8017930984497,2.00140523910522,7.77211141586304,36.4310874938965,107.649345397949,7.00780153274536,2.41967606544495,0,0,
225,71.56692505,0,0,0,37.41949844,0,5.516249657,0,2.251656294,0,23.16793823,0,4.39111852645874,1.27603268623352,13.8016567230225,2.0015664100647,7.78029775619507,36.4420433044434,107.675575256348,7.00959062576294,2.41962361335754,0,0,
226,71.57355499,0,0,0,37.41884613,0,5.516458035,0,2.251708269,0,23.16925812,0,4.39126300811768,1.2760636806488,13.8015241622925,2.00172257423401,7.78831815719604,36.4528732299805,107.701789855957,7.01132822036743,2.4195728302002,0,0,
227,71.58018494,0,0,0,37.41820145,0,5.516666889,0,2.251760483,0,23.17058372,0,4.3914041519165,1.27609407901764,13.8013954162598,2.00187468528748,7.79617691040039,36.4635848999023,107.727981567383,7.01301765441895,2.41952347755432,0,0,
228,71.58681488,0,0,0,37.41754913,0,5.516875744,0,2.25181222,0,23.17190361,0,4.39154243469238,1.27612411975861,13.80126953125,2.0020227432251,7.80387544631958,36.4741744995117,107.754165649414,7.01466035842896,2.41947507858276,0,0,
229,71.59343719,0,0,0,37.41691208,0,5.517084122,0,2.251864195,0,23.17322731,0,4.39167881011963,1.27615392208099,13.8011465072632,2.00216746330261,7.81141662597656,36.4846420288086,107.780326843262,7.01625823974609,2.41942763328552,0,0,
230,71.6000824,0,0,0,37.4162674,0,5.517292976,0,2.251916409,0,23.17455292,0,4.3918137550354,1.27618360519409,13.8010272979736,2.00230884552002,7.81880474090576,36.4949913024902,107.80647277832,7.01781368255615,2.4193811416626,0,0,
231,71.60449982,0,0,0,37.41583252,0,5.51743269,0,2.251950979,0,23.17543221,0,4.39194250106812,1.27621138095856,13.8009119033813,2.00244569778442,7.82604122161865,36.5052223205566,107.832595825195,7.01932334899902,2.41933631896973,0,0,
232,71.61112213,0,0,0,37.41518021,0,5.517640591,0,2.252002954,0,23.176754,0,4.39206695556641,1.27623808383942,13.800799369812,2.00257802009583,7.83312892913818,36.5153350830078,107.858695983887,7.0207896232605,2.41929292678833,0,0,
233,71.61554718,0,0,0,37.41475677,0,5.517780781,0,2.252037764,0,23.17763901,0,4.39218711853027,1.27626407146454,13.8006896972656,2.00270652770996,7.84007120132446,36.525333404541,107.884780883789,7.02221441268921,2.41925096511841,0,0,
234,71.6199646,0,0,0,37.41430664,0,5.51791954,0,2.252072334,0,23.17851639,0,4.39230012893677,1.27628767490387,13.8005838394165,2.00282955169678,7.84686994552612,36.535213470459,107.910842895508,7.02359437942505,2.41921091079712,0,0,
235,71.62659454,0,0,0,37.41366959,0,5.518128395,0,2.252124548,0,23.17984009,0,4.39241218566895,1.27631175518036,13.8004808425903,2.00294971466064,7.85352802276611,36.544979095459,107.936882019043,7.02493715286255,2.41917133331299,0,0,
236,71.63101959,0,0,0,37.41324615,0,5.518266678,0,2.252159119,0,23.18072319,0,4.39252281188965,1.27633595466614,13.8003807067871,2.00306749343872,7.86004829406738,36.554630279541,107.962898254395,7.02624320983887,2.41913270950317,0,0,
237,71.63542938,0,0,0,37.41280746,0,5.518405914,0,2.252193689,0,23.18160248,0,4.39262771606445,1.27635848522186,13.8002834320068,2.00318074226379,7.86643314361572,36.5641632080078,107.988891601563,7.02751064300537,2.41909575462341,0,0,
238,71.63986206,0,0,0,37.41237259,0,5.518545151,0,2.252228498,0,23.18248749,0,4.39272880554199,1.27637994289398,13.8001890182495,2.0032901763916,7.87268447875977,36.5735893249512,108.014862060547,7.02874040603638,2.41906023025513,0,0,
239,71.64427185,0,0,0,37.41194153,0,5.518682957,0,2.252263069,0,23.18336487,0,4.39282655715942,1.27640080451965,13.8000974655151,2.00339603424072,7.87880516052246,36.5829048156738,108.040802001953,7.02993392944336,2.41902565956116,0,0,
240,71.64868927,0,0,0,37.41150284,0,5.518822193,0,2.25229764,0,23.18424225,0,4.39292144775391,1.27642118930817,13.8000087738037,2.00349903106689,7.8847975730896,36.5921096801758,108.066719055176,7.03109359741211,2.41899180412292,0,0,
241,71.65311432,0,0,0,37.41107559,0,5.518961906,0,2.252332449,0,23.18512535,0,4.39301443099976,1.2764413356781,13.7999229431152,2.00359916687012,7.89066457748413,36.6012077331543,108.09260559082,7.03222036361694,2.41895890235901,0,0,
242,71.65753174,0,0,0,37.4106369,0,5.51910162,0,2.25236702,0,23.18600845,0,4.39310646057129,1.27646124362946,13.7998390197754,2.00369691848755,7.89640808105469,36.6101951599121,108.118469238281,7.03331613540649,2.41892671585083,0,0,
243,71.66195679,0,0,0,37.41021347,0,5.519239902,0,2.252401829,0,23.18689346,0,4.39319705963135,1.27648103237152,13.7997570037842,2.00379228591919,7.90203046798706,36.6190795898438,108.144302368164,7.03438186645508,2.41889524459839,0,0,
244,71.66416168,0,0,0,37.40999222,0,5.519309998,0,2.252419233,0,23.18733025,0,4.39328145980835,1.27649903297424,13.7996778488159,2.00388383865356,7.90753364562988,36.6278533935547,108.170104980469,7.03541469573975,2.41886520385742,0,0,
245,71.66858673,0,0,0,37.40955734,0,5.519449711,0,2.252453804,0,23.18821335,0,4.39336156845093,1.27651596069336,13.7996015548706,2.00397181510925,7.9129204750061,36.6365203857422,108.195877075195,7.03641557693481,2.41883659362793,0,0,
246,71.67300415,0,0,0,37.40913391,0,5.519587517,0,2.252488613,0,23.18909454,0,4.39344358444214,1.2765337228775,13.7995271682739,2.00405859947205,7.91819286346436,36.6450805664063,108.221626281738,7.03739070892334,2.41880798339844,0,0,
247,71.67520905,0,0,0,37.40890503,0,5.519657612,0,2.252505779,0,23.18953133,0,4.39352130889893,1.27655053138733,13.7994546890259,2.00414204597473,7.92335367202759,36.6535377502441,108.247344970703,7.03833723068237,2.41878056526184,0,0,
248,71.67963409,0,0,0,37.4084816,0,5.519795895,0,2.252540827,0,23.19041634,0,4.39359617233276,1.27656662464142,13.7993850708008,2.00422286987305,7.92840433120728,36.6618957519531,108.273025512695,7.03925514221191,2.41875410079956,0,0,
249,71.68404388,0,0,0,37.40804291,0,5.519934654,0,2.252575159,0,23.19129372,0,4.39367341995239,1.2765839099884,13.79931640625,2.0043032169342,7.93334722518921,36.6701507568359,108.298683166504,7.04015207290649,2.4187273979187,0,0,
250,71.68626404,0,0,0,37.40782928,0,5.520004272,0,2.252592802,0,23.19173813,0,4.39374780654907,1.27660036087036,13.7992486953735,2.00438117980957,7.93818426132202,36.6783065795898,108.32430267334,7.04102277755737,2.41870141029358,0,0,
251,71.68847656,0,0,0,37.40761185,0,5.520074368,0,2.252610207,0,23.19218063,0,4.39381504058838,1.27661442756653,13.7991847991943,2.00445508956909,7.9429178237915,36.6863594055176,108.349891662598,7.04186391830444,2.41867733001709,0,0,
252,71.69288635,0,0,0,37.40717697,0,5.520214081,0,2.252644777,0,23.19305801,0,4.39388227462769,1.27662861347198,13.7991228103638,2.00452733039856,7.94754981994629,36.6943130493164,108.375442504883,7.04268217086792,2.41865372657776,0,0,
253,71.69509888,0,0,0,37.40696716,0,5.520282745,0,2.252661943,0,23.19349861,0,4.39394855499268,1.27664315700531,13.7990617752075,2.00459790229797,7.95208168029785,36.7021675109863,108.400955200195,7.04347801208496,2.41863036155701,0,0,
254,71.69730377,0,0,0,37.40673828,0,5.52035141,0,2.25267911,0,23.19393539,0,4.39400959014893,1.27665591239929,13.7990026473999,2.00466513633728,7.95651626586914,36.7099304199219,108.42643737793,7.0442476272583,2.41860842704773,0,0,
255,71.70172882,0,0,0,37.40630722,0,5.520490646,0,2.252713919,0,23.1948185,0,4.39407157897949,1.27666926383972,13.7989454269409,2.00473141670227,7.96085500717163,36.7175941467285,108.451881408691,7.044997215271,2.41858649253845,0,0,
256,71.70394135,0,0,0,37.40609741,0,5.520562172,0,2.252731562,0,23.19526291,0,4.39413404464722,1.2766832113266,13.7988891601563,2.00479674339294,7.9650993347168,36.7251625061035,108.47728729248,7.04572772979736,2.41856479644775,0,0,
257,71.70614624,0,0,0,37.40587234,0,5.52063036,0,2.252748728,0,23.19569969,0,4.39419221878052,1.27669560909271,13.7988348007202,2.00485920906067,7.96925163269043,36.7326354980469,108.502662658691,7.04643535614014,2.41854429244995,0,0,
258,71.70835876,0,0,0,37.40566635,0,5.520699978,0,2.252766132,0,23.1961422,0,4.39424705505371,1.2767071723938,13.7987823486328,2.00491905212402,7.97331380844116,36.7400169372559,108.52799987793,7.04712057113647,2.41852474212646,0,0,
259,71.71057129,0,0,0,37.40544128,0,5.5207700729999996,0,2.252783537,0,23.19658279,0,4.39429950714111,1.27671802043915,13.798731803894,2.00497674942017,7.97728824615479,36.7473068237305,108.553298950195,7.04778480529785,2.41850614547729,0,0,
260,71.71276855,0,0,0,37.40522766,0,5.520838737,0,2.252800703,0,23.19702148,0,4.39434957504272,1.27672851085663,13.7986831665039,2.0050323009491,7.98117542266846,36.7545051574707,108.578559875488,7.04842901229858,2.41848802566528,0,0,
261,71.71498871,0,0,0,37.40500259,0,5.520907879,0,2.252818108,0,23.19746017,0,4.39439821243286,1.27673876285553,13.7986364364624,2.00508618354797,7.98497772216797,36.7616119384766,108.603790283203,7.04905414581299,2.41847062110901,0,0,
262,71.71720123,0,0,0,37.4047966,0,5.520978451,0,2.252835512,0,23.19790459,0,4.39444589614868,1.27674889564514,13.7985906600952,2.00513815879822,7.98869705200195,36.7686309814453,108.628982543945,7.04966068267822,2.41845369338989,0,0,
263,71.71940613,0,0,0,37.40457535,0,5.521047115,0,2.252852917,0,23.19834518,0,4.39449262619019,1.27675902843475,13.7985458374023,2.00518894195557,7.99233436584473,36.775562286377,108.65412902832,7.05025005340576,2.41843724250793,0,0,
264,71.72161102,0,0,0,37.40435791,0,5.52111578,0,2.252870321,0,23.19878387,0,4.39453840255737,1.27676892280579,13.7985029220581,2.00523829460144,7.99589157104492,36.7824058532715,108.679237365723,7.05082273483276,2.41842103004456,0,0,
265,71.72382355,0,0,0,37.40414429,0,5.521186352,0,2.252887487,0,23.19922447,0,4.39458322525024,1.27677881717682,13.7984609603882,2.00528645515442,7.99937057495117,36.7891616821289,108.704307556152,7.05137872695923,2.41840529441834,0,0,
266,71.72603607,0,0,0,37.40392303,0,5.521255493,0,2.252904892,0,23.199665069999998,0,4.39462757110596,1.27678871154785,13.7984199523926,2.0053334236145,8.00277328491211,36.7958335876465,108.729331970215,7.05191993713379,2.41838955879211,0,0,
267,71.72824097,0,0,0,37.4037056,0,5.521326065,0,2.252922297,0,23.20010567,0,4.39467191696167,1.27679860591888,13.7983798980713,2.00537967681885,8.00610065460205,36.802417755127,108.75431060791,7.05244636535645,2.41837430000305,0,0,
268,71.73045349,0,0,0,37.40348434,0,5.521394253,0,2.252939463,0,23.20054626,0,4.39471626281738,1.27680850028992,13.79833984375,2.00542497634888,8.00935459136963,36.8089179992676,108.779258728027,7.05295896530151,2.41835904121399,0,0,
269,71.73265839,0,0,0,37.40327072,0,5.521463394,0,2.252956867,0,23.20098495,0,4.39476013183594,1.27681839466095,13.7983016967773,2.00546956062317,8.01253700256348,36.8153343200684,108.804168701172,7.05345821380615,2.41834402084351,0,0,
270,71.73487091,0,0,0,37.40305328,0,5.521533966,0,2.252974272,0,23.20142746,0,4.39480352401733,1.27682816982269,13.798264503479,2.00551342964172,8.01564884185791,36.8216705322266,108.829032897949,7.05394458770752,2.41832900047302,0,0,
271,71.73487091,0,0,0,37.40305328,0,5.521533966,0,2.252974272,0,23.20142746,0,4.39484214782715,1.27683615684509,13.798228263855,2.00555467605591,8.01869106292725,36.8279228210449,108.853843688965,7.05441427230835,2.41831517219543,0,0,
272,71.73708344,0,0,0,37.40283966,0,5.521603584,0,2.252991676,0,23.20186996,0,4.3948769569397,1.27684319019318,13.7981939315796,2.00559377670288,8.02166652679443,36.8340950012207,108.878608703613,7.0548677444458,2.41830229759216,0,0,
273,71.73928833,0,0,0,37.40261841,0,5.521673203,0,2.253008842,0,23.20230484,0,4.39491367340088,1.27685117721558,13.7981595993042,2.00563263893127,8.02457523345947,36.8401870727539,108.903343200684,7.05531024932861,2.41828942298889,0,0,
274,71.74150085,0,0,0,37.40241241,0,5.521742344,0,2.253026485,0,23.20274925,0,4.39495182037354,1.27685976028442,13.7981252670288,2.00567150115967,8.027419090271,36.8462028503418,108.928031921387,7.0557427406311,2.41827630996704,0,0,
275,71.74150085,0,0,0,37.40241241,0,5.521742344,0,2.253026485,0,23.20274925,0,4.39498615264893,1.27686715126038,13.7980928421021,2.00570845603943,8.03019905090332,36.8521423339844,108.952674865723,7.05616092681885,2.41826415061951,0,0,
276,71.74371338,0,0,0,37.40218735,0,5.521811008,0,2.253043652,0,23.20318794,0,4.39501762390137,1.27687346935272,13.7980623245239,2.00574350357056,8.03291702270508,36.8579978942871,108.977272033691,7.05656480789185,2.41825294494629,0,0,
277,71.74591827,0,0,0,37.40196609,0,5.52188158,0,2.253061056,0,23.20362854,0,4.39505195617676,1.27688109874725,13.7980318069458,2.00577878952026,8.0355749130249,36.8637809753418,109.001823425293,7.05696058273315,2.41824102401733,0,0,
278,71.74591827,0,0,0,37.40196609,0,5.52188158,0,2.253061056,0,23.20362854,0,4.39508295059204,1.27688789367676,13.798002243042,2.00581240653992,8.03817272186279,36.8694877624512,109.026329040527,7.05734300613403,2.41822981834412,0,0,
279,71.7481308,0,0,0,37.4017601,0,5.521951199,0,2.253078461,0,23.20407104,0,4.39511251449585,1.27689397335052,13.7979736328125,2.0058445930481,8.04071235656738,36.8751220703125,109.050796508789,7.05771350860596,2.41821932792664,0,0,
280,71.7481308,0,0,0,37.4017601,0,5.521951199,0,2.253078461,0,23.20407104,0,4.39514017105103,1.27689957618713,13.7979469299316,2.0058753490448,8.0431957244873,36.8806838989258,109.075210571289,7.05807209014893,2.41820955276489,0,0,
281,71.75034332,0,0,0,37.40153503,0,5.522019386,0,2.253095865,0,23.20450974,0,4.39516639709473,1.27690494060516,13.7979202270508,2.00590467453003,8.04562282562256,36.8861694335938,109.099586486816,7.05841970443726,2.41820001602173,0,0,
282,71.75254059,0,0,0,37.40131378,0,5.522089958,0,2.253113031,0,23.20494652,0,4.39519643783569,1.27691185474396,13.7978944778442,2.00593519210815,8.04799461364746,36.8915863037109,109.123908996582,7.05876111984253,2.41818952560425,0,0,
283,71.75254059,0,0,0,37.40131378,0,5.522089958,0,2.253113031,0,23.20494652,0,4.39522457122803,1.27691805362701,13.797869682312,2.0059642791748,8.05031394958496,36.8969306945801,109.14818572998,7.05909252166748,2.41817998886108,0,0,
284,71.75475311,0,0,0,37.40109634,0,5.522158146,0,2.253130436,0,23.20538902,0,4.39525079727173,1.2769238948822,13.7978458404541,2.00599241256714,8.05257987976074,36.9022026062012,109.172409057617,7.05941295623779,2.4181706905365,0,0,
285,71.75475311,0,0,0,37.40109634,0,5.522158146,0,2.253130436,0,23.20538902,0,4.39527606964111,1.27692937850952,13.7978210449219,2.00601983070374,8.05479526519775,36.9074096679688,109.196594238281,7.0597243309021,2.41816186904907,0,0,
286,71.75697327,0,0,0,37.40088272,0,5.522227287,0,2.253147602,0,23.20583153,0,4.39530038833618,1.27693462371826,13.797797203064,2.00604629516602,8.056960105896,36.9125480651855,109.220726013184,7.0600266456604,2.41815304756165,0,0,
287,71.75697327,0,0,0,37.40088272,0,5.522227287,0,2.253147602,0,23.20583153,0,4.39532423019409,1.27693974971771,13.7977752685547,2.00607180595398,8.05907535552979,36.9176177978516,109.244812011719,7.06032037734985,2.41814470291138,0,0,
288,71.75917816,0,0,0,37.40066147,0,5.522297859,0,2.253165007,0,23.20627213,0,4.395348072052,1.27694475650787,13.7977533340454,2.00609660148621,8.06114292144775,36.9226188659668,109.268844604492,7.06060552597046,2.41813635826111,0,0,
289,71.75917816,0,0,0,37.40066147,0,5.522297859,0,2.253165007,0,23.20627213,0,4.3953709602356,1.27694976329803,13.7977313995361,2.00612092018127,8.06316375732422,36.9275512695313,109.292831420898,7.06088304519653,2.41812801361084,0,0,
290,71.76139069,0,0,0,37.40045929,0,5.522367001,0,2.25318265,0,23.20671272,0,4.39539384841919,1.27695465087891,13.7977113723755,2.00614476203918,8.0651388168335,36.9324188232422,109.316772460938,7.06115245819092,2.41812014579773,0,0,
291,71.76139069,0,0,0,37.40045929,0,5.522367001,0,2.25318265,0,23.20671272,0,4.39541625976563,1.27695977687836,13.7976913452148,2.00616812705994,8.0670690536499,36.9372215270996,109.340660095215,7.06141471862793,2.4181125164032,0,0,
292,71.76139069,0,0,0,37.40045929,0,5.522367001,0,2.25318265,0,23.20671272,0,4.39543342590332,1.27696287631989,13.7976722717285,2.00618886947632,8.06895542144775,36.9419631958008,109.364501953125,7.06166505813599,2.41810584068298,0,0,
293,71.76359558,0,0,0,37.40023804,0,5.522437572,0,2.253199816,0,23.20715141,0,4.39545202255249,1.27696669101715,13.7976541519165,2.0062096118927,8.07079792022705,36.9466361999512,109.388298034668,7.06190967559814,2.41809916496277,0,0,
294,71.76359558,0,0,0,37.40023804,0,5.522437572,0,2.253199816,0,23.20715141,0,4.39547109603882,1.27697086334229,13.7976369857788,2.0062301158905,8.07259845733643,36.9512519836426,109.412040710449,7.06214761734009,2.41809272766113,0,0,
295,71.76580811,0,0,0,37.40000916,0,5.52250576,0,2.25321722,0,23.2075901,0,4.3954906463623,1.27697539329529,13.7976198196411,2.00625061988831,8.07435703277588,36.9558029174805,109.435737609863,7.06237983703613,2.41808581352234,0,0,
296,71.76580811,0,0,0,37.40000916,0,5.52250576,0,2.25321722,0,23.2075901,0,4.39551067352295,1.27697992324829,13.7976016998291,2.00627088546753,8.07607555389404,36.9602966308594,109.459381103516,7.06260681152344,2.41807889938354,0,0,
297,71.76580811,0,0,0,37.40000916,0,5.52250576,0,2.25321722,0,23.2075901,0,4.39552593231201,1.27698290348053,13.7975854873657,2.00628900527954,8.07775497436523,36.964729309082,109.482978820801,7.0628228187561,2.41807293891907,0,0,
298,71.76802063,0,0,0,37.39979172,0,5.522574902,0,2.253234386,0,23.2080307,0,4.39554309844971,1.27698647975922,13.7975692749023,2.00630712509155,8.07939624786377,36.9691009521484,109.50651550293,7.06303453445435,2.41806697845459,0,0,
299,71.76802063,0,0,0,37.39979172,0,5.522574902,0,2.253234386,0,23.2080307,0,4.39556074142456,1.27699065208435,13.797553062439,2.00632524490356,8.08099937438965,36.9734153747559,109.530006408691,7.06324148178101,2.41806077957153,0,0,
