"Time Step","Softwood Merchantable","Hardwood Merchantable","Softwood Submerchantable","Hardwood Submerchantable","Softwood Other","Hardwood Other","Softwood Foliage","Hardwood Foliage","Softwood Fine Roots","Hardwood Fine Roots","Softwood Coarse Roots","Hardwood Coarse Roots","Aboveground Very Fast DOM","Belowground Very Fast DOM","Aboveground Fast DOM","Belowground Fast DOM","Medium DOM","Aboveground Slow DOM","Belowground Slow DOM","Softwood Stem Snag","Softwood Branch Snag","Hardwood Stem Snag","Hardwood Branch Snag",
0,0.02117783576,0,0,0,0.05319130421,0,0.1282722056,0,0.01907815598,0,0.02590822242,0,6.38156175613403,1.16869246959686,21.4755115509033,7.41069364547729,18.0585994720459,23.8827934265137,76.468505859375,6.98822404956445e-5,2.50659591984e-4,0,0,
1,0.09381280094,0,0,0,0.2678103745,0,0.2702327669,0,0.05892412364,0,0.08134789765,0,4.75280141830444,0.707755446434021,19.0098724365234,6.55869245529175,17.5171909332275,24.285945892334,76.5874328613281,4.4607601012103e-4,0.00172531197313219,0,0,
2,0.2238436043,0,0,0,0.5874813199,0,0.413991183,0,0.1127772853,0,0.1592428684,0,3.57471561431885,0.440564841032028,16.8356761932373,5.80528974533081,16.9920253753662,24.557035446167,76.6607208251953,0.00147352553904057,0.00549396127462387,0,0,
3,0.41441378,0,0,0,0.9840559959,0,0.5565624833,0,0.1770672947,0,0.2569499016,0,2.73299646377563,0.29181170463562,14.9222030639648,5.13932991027832,16.4826374053955,24.7255859375,76.703254699707,0.00351110124029219,0.0120659088715911,0,0,
4,0.6674171686,0,0,0,1.437981129,0,0.6964937449,0,0.2490892112,0,0.3729308546,0,2.14208245277405,0.215769320726395,13.241660118103,4.55092334747314,15.9885845184326,24.8145427703857,76.724609375,0.00691760424524546,0.0216483753174543,0,0,
5,0.9839045405,0,0,0,1.934024215,0,0.8329575062,0,0.3266035616,0,0.5060932636,0,1.73795700073242,0.184564128518105,11.7689962387085,4.03130531311035,15.509449005127,24.8418273925781,76.731071472168,0.0120448637753725,0.0342532098293304,0,0,
6,1.364260674,0,0,0,2.459631443,0,0.9654536843,0,0.4077037573,0,0.6555310488,0,1.47269225120544,0.181096494197845,10.4816656112671,3.57271146774292,15.0448369979858,24.821496963501,76.7268981933594,0.0192330814898014,0.0497595146298409,0,0,
7,1.808299065,0,0,0,3.004142761,0,1.093677878,0,0.4907596111,0,0.8203990459,0,1.31036424636841,0.194780975580215,9.35938930511475,3.16826152801514,14.5943775177002,24.7646331787109,76.7150421142578,0.0288072917610407,0.06795534491539,0,0,
8,2.315322399,0,0,0,3.558363914,0,1.217452526,0,0.5743870139,0,0.9998458028,0,1.22401034832001,0.218985423445702,8.38393020629883,2.81186032295227,14.1577215194702,24.680004119873,76.6976013183594,0.0410744957625866,0.0885673686861992,0,0,
9,2.884165049,0,0,0,4.114311218,0,1.336687207,0,0.6574270129,0,1.192979336,0,1.19336569309235,0.249491795897484,7.53889083862305,2.49810576438904,13.7345371246338,24.5745735168457,76.6761322021484,0.0563212707638741,0.111282788217068,0,0,
10,3.513228893,0,0,0,4.665048599,0,1.451352835,0,0.7389272451,0,1.39885056,0,1.20318031311035,0.283569931983948,6.80952596664429,2.22220897674561,13.3245134353638,24.4538917541504,76.6517944335938,0.0748117342591286,0.135765969753265,0,0,
11,4.20051384,0,0,0,5.204575539,0,1.561465621,0,0.8181244731,0,1.616450548,0,1.24196696281433,0.319419234991074,6.18257522583008,1.97992324829102,12.9273557662964,24.3223838806152,76.6254730224609,0.0967858582735062,0.161671236157417,0,0,
12,4.943647385,0,0,0,5.727745056,0,1.667074561,0,0.8944253922,0,1.844714165,0,1.30106997489929,0.355830639600754,5.64611721038818,1.76748132705688,12.5427885055542,24.1835784912109,76.5978469848633,0.122458025813103,0.188652858138084,0,0,
13,5.739915371,0,0,0,6.230197906,0,1.768253446,0,0.9673887491,0,2.082528591,0,1.37396919727325,0.391980201005936,5.18943452835083,1.58153963088989,12.1705474853516,24.0402984619141,76.5694427490234,0.152015849947929,0.216372773051262,0,0,
14,6.586290359,0,0,0,6.708309174,0,1.865094304,0,1.036705613,0,2.328746796,0,1.45576119422913,0.427302241325378,4.80289697647095,1.41912913322449,11.8103837966919,23.8947906494141,76.5406799316406,0.18561926484108,0.244506597518921,0,0,
15,7.479464531,0,0,0,7.159139633,0,1.957703114,0,1.102181435,0,2.582198858,0,1.54276919364929,0.461409538984299,4.47785568237305,1.27761220932007,11.4620609283447,23.7488346099854,76.5118865966797,0.22339990735054,0.27274826169014,0,0,
16,8.415881157,0,0,0,7.580390453,0,2.046195269,0,1.163718343,0,2.841709614,0,1.63225078582764,0.494041919708252,4.20655059814453,1.15464425086975,11.1253538131714,23.6038303375244,76.4832992553711,0.265460610389709,0.300813436508179,0,0,
17,9.391768456,0,0,0,7.970359325,0,2.130693913,0,1.221298218,0,3.106108665,0,1.72217619419098,0.5250324010849,3.98202514648438,1.04813992977142,10.8000469207764,23.4608726501465,76.4551162719727,0.311875224113464,0.328442126512527,0,0,
18,10.40317249,0,0,0,8.327897072,0,2.211326361,0,1.274967551,0,3.374244213,0,1.81106102466583,0.554283618927002,3.79805183410645,0.956243515014648,10.4859342575073,23.3208026885986,76.4274673461914,0.362688660621643,0.355400294065475,0,0,
19,11.44599438,0,0,0,8.652363777,0,2.288223267,0,1.324824333,0,3.644996643,0,1.8978385925293,0.5817511677742,3.6490650177002,0.877302706241608,10.1828155517578,23.1842575073242,76.4004592895508,0.417917251586914,0.381481051445007,0,0,
20,12.96848202,0,0,0,8.332900047,0,2.273764372,0,1.363313556,0,3.870368958,0,1.9759806394577,0.606692373752594,3.52178621292114,0.809638023376465,9.89049911499023,23.0511283874512,76.3740768432617,0.479042112827301,0.403627216815948,0,0,
21,14.01894093,0,0,0,8.397572517,0,2.335921764,0,1.399302959,0,4.095737457,0,2.04527163505554,0.6287881731987,3.40972065925598,0.75175142288208,9.60884380340576,22.921142578125,76.3482284545898,0.545814096927643,0.421211719512939,0,0,
22,15.0773735,0,0,0,8.46615696,0,2.397582531,0,1.433600545,0,4.325326443,0,2.11174082756042,0.648776650428772,3.3158848285675,0.702536821365356,9.3377046585083,22.794506072998,76.322883605957,0.616439402103424,0.436755448579788,0,0,
23,16.14166832,0,0,0,8.537966728,0,2.458529472,0,1.466180682,0,4.558491707,0,2.17565107345581,0.667175054550171,3.23813009262085,0.661031186580658,9.0768871307373,22.6713943481445,76.2980422973633,0.690784454345703,0.450601816177368,0,0,
24,17.20721817,0,0,0,8.612236977,0,2.5184412,0,1.496969581,0,4.794043064,0,2.2371549606323202,0.684283852577209,3.17455792427063,0.626374006271362,8.82619762420654,22.5519466400146,76.2737503051758,0.768699645996094,0.46303516626358,0,0,
25,18.26950645,0,0,0,8.688251495,0,2.577038527,0,1.525930285,0,5.030794144,0,2.29631924629211,0.700272381305695,3.12348389625549,0.597793459892273,8.58544158935547,22.4362754821777,76.2500152587891,0.850012362003326,0.474289774894714,0,0,
26,19.32904243,0,0,0,8.765712738,0,2.634344339,0,1.553179145,0,5.268681049,0,2.35318779945374,0.715249717235565,3.08341884613037,0.57460081577301,8.3544282913208,22.3244533538818,76.2268676757813,0.934544682502747,0.484559595584869,0,0,
27,20.38381386,0,0,0,8.844198227,0,2.690257788,0,1.5787673,0,5.507088661,0,2.4078094959259,0.729297339916229,3.05304884910584,0.556183636188507,8.13296508789063,22.2165336608887,76.2043304443359,1.0221221446991,0.494005650281906,0,0,
28,21.42936516,0,0,0,8.923145294,0,2.744566917,0,1.60269928,0,5.744851589,0,2.46020889282227,0.742469429969788,3.03120517730713,0.541992008686066,7.92085981369019,22.1125392913818,76.1824188232422,1.1125568151474,0.502759993076324,0,0,
29,22.46616745,0,0,0,9.002371788,0,2.797330856,0,1.625100732,0,5.981922626,0,2.51041173934937,0.754810929298401,3.01684975624084,0.53153395652771,7.71792030334473,22.0124778747559,76.1611480712891,1.20565664768219,0.510931134223938,0,0,
30,23.48980522,0,0,0,9.081383705,0,2.848370552,0,1.645991445,0,6.217151165,0,2.55844759941101,0.76636266708374,3.00905919075012,0.524368762969971,7.52395534515381,21.9163303375244,76.1405258178711,1.30122542381287,0.51860785484314,0,0,
31,24.50072861,0,0,0,9.160056114,0,2.897759199,0,1.66549468,0,6.450502396,0,2.60434889793396,0.777162969112396,3.00701069831848,0.520101189613342,7.33877229690552,21.8240661621094,76.1205368041992,1.39906287193298,0.525862634181976,0,0,
32,25.49695015,0,0,0,9.238125801,0,2.945454121,0,1.683680773,0,6.681397438,0,2.64816498756409,0.787253260612488,3.00997471809387,0.518378794193268,7.16217803955078,21.7356433868408,76.101188659668,1.49897301197052,0.532755017280579,0,0,
33,26.47886848,0,0,0,9.315509796,0,2.991529465,0,1.700659513,0,6.909811974,0,2.68995523452759,0.796675741672516,3.01730370521545,0.518886864185333,6.99397897720337,21.6510066986084,76.0824737548828,1.60076355934143,0.539333939552307,0,0,
34,27.44446945,0,0,0,9.391965866,0,3.0359478,0,1.716493487,0,7.135175705,0,2.72978568077087,0.805472254753113,3.0284218788147,0.521344363689423,6.83398246765137,21.5700912475586,76.0643844604492,1.70424616336823,0.545639395713806,0,0,
35,28.39174652,0,0,0,9.467258453,0,3.078677416,0,1.731243491,0,7.356922626,0,2.76771640777588,0.813679695129395,3.04281187057495,0.525497555732727,6.68199491500854,21.492826461792,76.0469055175781,1.80922782421112,0.551702976226807,0,0,
36,29.32105446,0,0,0,9.541351318,0,3.119795084,0,1.7450037,0,7.575044632,0,2.8038125038147,0.821335017681122,3.06001257896423,0.531119346618652,6.53782272338867,21.4191379547119,76.0300216674805,1.91551911830902,0.557550311088562,0,0,
37,30.2327137,0,0,0,9.614222527,0,3.159372807,0,1.757858872,0,7.789541721,0,2.83815169334412,0.828477621078491,3.0796172618866,0.538008689880371,6.40127229690552,21.3489456176758,76.0137405395508,2.02294135093689,0.563202798366547,0,0,
38,31.12468719,0,0,0,9.685657501,0,3.197379351,0,1.769855022,0,7.999860287,0,2.87080931663513,0.835143566131592,3.10126233100891,0.545985281467438,6.27215051651001,21.2821617126465,75.9980392456055,2.13131904602051,0.568677425384521,0,0,
39,31.99726486,0,0,0,9.755652428,0,3.233884096,0,1.781065941,0,8.206004143,0,2.90185737609863,0.841366052627563,3.12462210655212,0.554887056350708,6.15026378631592,21.2187042236328,75.98291015625,2.240478515625,0.573987662792206,0,0,
40,32.85071564,0,0,0,9.824189186,0,3.268952608,0,1.791558266,0,8.407978058,0,2.93137311935425,0.847178399562836,3.14940929412842,0.564570724964142,6.03541994094849,21.1584854125977,75.9683380126953,2.35025644302368,0.579144835472107,0,0,
41,33.6829834,0,0,0,9.891082764,0,3.302554369,0,1.801365614,0,8.605244637,0,2.95942759513855,0.852610290050507,3.17536616325378,0.574907064437866,5.92742681503296,21.1014175415039,75.9543075561523,2.46049118041992,0.584157526493073,0,0,
42,34.49662399,0,0,0,9.956515312,0,3.334841967,0,1.810571074,0,8.798361778,0,2.9860942363739,0.857690632343292,3.2022647857666,0.585781693458557,5.8260931968689,21.0474128723145,75.9408187866211,2.57102966308594,0.589033007621765,0,0,
43,35.28725052,0,0,0,10.02012348,0,3.365692854,0,1.819174528,0,8.986246109,0,3.01143884658813,0.862444639205933,3.22989916801453,0.597091257572174,5.73122882843018,20.9963817596436,75.9278564453125,2.68172097206116,0.593776702880859,0,0,
44,36.05967712,0,0,0,10.0822649,0,3.395341158,0,1.827272892,0,9.170003891,0,3.03552746772766,0.866896986961365,3.25808835029602,0.608744323253632,5.64264440536499,20.9482402801514,75.9154052734375,2.79242157936096,0.598393023014069,0,0,
45,36.80952454,0,0,0,10.14259434,0,3.423664331,0,1.834860444,0,9.348563194,0,3.05842638015747,0.871070921421051,3.28667235374451,0.620660066604614,5.56015205383301,20.9028968811035,75.9034576416016,2.902996301651,0.602885901927948,0,0,
46,37.54154968,0,0,0,10.2014761,0,3.450884104,0,1.842021823,0,9.523026466,0,3.08019852638245,0.8749880194664,3.31551027297974,0.632767200469971,5.48356533050537,20.8602714538574,75.8920059204102,3.01331830024719,0.607258677482605,0,0,
47,38.25364304,0,0,0,10.25873947,0,3.476960659,0,1.848767638,0,9.692866325,0,3.10091328620911,0.878670454025269,3.34448313713074,0.645005106925964,5.41269874572754,20.8202800750732,75.8810348510742,3.12327432632446,0.611515164375305,0,0,
48,38.94368362,0,0,0,10.31420326,0,3.501854897,0,1.85510838,0,9.857554436,0,3.12061929702759,0.882133543491364,3.37347650527954,0.65731543302536,5.34737014770508,20.7828369140625,75.8705368041992,3.23274278640747,0.615656912326813,0,0,
49,39.61411285,0,0,0,10.36806488,0,3.525693655,0,1.861094117,0,10.01765251,0,3.13936448097229,0.885392129421234,3.40238952636719,0.669646799564362,5.28739833831787,20.7478618621826,75.8604965209961,3.34160923957825,0.619685232639313,0,0,
50,40.2673378,0,0,0,10.42051697,0,3.54859519,0,1.866769552,0,10.17372227,0,3.1572093963623,0.888464450836182,3.43114328384399,0.681958615779877,5.23260354995728,20.7152767181396,75.8509140014648,3.44978022575378,0.623603224754334,0,0,
51,40.89895248,0,0,0,10.47120094,0,3.570435762,0,1.872117519,0,10.32469368,0,3.17420148849487,0.891363739967346,3.45966386795044,0.694212794303894,5.18280935287476,20.6850051879883,75.8417892456055,3.5571596622467,0.627412557601929,0,0,
52,41.51361465,0,0,0,10.52047825,0,3.591407061,0,1.877197146,0,10.47166348,0,3.19038510322571,0.894102215766907,3.48788595199585,0.706375658512115,5.13784122467041,20.6569709777832,75.8330993652344,3.66365718841553,0.631114840507507,0,0,
53,42.10916901,0,0,0,10.56819725,0,3.611463785,0,1.882007837,0,10.61411381,0,3.20580816268921,0.896692752838135,3.5157573223114,0.718420028686523,5.09752702713013,20.6310977935791,75.824836730957,3.76919484138489,0.634712338447571,0,0,
54,42.68572617,0,0,0,10.61435986,0,3.630637169,0,1.886566281,0,10.75205517,0,3.22050642967224,0.89914458990097,3.5432276725769,0.730319619178772,5.06169700622559,20.6073169708252,75.8170013427734,3.87369155883789,0.638206243515015,0,0,
55,43.24340439,0,0,0,10.65896797,0,3.648954868,0,1.89088738,0,10.88550854,0,3.2345142364502,0.901466310024261,3.57025337219238,0.742051184177399,5.03018522262573,20.5855579376221,75.8095855712891,3.97707104682922,0.64159768819809,0,0,
56,43.7845192,0,0,0,10.70222282,0,3.666519642,0,1.895001769,0,11.01502132,0,3.24786925315857,0.903667449951172,3.59680008888245,0.753596782684326,5.00282716751099,20.5657482147217,75.8025741577148,4.07926797866821,0.644888520240784,0,0,
57,44.3091774,0,0,0,10.74412918,0,3.683353424,0,1.898921371,0,11.14061737,0,3.26061129570007,0.9057577252388,3.62284374237061,0.76494312286377,4.97946166992188,20.5478229522705,75.7959671020508,4.18022871017456,0.648081183433533,0,0,
58,44.81744003,0,0,0,10.78468895,0,3.699478388,0,1.902655959,0,11.26230049,0,3.27277493476868,0.907745182514191,3.64836287498474,0.776078462600708,4.95993041992188,20.531717300415,75.7897491455078,4.27990198135376,0.651177942752838,0,0,
59,45.30715179,0,0,0,10.82372952,0,3.714845181,0,1.906199098,0,11.37955189,0,3.28438496589661,0.909634828567505,3.6733341217041,0.78699004650116,4.94407844543457,20.5173664093018,75.7839279174805,4.37823247909546,0.654179811477661,0,0,
60,45.78285599,0,0,0,10.86163044,0,3.72961688,0,1.909591436,0,11.4934597,0,3.29546880722046,0.911433041095734,3.69774317741394,0.797669291496277,4.93175411224365,20.504711151123,75.7784805297852,4.47517490386963,0.657088696956635,0,0,
61,46.24237823,0,0,0,10.89820576,0,3.74374032,0,1.912824512,0,11.6034956,0,3.30605816841125,0.913146615028381,3.72158098220825,0.808111011981964,4.92280864715576,20.4936904907227,75.7734069824219,4.57069492340088,0.659907042980194,0,0,
62,46.68577957,0,0,0,10.93346882,0,3.757232428,0,1.915905118,0,11.70967388,0,3.31617379188538,0.914779603481293,3.7448365688324,0.818308293819427,4.91709613800049,20.4842472076416,75.7687072753906,4.6647515296936,0.66263622045517,0,0,
63,47.11311722,0,0,0,10.96743107,0,3.770112991,0,1.918839693,0,11.8120079,0,3.32583475112915,0.916335701942444,3.76750016212463,0.828255176544189,4.91447448730469,20.4763221740723,75.7643661499023,4.75730657577515,0.665277481079102,0,0,
64,47.52889252,0,0,0,11.00044537,0,3.782528162,0,1.92166388,0,11.91157055,0,3.33506894111633,0.917821049690247,3.78957295417786,0.837951183319092,4.91480398178101,20.4698619842529,75.760383605957,4.84833955764771,0.667833507061005,0,0,
65,47.92871094,0,0,0,11.03216171,0,3.79435873,0,1.924352288,0,12.00730896,0,3.3438997268676798,0.919240355491638,3.81105613708496,0.847396016120911,4.91795015335083,20.4648113250732,75.7567520141602,4.93782901763916,0.670306622982025,0,0,
66,48.31482697,0,0,0,11.0627718,0,3.805685282,0,1.926924109,0,12.09976578,0,3.3523416519165,0.920595824718475,3.83194708824158,0.856587111949921,4.92377948760986,20.4611148834229,75.7534713745117,5.02574968338013,0.672698080539703,0,0,
67,48.68951035,0,0,0,11.09245205,0,3.816583633,0,1.929397941,0,12.18947983,0,3.36041903495789,0.921892464160919,3.85225296020508,0.865526974201202,4.93216276168823,20.4587268829346,75.7505340576172,5.11209201812744,0.675010740756989,0,0,
68,49.05057144,0,0,0,11.12103271,0,3.826999903,0,1.931762695,0,12.27592754,0,3.36815166473389,0.923134088516235,3.8719801902771,0.874217987060547,4.94297504425049,20.4575977325439,75.747932434082,5.19684600830078,0.677246987819672,0,0,
69,49.39805603,0,0,0,11.14851379,0,3.836945772,0,1.934021115,0,12.35911942,0,3.37555074691772,0.924321889877319,3.89113068580627,0.88265985250473,4.95609378814697,20.4576759338379,75.7456588745117,5.27999639511108,0.679408013820648,0,0,
70,49.73419571,0,0,0,11.17508507,0,3.846493721,0,1.936190605,0,12.43959141,0,3.38263154029846,0.925458788871765,3.90971159934998,0.890854835510254,4.97140073776245,20.4589176177979,75.7437057495117,5.36153507232666,0.681495785713196,0,0,
71,50.05682755,0,0,0,11.20056629,0,3.855589867,0,1.938259363,0,12.51682377,0,3.38940715789795,0.926546990871429,3.9277286529541,0.898804903030396,4.98878002166748,20.4612770080566,75.7420806884766,5.44145488739014,0.683512032032013,0,0,
72,50.37038803,0,0,0,11.2253046,0,3.864367008,0,1.940257549,0,12.59187508,0,3.39589428901672,0.927589476108551,3.94519209861755,0.906514286994934,5.00811862945557,20.4647102355957,75.7407608032227,5.51975679397583,0.685458898544312,0,0,
73,50.67048645,0,0,0,11.24897671,0,3.872710705,0,1.942159414,0,12.66370392,0,3.40210628509521,0.928588628768921,3.96211123466492,0.913986802101135,5.0293083190918,20.4691734313965,75.7397537231445,5.59644174575806,0.687338411808014,0,0,
74,50.96156693,0,0,0,11.27191257,0,3.880748987,0,1.943994522,0,12.73336411,0,3.40805435180664,0.929546117782593,3.9784951210022,0.921225726604462,5.05224275588989,20.4746265411377,75.7390441894531,5.67151117324829,0.689152300357819,0,0,
75,51.241436,0,0,0,11.2939558,0,3.888427973,0,1.945750356,0,12.80033779,0,3.41375303268433,0.930464625358582,3.99435687065125,0.928236603736877,5.076819896698,20.4810256958008,75.7386322021484,5.74497270584106,0.690902888774872,0,0,
76,51.51232529,0,0,0,11.31527996,0,3.895815134,0,1.947442412,0,12.86515713,0,3.41921377182007,0.93134605884552,4.00970792770386,0.935024082660675,5.10294055938721,20.4883346557617,75.7385177612305,5.81683444976807,0.692592144012451,0,0,
77,51.77204895,0,0,0,11.33571529,0,3.902855158,0,1.949057817,0,12.92730045,0,3.42444682121277,0.932191789150238,4.02455806732178,0.941592514514923,5.13050842285156,20.4965152740479,75.7386932373047,5.8871054649353,0.6942218542099,0,0,
78,52.02282333,0,0,0,11.35542774,0,3.909612417,0,1.950611711,0,12.9872942,0,3.42946004867554,0.933002948760986,4.03891801834106,0.947945833206177,5.15943098068237,20.5055313110352,75.7391586303711,5.95579290390015,0.695793449878693,0,0,
79,52.26467514,0,0,0,11.37443733,0,3.916093826,0,1.952104807,0,13.04515171,0,3.43426489830017,0.933781504631042,4.05280065536499,0.954089820384979,5.18961906433105,20.515344619751,75.7399063110352,6.02291059494019,0.697308957576752,0,0,
80,52.49760056,0,0,0,11.39272594,0,3.922302008,0,1.953538179,0,13.10086632,0,3.43887066841125,0.934529006481171,4.06621789932251,0.960029602050781,5.22098541259766,20.5259208679199,75.7409286499023,6.08847332000732,0.69877028465271,0,0,
81,52.72382736,0,0,0,11.41047287,0,3.928299189,0,1.954925776,0,13.15497208,0,3.44329047203064,0.935247778892517,4.07918548583984,0.965772032737732,5.25344657897949,20.5372276306152,75.7422256469727,6.15250158309937,0.700179636478424,0,0,
82,52.93896484,0,0,0,11.42735386,0,3.93397522,0,1.956241727,0,13.20642376,0,3.44752860069275,0.935938060283661,4.09171295166016,0.971320927143097,5.28692150115967,20.5492343902588,75.7437896728516,6.2150092124939,0.701538264751434,0,0,
83,53.14741898,0,0,0,11.44369793,0,3.939446926,0,1.957513452,0,13.25627136,0,3.45158958435059,0.936600089073181,4.10380887985229,0.976679742336273,5.32133293151855,20.5619029998779,75.7456207275391,6.2760066986084,0.702847301959991,0,0,
84,53.34920883,0,0,0,11.45951366,0,3.944719791,0,1.958741546,0,13.30452251,0,3.455486536026,0.937236785888672,4.1154899597168,0.981856226921082,5.35660648345947,20.5752067565918,75.7477188110352,6.33552074432373,0.704109191894531,0,0,
85,53.54213333,0,0,0,11.47462654,0,3.949738264,0,1.959913015,0,13.35064983,0,3.45922541618347,0.937848746776581,4.1267671585083,0.98685485124588,5.39266967773438,20.5891170501709,75.7500686645508,6.3935694694519,0.705325305461884,0,0,
86,53.72841644,0,0,0,11.4892025,0,3.954562664,0,1.96104157,0,13.39518261,0,3.46281027793884,0.938436210155487,4.13765001296997,0.991679608821869,5.42945337295532,20.6036033630371,75.7526702880859,6.45016956329346,0.706496834754944,0,0,
87,53.90585709,0,0,0,11.50309086,0,3.959138632,0,1.962114573,0,13.43760109,0,3.46624541282654,0.938999652862549,4.14814710617065,0.996334135532379,5.46689128875732,20.6186370849609,75.7555160522461,6.50533723831177,0.707624614238739,0,0,
88,54.07885361,0,0,0,11.51662159,0,3.963582754,0,1.963158846,0,13.47895241,0,3.46953845024109,0.939540505409241,4.15827131271362,1.00082385540009,5.50491952896118,20.6341934204102,75.7586059570313,6.55909538269043,0.708710432052612,0,0,
89,54.245224,0,0,0,11.52963543,0,3.967839479,0,1.964161277,0,13.51871872,0,3.47270011901855,0.940061092376709,4.1680383682251,1.00515604019165,5.54347610473633,20.6502418518066,75.7619400024414,6.61147308349609,0.709756553173065,0,0,
90,54.40496826,0,0,0,11.54211903,0,3.971911192,0,1.965122342,0,13.55689526,0,3.47573447227478,0.940561652183533,4.17745780944824,1.00933480262756,5.5825023651123,20.6667594909668,75.765510559082,6.66249132156372,0.710764110088348,0,0,
91,54.55810165,0,0,0,11.55408192,0,3.975800276,0,1.966042161,0,13.59348965,0,3.47864437103271,0.941042065620422,4.1865382194519,1.01336371898651,5.6219425201416,20.6837196350098,75.7693252563477,6.71216869354248,0.711733996868134,0,0,
92,54.70681,0,0,0,11.56570148,0,3.979564667,0,1.966934443,0,13.62902641,0,3.48143672943115,0.941504001617432,4.1952919960022,1.01724827289581,5.66174221038818,20.701099395752,75.7733612060547,6.76053142547607,0.71266782283783,0,0,
93,54.8489151,0,0,0,11.57678986,0,3.983148336,0,1.967785954,0,13.66297913,0,3.48411679267883,0.941948235034943,4.20373058319092,1.02099359035492,5.70184993743896,20.7188777923584,75.7776184082031,6.80760431289673,0.713566899299622,0,0,
94,54.9866066,0,0,0,11.5875349,0,3.986610889,0,1.968610048,0,13.69587708,0,3.48668932914734,0.942375302314758,4.21186351776123,1.02460384368896,5.74221658706665,20.7370281219482,75.7821044921875,6.85341119766235,0.71443235874176,0,0,
95,55.11988831,0,0,0,11.59793186,0,3.989951134,0,1.969406724,0,13.72771835,0,3.48916244506836,0.942786812782288,4.21970415115356,1.02808523178101,5.78279447555542,20.7555313110352,75.7868041992188,6.89798164367676,0.715266108512878,0,0,
96,55.24658203,0,0,0,11.60781384,0,3.993117332,0,1.970163465,0,13.75798416,0,3.49153733253479,0.943182528018951,4.22726106643677,1.03144097328186,5.82353925704956,20.7743663787842,75.7917251586914,6.9413366317749,0.716068923473358,0,0,
97,55.36887741,0,0,0,11.61735725,0,3.996164322,0,1.970893145,0,13.78719997,0,3.49381542205811,0.943562388420105,4.2345404624939,1.03467392921448,5.86440801620483,20.7935123443604,75.7968597412109,6.98349714279175,0.716841459274292,0,0,
98,55.48677444,0,0,0,11.62654305,0,3.999094248,0,1.971596122,0,13.81536007,0,3.4960024356842,0.943927526473999,4.24155330657959,1.03778874874115,5.90536069869995,20.812952041626,75.8022079467773,7.02448892593384,0.717585027217865,0,0,
99,55.59809113,0,0,0,11.63520908,0,4.001851559,0,1.972259045,0,13.84194565,0,3.49809789657593,0.94427752494812,4.24830484390259,1.0407874584198,5.94635772705078,20.8326625823975,75.8077545166016,7.0643310546875,0.718299806118011,0,0,
100,55.70721054,0,0,0,11.64371681,0,4.004549026,0,1.972908616,0,13.86800671,0,3.50010681152344,0.944613218307495,4.25480365753174,1.04367423057556,5.98736238479614,20.8526248931885,75.8135147094727,7.10304737091064,0.718987107276917,0,0,
101,55.81193924,0,0,0,11.6518631,0,4.0071311,0,1.973531604,0,13.89301586,0,3.50203680992126,0.944936513900757,4.26106309890747,1.04645490646362,6.02833938598633,20.87282371521,75.819465637207,7.14066886901855,0.719648540019989,0,0,
102,55.91227722,0,0,0,11.65968037,0,4.009599209,0,1.974128008,0,13.91697884,0,3.50388932228088,0.945247411727905,4.26708936691284,1.04913246631622,6.06925582885742,20.8932418823242,75.8256225585938,7.17721700668335,0.720284819602966,0,0,
103,56.01041794,0,0,0,11.66731739,0,4.012007236,0,1.974711061,0,13.94041157,0,3.50567054748535,0.945546984672546,4.27289390563965,1.05171167850494,6.11008024215698,20.9138622283936,75.8319778442383,7.21271991729736,0.720897376537323,0,0,
104,56.10200119,0,0,0,11.6744442,0,4.014249325,0,1.975254774,0,13.96227932,0,3.50737977027893,0.945834577083588,4.27848100662231,1.054194688797,6.15078210830688,20.9346675872803,75.8385162353516,7.2471981048584,0.721486568450928,0,0,
105,56.19356537,0,0,0,11.68156338,0,4.016487122,0,1.975798011,0,13.98414135,0,3.50902223587036,0.946111261844635,4.28386068344116,1.05658555030823,6.19133424758911,20.9556407928467,75.8452453613281,7.28067684173584,0.722053408622742,0,0,
106,56.278572080000004,0,0,0,11.68818378,0,4.018559456,0,1.976302266,0,14.00443745,0,3.51060080528259,0.946377694606781,4.28904008865356,1.05888795852661,6.2317099571228,20.976770401001,75.8521575927734,7.31318092346191,0.722598969936371,0,0,
107,56.36138535,0,0,0,11.69462299,0,4.020575047,0,1.976793289,0,14.02420807,0,3.51211357116699,0.94663280248642,4.29402256011963,1.06110274791718,6.27188396453857,20.9980411529541,75.8592529296875,7.34472703933716,0.72312331199646,0,0,
108,56.44200897,0,0,0,11.70089245,0,4.02253294,0,1.977270961,0,14.04345608,0,3.51356792449951,0.946878731250763,4.29882001876831,1.06323540210724,6.31183242797852,21.019437789917,75.8665313720703,7.3753457069397,0.723627924919128,0,0,
109,56.51825714,0,0,0,11.70681858,0,4.024381638,0,1.977722645,0,14.06165695,0,3.51496553421021,0.947115302085876,4.30343770980835,1.06528842449188,6.35153388977051,21.0409469604492,75.8739852905273,7.40505743026733,0.724113464355469,0,0,
110,56.5923233,0,0,0,11.71257305,0,4.026173592,0,1.978161097,0,14.07933617,0,3.51630687713623,0.94734251499176,4.30788087844849,1.06726408004761,6.39096736907959,21.062557220459,75.8816223144531,7.43388319015503,0.724580347537994,0,0,
111,56.66201782,0,0,0,11.71798611,0,4.02785778,0,1.97857368,0,14.09597111,0,3.51759314537048,0.947560369968414,4.31215476989746,1.06916427612305,6.43011331558228,21.0842533111572,75.8894271850586,7.46184301376343,0.725029051303864,0,0,
112,56.73170471,0,0,0,11.72339916,0,4.029538155,0,1.978986025,0,14.11260509,0,3.51882934570313,0.947770118713379,4.3162670135498,1.07099306583405,6.46895360946655,21.1060256958008,75.8974075317383,7.48896217346191,0.725460648536682,0,0,
113,56.79702377,0,0,0,11.72847366,0,4.031111717,0,1.979372382,0,14.12819481,0,3.52001905441284,0.947972536087036,4.32022619247437,1.07275414466858,6.50747156143188,21.1278629302979,75.9055557250977,7.51526498794556,0.725876152515411,0,0,
114,56.86016083,0,0,0,11.7333765,0,4.032629013,0,1.979745865,0,14.14326286,0,3.52116084098816,0.948166847229004,4.32403516769409,1.07444822788239,6.54565095901489,21.149751663208,75.9138641357422,7.54076862335205,0.726275622844696,0,0,
115,56.91893768,0,0,0,11.73793983,0,4.034040928,0,1.98009336,0,14.15729141,0,3.52225351333618,0.94835239648819,4.32769584655762,1.07607614994049,6.58347702026367,21.1716823577881,75.9223327636719,7.56548833847046,0.726659119129181,0,0,
116,56.97769928,0,0,0,11.74250984,0,4.035450459,0,1.980440617,0,14.171316149999999,0,3.52330136299133,0.948530316352844,4.33121490478516,1.07764101028442,6.62093639373779,21.1936416625977,75.9309616088867,7.58944654464722,0.727027416229248,0,0,
117,57.03429031,0,0,0,11.7468977,0,4.036805153,0,1.980774999,0,14.18481922,0,3.52431058883667,0.948702394962311,4.33460187911987,1.07914757728577,6.65801668167114,21.2156238555908,75.9397430419922,7.6126708984375,0.727382004261017,0,0,
118,57.08869171,0,0,0,11.75111675,0,4.038105965,0,1.981096387,0,14.19780159,0,3.52528214454651,0.94886839389801,4.33786249160767,1.08059811592102,6.69470643997192,21.2376155853271,75.9486846923828,7.63518095016479,0.727723300457001,0,0,
119,57.13873291,0,0,0,11.75500202,0,4.039301395,0,1.981391907,0,14.20974159,0,3.52621293067932,0.949027121067047,4.34099578857422,1.08199214935303,6.73099422454834,21.2596073150635,75.9577713012695,7.65698909759521,0.728051006793976,0,0,
120,57.18877411,0,0,0,11.75888157,0,4.040495396,0,1.981687427,0,14.22168159,0,3.527104139328,0.94917893409729,4.34400653839111,1.08333134651184,6.76687145233154,21.2815933227539,75.9670104980469,7.67811298370361,0.7283656001091,0,0,
121,57.2366333,0,0,0,11.76259518,0,4.041635036,0,1.981970191,0,14.2331028,0,3.52796173095703,0.949325561523438,4.34690284729004,1.0846198797226,6.80232858657837,21.3035640716553,75.9763946533203,7.69857788085938,0.728668212890625,0,0,
122,57.28231812,0,0,0,11.76613998,0,4.042722702,0,1.982239842,0,14.24400425,0,3.52878522872925,0.949466407299042,4.3496880531311,1.08585906028748,6.83735799789429,21.3255100250244,75.9859237670898,7.71839904785156,0.728959143161774,0,0,
123,57.32798767,0,0,0,11.76968193,0,4.043808937,0,1.982509494,0,14.25489998,0,3.52957892417908,0.949602544307709,4.35236883163452,1.0870521068573,6.87195253372192,21.3474216461182,75.99560546875,7.73759984970093,0.729239284992218,0,0,
124,57.36931229,0,0,0,11.77288818,0,4.044790268,0,1.982753277,0,14.26475716,0,3.53034162521362,0.949733436107636,4.35494756698608,1.08819973468781,6.90610599517822,21.3692951202393,76.0054244995117,7.75619459152222,0.729508697986603,0,0,
125,57.41063309,0,0,0,11.77608681,0,4.045770645,0,1.982997179,0,14.27461529,0,3.53107261657715,0.949858665466309,4.35742616653442,1.08930253982544,6.93981218338013,21.3911209106445,76.015380859375,7.77419757843018,0.729767382144928,0,0,
126,57.44977188,0,0,0,11.77912521,0,4.04669857,0,1.983228087,0,14.28395557,0,3.53177571296692,0.949979305267334,4.35981035232544,1.09036350250244,6.97306728363037,21.4128932952881,76.0254669189453,7.79162836074829,0.73001617193222,0,0,
127,57.4867363,0,0,0,11.7819891,0,4.047573566,0,1.983446121,0,14.29277229,0,3.53244924545288,0.950094699859619,4.36210060119629,1.0913827419281,7.00586605072021,21.4346046447754,76.0356903076172,7.80849981307983,0.73025506734848,0,0,
128,57.5236969,0,0,0,11.7848568,0,4.048448563,0,1.983664155,0,14.30159092,0,3.53309631347656,0.950205683708191,4.36430263519287,1.0923627614975,7.03820562362671,21.4562492370605,76.0460510253906,7.82483005523682,0.7304847240448,0,0,
129,57.55847931,0,0,0,11.78755188,0,4.04927063,0,1.983869195,0,14.30988693,0,3.53371930122375,0.950312793254852,4.36642122268677,1.09330570697784,7.07008218765259,21.4778213500977,76.0565338134766,7.84063768386841,0.730705738067627,0,0,
130,57.59109116,0,0,0,11.79008198,0,4.050041676,0,1.984061599,0,14.31766796,0,3.53431582450867,0.950415194034576,4.36845636367798,1.09421145915985,7.10149383544922,21.4993133544922,76.067138671875,7.85593318939209,0.730917811393738,0,0,
131,57.62369537,0,0,0,11.79261017,0,4.050811768,0,1.984253883,0,14.32544613,0,3.53488850593567,0.950513541698456,4.37041234970093,1.09508180618286,7.13243865966797,21.5207214355469,76.0778732299805,7.87073183059692,0.73112154006958,0,0,
132,57.65412521,0,0,0,11.79496479,0,4.051528931,0,1.984433293,0,14.33270359,0,3.53543877601624,0.950608134269714,4.37229251861572,1.09591853618622,7.16291475296021,21.5420398712158,76.0887298583984,7.88504981994629,0.731317400932312,0,0,
133,57.68455505,0,0,0,11.79732323,0,4.052247047,0,1.984612703,0,14.33996296,0,3.53596806526184,0.950699269771576,4.37410020828247,1.09672331809998,7.19292163848877,21.5632591247559,76.0997085571289,7.89890289306641,0.731505751609802,0,0,
134,57.7128067,0,0,0,11.79951096,0,4.052911758,0,1.984779358,0,14.34670258,0,3.5364773273468,0.950787127017975,4.37583875656128,1.09749746322632,7.2224588394165,21.584379196167,76.1108016967773,7.91230583190918,0.731686949729919,0,0,
135,57.74106216,0,0,0,11.80169868,0,4.053576946,0,1.984945893,0,14.35344028,0,3.53696751594543,0.950871706008911,4.37751150131226,1.09824216365814,7.25152683258057,21.6053943634033,76.1220169067383,7.92527151107788,0.731861233711243,0,0,
136,57.76713943,0,0,0,11.80371666,0,4.054190159,0,1.985099554,0,14.3596611,0,3.5374391078949,0.950953125953674,4.37912034988403,1.09895849227905,7.28012561798096,21.6263008117676,76.1333389282227,7.9378137588501,0.732028961181641,0,0,
137,57.79321289,0,0,0,11.80574608,0,4.054803371,0,1.985253334,0,14.36588192,0,3.53789234161377,0.951031386852264,4.3806676864624,1.09964752197266,7.30825662612915,21.6470928192139,76.144775390625,7.94994401931763,0.732190251350403,0,0,
138,57.81711578,0,0,0,11.80759525,0,4.055366039,0,1.98539412,0,14.37158298,0,3.53832769393921,0.951106607913971,4.382155418396,1.10031008720398,7.33592081069946,21.6677684783936,76.1563186645508,7.96167516708374,0.732345402240753,0,0,
139,57.84101868,0,0,0,11.80944538,0,4.0559263229999996,0,1.985535026,0,14.377285,0,3.53874588012695,0.951178729534149,4.38358545303345,1.10094678401947,7.36311960220337,21.6883220672607,76.16796875,7.97301912307739,0.732494354248047,0,0,
140,57.86274719,0,0,0,11.81112576,0,4.056436539,0,1.985663056,0,14.38246441,0,3.53914666175842,0.951247811317444,4.38495922088623,1.10155844688416,7.3898549079895,21.7087497711182,76.1797332763672,7.98398637771606,0.732637345790863,0,0,
141,57.88446808,0,0,0,11.81280327,0,4.056946278,0,1.985791087,0,14.38764477,0,3.53952980041504,0.951313734054565,4.38627767562866,1.10214555263519,7.41612911224365,21.7290496826172,76.1916046142578,7.99458599090576,0.732774496078491,0,0,
142,57.90619278,0,0,0,11.81448841,0,4.057454586,0,1.985918999,0,14.39282703,0,3.53990006446838,0.951377809047699,4.3875470161438,1.10271108150482,7.44194459915161,21.7492179870605,76.2035751342773,8.0048360824585,0.732906639575958,0,0,
143,57.92574692,0,0,0,11.81600666,0,4.05791378,0,1.986034274,0,14.39749146,0,3.54025650024414,0.951439559459686,4.38876867294312,1.10325503349304,7.46730422973633,21.769250869751,76.2156448364258,8.01474475860596,0.733033895492554,0,0,
144,57.94530106,0,0,0,11.81751823,0,4.058371544,0,1.98614943,0,14.40215397,0,3.54059863090515,0.951498687267303,4.38994264602661,1.10377776622772,7.49221086502075,21.7891483306885,76.2278137207031,8.02432346343994,0.733156085014343,0,0,
145,57.962677,0,0,0,11.818861009999999,0,4.058778286,0,1.986251831,0,14.40629959,0,3.54092526435852,0.951554954051971,4.39106893539429,1.10427927970886,7.51666831970215,21.8089046478271,76.2400817871094,8.03357791900635,0.733273148536682,0,0,
146,57.98005295,0,0,0,11.82021141,0,4.059185505,0,1.986354232,0,14.41044521,0,3.54123663902283,0.951608419418335,4.39214849472046,1.10475981235504,7.54067993164063,21.8285179138184,76.25244140625,8.04251575469971,0.733385145664215,0,0,
147,57.99743271,0,0,0,11.82155418,0,4.05959177,0,1.986456633,0,14.41458797,0,3.54153633117676,0.951660096645355,4.39318609237671,1.10522162914276,7.56424903869629,21.8479843139648,76.2649002075195,8.0511531829834,0.733492851257324,0,0,
148,58.01480484,0,0,0,11.82290077,0,4.059998035,0,1.986558914,0,14.41873169,0,3.54182744026184,0.95171070098877,4.39418649673462,1.10566699504852,7.58737993240356,21.8673038482666,76.2774429321289,8.05950355529785,0.733596861362457,0,0,
149,58.03001404,0,0,0,11.82407856,0,4.060353279,0,1.98664844,0,14.42235756,0,3.54210782051086,0.951759457588196,4.39514875411987,1.10609555244446,7.61007642745972,21.886474609375,76.2900772094727,8.06757259368896,0.73369699716568,0,0,
150,58.04521561,0,0,0,11.82525158,0,4.060708523,0,1.986738086,0,14.42598343,0,3.54237604141235,0.951805830001831,4.39607238769531,1.1065069437027,7.63234281539917,21.9054927825928,76.3027954101563,8.07536697387695,0.733793020248413,0,0,
151,58.06042099,0,0,0,11.82642841,0,4.06106472,0,1.986827612,0,14.4296093,0,3.54263496398926,0.951850831508636,4.39696168899536,1.10690307617188,7.65418386459351,21.9243583679199,76.3156051635742,8.08289909362793,0.733885586261749,0,0,
152,58.07344818,0,0,0,11.82744694,0,4.061368942,0,1.986904502,0,14.43271828,0,3.54288291931152,0.95189380645752,4.3978157043457,1.10728347301483,7.67560338973999,21.9430694580078,76.3284912109375,8.09017467498779,0.733974397182465,0,0,
153,58.08647919,0,0,0,11.82844734,0,4.061672688,0,1.986981034,0,14.43582439,0,3.5431182384491,0.951934278011322,4.39863348007202,1.10764753818512,7.69660663604736,21.9616241455078,76.3414688110352,8.09719753265381,0.73405921459198,0,0,
154,58.09950638,0,0,0,11.82945919,0,4.06197691,0,1.987057805,0,14.43893147,0,3.54334449768066,0.951973259449005,4.39941930770874,1.10799729824066,7.71719837188721,21.9800205230713,76.3545227050781,8.10397911071777,0.734140694141388,0,0,
155,58.11253738,0,0,0,11.83046818,0,4.062280655,0,1.987134695,0,14.44203949,0,3.54356384277344,0.952011406421661,4.40017604827881,1.10833430290222,7.7373833656311,21.9982585906982,76.3676528930664,8.1105318069458,0.734219312667847,0,0,
156,58.12339401,0,0,0,11.8313055,0,4.0625333789999996,0,1.987198472,0,14.44462681,0,3.54377388954163,0.952047765254974,4.40090274810791,1.10865771770477,7.75716686248779,22.01633644104,76.3808670043945,8.11685848236084,0.734294652938843,0,0,
157,58.13642502,0,0,0,11.83231449,0,4.062837124,0,1.987275243,0,14.44773579,0,3.54397630691528,0.952082991600037,4.40160179138184,1.10896909236908,7.77655363082886,22.034252166748,76.3941497802734,8.12296962738037,0.734367311000824,0,0,
158,58.14728165,0,0,0,11.83315277,0,4.063090324,0,1.987339258,0,14.4503231,0,3.54417395591736,0.952117681503296,4.40227651596069,1.10926997661591,7.79554843902588,22.0520057678223,76.4075012207031,8.12887573242188,0.734437644481659,0,0,
159,58.15814209,0,0,0,11.83399391,0,4.063343525,0,1.987403154,0,14.45291424,0,3.54436326026917,0.952150702476501,4.40292501449585,1.10955917835236,7.81415748596191,22.0695972442627,76.4209289550781,8.13457775115967,0.734505176544189,0,0,
160,58.16682434,0,0,0,11.83467102,0,4.063545704,0,1.987454295,0,14.45498562,0,3.54454207420349,0.95218151807785,4.40354585647583,1.10983562469482,7.83238506317139,22.0870246887207,76.4344329833984,8.14007949829102,0.734569609165192,0,0,
161,58.17768478,0,0,0,11.83550453,0,4.063799381,0,1.987518191,0,14.45757294,0,3.54471373558044,0.952211022377014,4.40414190292358,1.11010098457336,7.85023736953735,22.1042861938477,76.447998046875,8.14539051055908,0.734631419181824,0,0,
162,58.18636703,0,0,0,11.83617306,0,4.06400156,0,1.987569451,0,14.45964241,0,3.54487943649292,0.952239811420441,4.40471506118774,1.11035633087158,7.86771869659424,22.1213817596436,76.4616317749023,8.1505184173584,0.73469090461731,0,0,
163,58.1950531,0,0,0,11.83685017,0,4.064203262,0,1.987620592,0,14.46171665,0,3.54503679275513,0.952266871929169,4.40526390075684,1.11060070991516,7.8848352432251,22.138313293457,76.4753265380859,8.1554651260376,0.734747707843781,0,0,
164,58.20373535,0,0,0,11.83752537,0,4.064406395,0,1.987671614,0,14.46378613,0,3.5451877117157,0.952292919158936,4.40579080581665,1.110835313797,7.90159225463867,22.1550769805908,76.4890975952148,8.16023921966553,0.734802305698395,0,0,
165,58.21242523,0,0,0,11.83819485,0,4.06460762,0,1.987722754,0,14.46585846,0,3.54533386230469,0.952318251132965,4.40629816055298,1.1110612154007,7.9179949760437,22.1716766357422,76.5029296875,8.16484832763672,0.734854876995087,0,0,
166,58.22110367,0,0,0,11.83886433,0,4.064809322,0,1.987774014,0,14.46792793,0,3.54547643661499,0.952343344688416,4.40678787231445,1.11127948760986,7.93404865264893,22.1881084442139,76.5168228149414,8.1693000793457,0.73490583896637,0,0,
167,58.22761917,0,0,0,11.83937645,0,4.064961433,0,1.9878124,0,14.46948242,0,3.5456120967865,0.952366948127747,4.40725755691528,1.11148869991302,7.9497594833374,22.2043724060059,76.5307769775391,8.17359638214111,0.734954655170441,0,0,
168,58.23630524,0,0,0,11.84004211,0,4.065163136,0,1.987863421,0,14.4715519,0,3.5457429885864298,0.952389657497406,4.4077091217041,1.1116898059845,7.96513271331787,22.2204704284668,76.5447769165039,8.17774200439453,0.735001623630524,0,0,
169,58.24281693,0,0,0,11.84054852,0,4.06531477,0,1.987901926,0,14.47310638,0,3.54587006568909,0.952411890029907,4.4081449508667,1.11188387870789,7.98017358779907,22.2364025115967,76.558837890625,8.1817455291748,0.735046982765198,0,0,
170,58.24933243,0,0,0,11.84104824,0,4.065466404,0,1.987940192,0,14.47465897,0,3.54598999023438,0.952432513237,4.40856122970581,1.11206924915314,7.9948878288269,22.2521686553955,76.5729522705078,8.1856050491333,0.735090136528015,0,0,
171,58.25584412,0,0,0,11.84155369,0,4.065618038,0,1.987978578,0,14.47621059,0,3.54610443115234,0.95245224237442,4.40896081924438,1.11224710941315,8.00928115844727,22.2677669525146,76.5871276855469,8.18932819366455,0.735131502151489,0,0,
172,58.2623558,0,0,0,11.8420639,0,4.065769672,0,1.988016844,0,14.47776508,0,3.54621505737305,0.952471554279327,4.4093451499939,1.11241829395294,8.02335834503174,22.2831993103027,76.6013565063477,8.19292068481445,0.735171377658844,0,0,
173,58.26886749,0,0,0,11.84256363,0,4.065920353,0,1.988055229,0,14.47931767,0,3.5463228225708,0.952490389347076,4.40971565246582,1.11258351802826,8.03712558746338,22.2984657287598,76.6156387329102,8.19639015197754,0.735209941864014,0,0,
174,58.27321243,0,0,0,11.84290218,0,4.066021919,0,1.988080859,0,14.48035431,0,3.54642391204834,0.952507853507996,4.41006994247437,1.11274123191833,8.05058670043945,22.3135662078857,76.6299591064453,8.19973373413086,0.735246598720551,0,0,
175,58.27972794,0,0,0,11.84340096,0,4.066173077,0,1.988119245,0,14.48190498,0,3.54652070999146,0.952524483203888,4.41040897369385,1.11289215087891,8.06374835968018,22.3285007476807,76.6443328857422,8.20295715332031,0.735281646251678,0,0,
176,58.28406906,0,0,0,11.84373474,0,4.066273212,0,1.988144755,0,14.48293972,0,3.5466136932373,0.952540516853333,4.41073513031006,1.11303722858429,8.07661628723145,22.3432712554932,76.6587600708008,8.20606708526611,0.735315322875977,0,0,
177,58.29058075,0,0,0,11.84424114,0,4.066424847,0,1.988183022,0,14.48449421,0,3.54670405387878,0.952556252479553,4.41104936599731,1.11317706108093,8.08919429779053,22.3578777313232,76.673225402832,8.20906829833984,0.735347926616669,0,0,
178,58.29492188,0,0,0,11.84457684,0,4.066525936,0,1.988208532,0,14.48552895,0,3.54679226875305,0.95257180929184,4.41135263442993,1.11331224441528,8.10148906707764,22.3723182678223,76.6877365112305,8.21196556091309,0.735379457473755,0,0,
179,58.299263,0,0,0,11.84490967,0,4.066627026,0,1.988234162,0,14.48656368,0,3.54687476158142,0.952586114406586,4.4116415977478,1.11344110965729,8.11350440979004,22.3865985870361,76.7022857666016,8.21475696563721,0.735409379005432,0,0,
180,58.30360413,0,0,0,11.84524345,0,4.066727161,0,1.988259673,0,14.48759937,0,3.54695320129395,0.95259952545166,4.41191816329956,1.11356425285339,8.12524700164795,22.4007148742676,76.7168807983398,8.21744728088379,0.735437870025635,0,0,
181,58.30794907,0,0,0,11.84557629,0,4.066828251,0,1.988285303,0,14.48863411,0,3.54702854156494,0.952612519264221,4.41218376159668,1.11368238925934,8.13672065734863,22.4146671295166,76.7315216064453,8.2200403213501,0.735465168952942,0,0,
182,58.31228638,0,0,0,11.84591961,0,4.066928864,0,1.988310814,0,14.48966885,0,3.54710125923157,0.952625274658203,4.41243934631348,1.11379611492157,8.14793109893799,22.4284572601318,76.7461929321289,8.22254085540771,0.735491514205933,0,0,
183,58.31663132,0,0,0,11.84625244,0,4.067029476,0,1.988336444,0,14.49070358,0,3.54717254638672,0.952637732028961,4.41268587112427,1.11390590667725,8.1588830947876,22.4420871734619,76.7609100341797,8.22495460510254,0.735517084598541,0,0,
184,58.32097244,0,0,0,11.84658527,0,4.067130566,0,1.988361955,0,14.49173832,0,3.5472424030304,0.952650129795074,4.41292428970337,1.11401224136353,8.16958141326904,22.4555587768555,76.7756576538086,8.22728538513184,0.735541880130768,0,0,
185,58.32531357,0,0,0,11.84692574,0,4.067231178,0,1.988387465,0,14.49277592,0,3.54731154441834,0.952662467956543,4.4131555557251,1.11411547660828,8.18003082275391,22.4688701629639,76.7904434204102,8.22953605651855,0.735566079616547,0,0,
186,58.32748032,0,0,0,11.84709644,0,4.067281246,0,1.98840034,0,14.49329281,0,3.54737544059753,0.952673554420471,4.41337633132935,1.11421370506287,8.19023609161377,22.4820251464844,76.8052597045898,8.23170280456543,0.73558908700943,0,0,
187,58.33182526,0,0,0,11.847435,0,4.067382813,0,1.988425851,0,14.49432945,0,3.54743576049805,0.952683806419373,4.41358709335327,1.11430752277374,8.20020294189453,22.495023727417,76.8201065063477,8.23379135131836,0.735610902309418,0,0,
188,58.33616257,0,0,0,11.84776497,0,4.067482948,0,1.988451362,0,14.49536324,0,3.54749751091003,0.952694892883301,4.41379356384277,1.11439967155457,8.20993614196777,22.5078659057617,76.8349914550781,8.23581123352051,0.735632598400116,0,0,
189,58.33833694,0,0,0,11.84793568,0,4.067533493,0,1.988464117,0,14.49588013,0,3.54755640029907,0.952705264091492,4.41399192810059,1.1144881248474101,8.21944046020508,22.5205516815186,76.8498992919922,8.23775863647461,0.735653400421143,0,0,
190,58.34050751,0,0,0,11.84810543,0,4.067583561,0,1.988476992,0,14.49639797,0,3.54760837554932,0.952713906764984,4.41417837142944,1.11457097530365,8.22871971130371,22.5330829620361,76.8648452758789,8.2396297454834,0.73567259311676,0,0,
191,58.34484863,0,0,0,11.84843826,0,4.06768465,0,1.988502502,0,14.49743271,0,3.5476598739624,0.952722728252411,4.41435861587524,1.11465108394623,8.23777961730957,22.5454616546631,76.8798141479492,8.24143505096436,0.735691249370575,0,0,
192,58.3470192,0,0,0,11.84860516,0,4.067734718,0,1.988515377,0,14.4979496,0,3.54771089553833,0.952731668949127,4.41453313827515,1.1147289276123,8.24662399291992,22.5576877593994,76.8948059082031,8.24317741394043,0.735709428787231,0,0,
193,58.34918594,0,0,0,11.84877491,0,4.06778574,0,1.988528132,0,14.49846745,0,3.54775762557983,0.952739536762238,4.41469812393188,1.11480236053467,8.25525665283203,22.5697631835938,76.9098358154297,8.24485301971436,0.735726416110992,0,0,
194,58.35353088,0,0,0,11.849107740000001,0,4.067885876,0,1.988553643,0,14.49950218,0,3.5478048324585,0.952747941017151,4.41485929489136,1.11487424373627,8.26368236541748,22.5816879272461,76.9248809814453,8.24647331237793,0.735743284225464,0,0,
195,58.35570145,0,0,0,11.84927464,0,4.06793642,0,1.988566399,0,14.50002003,0,3.5478527545929,0.952756702899933,4.41501665115356,1.11494469642639,8.27190685272217,22.5934638977051,76.9399490356445,8.24803924560547,0.735759913921356,0,0,
196,58.35787201,0,0,0,11.84944725,0,4.067986965,0,1.988579273,0,14.50053978,0,3.54789662361145,0.952764391899109,4.41516637802124,1.11501169204712,8.27993297576904,22.6050930023193,76.9550476074219,8.24954700469971,0.735775649547577,0,0,
197,58.36003876,0,0,0,11.84961033,0,4.068036556,0,1.988591909,0,14.50105476,0,3.54793787002563,0.952771425247192,4.4153094291687,1.11507546901703,8.28776550292969,22.6165752410889,76.9701690673828,8.25099754333496,0.735790491104126,0,0,
198,58.36221313,0,0,0,11.84978104,0,4.068087578,0,1.988604784,0,14.50157452,0,3.54797697067261,0.952778100967407,4.41544628143311,1.11513650417328,8.29540824890137,22.6279106140137,76.9853057861328,8.25239562988281,0.735804677009583,0,0,
199,58.36437988,0,0,0,11.84994411,0,4.068137169,0,1.988617539,0,14.5020895,0,3.54801440238953,0.952784538269043,4.41557788848877,1.11519515514374,8.30286407470703,22.639102935791,77.0004577636719,8.25374317169189,0.735818326473236,0,0,
200,58.36655426,0,0,0,11.85011768,0,4.068187714,0,1.988630295,0,14.50260925,0,3.54805064201355,0.952790796756744,4.41570472717285,1.1152515411377,8.31013965606689,22.6501522064209,77.0156326293945,8.25504302978516,0.735831439495087,0,0,
201,58.36872482,0,0,0,11.85027695,0,4.068238258,0,1.988643169,0,14.50312424,0,3.54808640480042,0.952797114849091,4.41582679748535,1.11530613899231,8.31723690032959,22.6610584259033,77.0308227539063,8.25629615783691,0.735844135284424,0,0,
202,58.37089539,0,0,0,11.85045719,0,4.068288803,0,1.988655925,0,14.50364399,0,3.54812121391296,0.952803313732147,4.41594505310059,1.11535894870758,8.32415962219238,22.6718254089355,77.046028137207,8.25750541687012,0.735856533050537,0,0,
203,58.37089539,0,0,0,11.85045719,0,4.068288803,0,1.988655925,0,14.50364399,0,3.54815125465393,0.952808260917664,4.41605567932129,1.11540806293488,8.33091259002686,22.6824493408203,77.0612487792969,8.25866508483887,0.735867917537689,0,0,
204,58.37306213,0,0,0,11.85062027,0,4.068338871,0,1.98866868,0,14.50415993,0,3.54817771911621,0.952812373638153,4.41615915298462,1.11545372009277,8.33749961853027,22.6929359436035,77.0764923095703,8.25977802276611,0.73587828874588,0,0,
205,58.3752327,0,0,0,11.85078716,0,4.068389416,0,1.988681436,0,14.50467682,0,3.54820585250854,0.952817380428314,4.41626024246216,1.11549878120422,8.34392356872559,22.7032852172852,77.0917434692383,8.26085376739502,0.735888659954071,0,0,
206,58.37740707,0,0,0,11.85096073,0,4.06843996,0,1.98869431,0,14.50519657,0,3.54823565483093,0.952822804450989,4.41635990142822,1.11554324626923,8.35018825531006,22.7134971618652,77.1070022583008,8.26189422607422,0.735899090766907,0,0,
207,58.37740707,0,0,0,11.85096073,0,4.06843996,0,1.98869431,0,14.50519657,0,3.54826211929321,0.952827274799347,4.41645383834839,1.11558485031128,8.35629749298096,22.7235736846924,77.1222763061523,8.26289367675781,0.735908687114716,0,0,
208,58.37957764,0,0,0,11.85112,0,4.068489552,0,1.988706946,0,14.50571251,0,3.54828572273254,0.952831208705902,4.41654205322266,1.11562395095825,8.36225509643555,22.7335186004639,77.1375579833984,8.26385307312012,0.735917627811432,0,0,
209,58.3817482,0,0,0,11.85129356,0,4.068540573,0,1.988719821,0,14.50623131,0,3.54831171035767,0.952835977077484,4.41663026809692,1.11566317081451,8.36806297302246,22.7433300018311,77.1528625488281,8.2647819519043,0.735926747322083,0,0,
210,58.3817482,0,0,0,11.85129356,0,4.068540573,0,1.988719821,0,14.50623131,0,3.548335313797,0.952840089797974,4.41671371459961,1.11570012569427,8.37372589111328,22.7530117034912,77.1681747436523,8.26567554473877,0.73593533039093,0,0,
211,58.38391495,0,0,0,11.85146332,0,4.068590641,0,1.988732576,0,14.50674915,0,3.5483570098877,0.952843725681305,4.41679239273071,1.1157351732254,8.37924671173096,22.7625637054443,77.1834869384766,8.26653385162354,0.735943377017975,0,0,
212,58.38608932,0,0,0,11.8516264,0,4.068640709,0,1.988745332,0,14.50726604,0,3.5483820438385,0.952848374843597,4.41687202453613,1.11577069759369,8.38462829589844,22.7719860076904,77.1988143920898,8.26736640930176,0.735951781272888,0,0,
213,58.38608932,0,0,0,11.8516264,0,4.068640709,0,1.988745332,0,14.50726604,0,3.54840445518494,0.952852368354797,4.41694784164429,1.11580455303192,8.38987445831299,22.7812824249268,77.2141418457031,8.26816749572754,0.735959708690643,0,0,
214,58.38825989,0,0,0,11.85179615,0,4.068691254,0,1.988758206,0,14.50778389,0,3.5484254360199,0.952856063842773,4.41701984405518,1.1158367395401,8.39498901367188,22.7904529571533,77.2294692993164,8.26893901824951,0.735967218875885,0,0,
215,58.38825989,0,0,0,11.85179615,0,4.068691254,0,1.988758206,0,14.50778389,0,3.54844546318054,0.95285952091217,4.41708850860596,1.1158674955368,8.39997386932373,22.7994976043701,77.2448120117188,8.26968097686768,0.735974371433258,0,0,
216,58.39043045,0,0,0,11.85196304,0,4.068741322,0,1.988770962,0,14.50830078,0,3.54846453666687,0.952862799167633,4.41715478897095,1.11589705944061,8.4048318862915,22.8084201812744,77.2601623535156,8.2703971862793,0.735981225967407,0,0,
217,58.39043045,0,0,0,11.85196304,0,4.068741322,0,1.988770962,0,14.50830078,0,3.54848289489746,0.952865958213806,4.41721868515015,1.11592555046082,8.40956687927246,22.8172187805176,77.275520324707,8.27108764648438,0.735987782478333,0,0,
218,58.39260101,0,0,0,11.85212994,0,4.068791389,0,1.988783598,0,14.50881863,0,3.54850053787231,0.952869117259979,4.41728019714355,1.1159529685974101,8.41418170928955,22.8258972167969,77.2908706665039,8.27175140380859,0.735994160175323,0,0,
219,58.39260101,0,0,0,11.85212994,0,4.068791389,0,1.988783598,0,14.50881863,0,3.54851818084717,0.952872157096863,4.41733980178833,1.11597955226898,8.41867828369141,22.8344554901123,77.3062210083008,8.27239227294922,0.73600035905838,0,0,
220,58.39476776,0,0,0,11.85229969,0,4.068842411,0,1.988796473,0,14.50933647,0,3.54853534698486,0.952875256538391,4.41739749908447,1.11600542068481,8.42305946350098,22.8428974151611,77.3215789794922,8.27301025390625,0.736006438732147,0,0,
221,58.39476776,0,0,0,11.85229969,0,4.068842411,0,1.988796473,0,14.50933647,0,3.54855275154114,0.952878415584564,4.41745376586914,1.11603045463562,8.42732906341553,22.8512210845947,77.3369293212891,8.27360725402832,0.736012399196625,0,0,
222,58.39476776,0,0,0,11.85229969,0,4.068842411,0,1.988796473,0,14.50933647,0,3.54856538772583,0.952880263328552,4.41750383377075,1.11605262756348,8.43148899078369,22.8594284057617,77.3522796630859,8.27417659759521,0.736017465591431,0,0,
223,58.39693832,0,0,0,11.85247326,0,4.068892479,0,1.988809347,0,14.50985527,0,3.54857873916626,0.952882528305054,4.41755342483521,1.11607456207275,8.4355411529541,22.8675212860107,77.3676300048828,8.27472686767578,0.736022591590881,0,0,
224,58.39693832,0,0,0,11.85247326,0,4.068892479,0,1.988809347,0,14.50985527,0,3.54859328269959,0.952885210514069,4.41760206222534,1.11609625816345,8.43948936462402,22.8755035400391,77.3829879760742,8.2752571105957,0.736027717590332,0,0,
225,58.39693832,0,0,0,11.85247326,0,4.068892479,0,1.988809347,0,14.50985527,0,3.54860377311707,0.952886819839478,4.4176459312439,1.11611545085907,8.44333648681641,22.8833713531494,77.3983383178711,8.2757625579834,0.736032068729401,0,0,
226,58.3991127,0,0,0,11.85264015,0,4.068942547,0,1.988822103,0,14.51037312,0,3.5486159324646,0.952888965606689,4.41768980026245,1.11613476276398,8.44708347320557,22.8911285400391,77.413688659668,8.27625179290771,0.736036539077759,0,0,
227,58.3991127,0,0,0,11.85264015,0,4.068942547,0,1.988822103,0,14.51037312,0,3.54862928390503,0.95289146900177,4.41773319244385,1.11615407466888,8.45073318481445,22.898775100708,77.4290313720703,8.27672672271729,0.736041188240051,0,0,
228,58.3991127,0,0,0,11.85264015,0,4.068942547,0,1.988822103,0,14.51037312,0,3.54863905906677,0.952892959117889,4.41777181625366,1.11617124080658,8.45428848266602,22.9063148498535,77.4443664550781,8.27717971801758,0.736045122146606,0,0,
229,58.40128326,0,0,0,11.85280609,0,4.068993568,0,1.988834858,0,14.51089096,0,3.54865074157715,0.952895104885101,4.41781139373779,1.11618876457214,8.45775127410889,22.913745880127,77.4597015380859,8.27761840820313,0.736049175262451,0,0,
230,58.40128326,0,0,0,11.85280609,0,4.068993568,0,1.988834858,0,14.51089096,0,3.54866337776184,0.952897608280182,4.41785097122192,1.11620652675629,8.4611234664917,22.921070098877,77.4750289916992,8.27804374694824,0.73605340719223,0,0,
231,58.40128326,0,0,0,11.85280609,0,4.068993568,0,1.988834858,0,14.51089096,0,3.548672914505,0.952899098396301,4.41788625717163,1.11622226238251,8.4644079208374,22.9282913208008,77.490348815918,8.27844905853271,0.736057043075562,0,0,
232,58.40345001,0,0,0,11.8529768,0,4.069043159,0,1.988847494,0,14.51140594,0,3.5486843585968,0.952901244163513,4.41792249679565,1.1162383556366,8.46760654449463,22.9354095458984,77.5056610107422,8.27884197235107,0.736060917377472,0,0,
233,58.40345001,0,0,0,11.8529768,0,4.069043159,0,1.988847494,0,14.51140594,0,3.54869699478149,0.952903687953949,4.41795921325684,1.11625492572784,8.47072124481201,22.9424266815186,77.5209655761719,8.27922439575195,0.736065030097961,0,0,
234,58.40345001,0,0,0,11.8529768,0,4.069043159,0,1.988847494,0,14.51140594,0,3.54870653152466,0.952905178070068,4.41799211502075,1.11626958847046,8.4737548828125,22.9493446350098,77.536262512207,8.27958869934082,0.736068546772003,0,0,
235,58.40345001,0,0,0,11.8529768,0,4.069043159,0,1.988847494,0,14.51140594,0,3.54871368408203,0.952906131744385,4.41802167892456,1.11628258228302,8.47670841217041,22.9561614990234,77.5515441894531,8.27993679046631,0.736071467399597,0,0,
236,58.40562057,0,0,0,11.85313606,0,4.069093704,0,1.98886025,0,14.51192379,0,3.5487232208252,0.952907919883728,4.41805267333984,1.11629641056061,8.47958469390869,22.9628791809082,77.5668258666992,8.28027534484863,0.736074686050415,0,0,
237,58.40562057,0,0,0,11.85313606,0,4.069093704,0,1.98886025,0,14.51192379,0,3.54873442649841,0.952910125255585,4.41808462142944,1.11631083488464,8.48238468170166,22.9695014953613,77.5820999145508,8.28060531616211,0.736078202724457,0,0,
238,58.40562057,0,0,0,11.85313606,0,4.069093704,0,1.98886025,0,14.51192379,0,3.5487425327301,0.952911496162415,4.41811323165894,1.11632370948792,8.48511123657227,22.9760246276855,77.5973587036133,8.28092002868652,0.736081182956696,0,0,
239,58.40562057,0,0,0,11.85313606,0,4.069093704,0,1.98886025,0,14.51192379,0,3.54874897003174,0.952912271022797,4.41813850402832,1.11633503437042,8.48776626586914,22.9824562072754,77.6126098632813,8.28121948242188,0.736083686351776,0,0,
240,58.40562057,0,0,0,11.85313606,0,4.069093704,0,1.98886025,0,14.51192379,0,3.54875349998474,0.952912747859955,4.41816139221191,1.11634504795074,8.4903507232666,22.988790512085,77.6278457641602,8.2815055847168,0.736085832118988,0,0,
241,58.40779114,0,0,0,11.85330963,0,4.069143772,0,1.988873005,0,14.51244164,0,3.54876089096069,0.952914237976074,4.41818618774414,1.11635625362396,8.49286651611328,22.9950332641602,77.64306640625,8.28178596496582,0.736088454723358,0,0,
242,58.40779114,0,0,0,11.85330963,0,4.069143772,0,1.988873005,0,14.51244164,0,3.54877066612244,0.952916383743286,4.41821336746216,1.11636853218079,8.49531555175781,23.0011863708496,77.6582794189453,8.28206062316895,0.736091494560242,0,0,
243,58.40779114,0,0,0,11.85330963,0,4.069143772,0,1.988873005,0,14.51244164,0,3.54877805709839,0.952917695045471,4.41823720932007,1.11637938022614,8.49769973754883,23.0072498321533,77.6734771728516,8.28232288360596,0.736094057559967,0,0,
244,58.40779114,0,0,0,11.85330963,0,4.069143772,0,1.988873005,0,14.51244164,0,3.54878354072571,0.952918469905853,4.41825866699219,1.1163889169693,8.50002098083496,23.0132236480713,77.6886672973633,8.28257274627686,0.736096203327179,0,0,
245,58.40779114,0,0,0,11.85330963,0,4.069143772,0,1.988873005,0,14.51244164,0,3.54878759384155,0.952918946743011,4.41827774047852,1.11639738082886,8.50228023529053,23.0191097259521,77.7038345336914,8.28281116485596,0.736098051071167,0,0,
246,58.40779114,0,0,0,11.85330963,0,4.069143772,0,1.988873005,0,14.51244164,0,3.5487904548645,0.952919244766235,4.41829538345337,1.1164048910141,8.50447845458984,23.0249080657959,77.718994140625,8.28303813934326,0.736099600791931,0,0,
247,58.40779114,0,0,0,11.85330963,0,4.069143772,0,1.988873005,0,14.51244164,0,3.54879260063171,0.95291942358017,4.41831064224243,1.11641156673431,8.50661849975586,23.0306205749512,77.734130859375,8.28325462341309,0.736100971698761,0,0,
248,58.4099617,0,0,0,11.85346985,0,4.069193363,0,1.98888588,0,14.51295662,0,3.54879856109619,0.952920734882355,4.41832876205444,1.116419672966,8.50870037078857,23.036247253418,77.7492599487305,8.28346729278564,0.736102879047394,0,0,
249,58.4099617,0,0,0,11.85346985,0,4.069193363,0,1.98888588,0,14.51295662,0,3.54880738258362,0.952922761440277,4.4183497428894,1.11642909049988,8.51072692871094,23.0417919158936,77.7643661499023,8.28367805480957,0.73610520362854,0,0,
250,58.4099617,0,0,0,11.85346985,0,4.069193363,0,1.98888588,0,14.51295662,0,3.54881381988525,0.952923953533173,4.41836833953857,1.11643743515015,8.51269912719727,23.0472545623779,77.7794570922852,8.28387928009033,0.736107170581818,0,0,
251,58.4099617,0,0,0,11.85346985,0,4.069193363,0,1.98888588,0,14.51295662,0,3.54881882667542,0.95292466878891,4.41838502883911,1.1164448261261,8.51461887359619,23.0526351928711,77.7945327758789,8.28407096862793,0.736108839511871,0,0,
252,58.4099617,0,0,0,11.85346985,0,4.069193363,0,1.98888588,0,14.51295662,0,3.54882216453552,0.952925086021423,4.41839981079102,1.11645138263702,8.51648616790771,23.057933807373,77.8095855712891,8.28425407409668,0.736110270023346,0,0,
253,58.4099617,0,0,0,11.85346985,0,4.069193363,0,1.98888588,0,14.51295662,0,3.54882478713989,0.952925384044647,4.41841268539429,1.11645722389221,8.51830291748047,23.0631561279297,77.8246231079102,8.28442859649658,0.736111521720886,0,0,
254,58.4099617,0,0,0,11.85346985,0,4.069193363,0,1.98888588,0,14.51295662,0,3.5488269329071,0.952925562858582,4.41842412948608,1.11646234989166,8.52007102966309,23.0682964324951,77.8396377563477,8.28459453582764,0.736112594604492,0,0,
255,58.4099617,0,0,0,11.85346985,0,4.069193363,0,1.98888588,0,14.51295662,0,3.548828125,0.952925682067871,4.41843509674072,1.11646687984467,8.52179145812988,23.0733604431152,77.8546371459961,8.28475284576416,0.736113488674164,0,0,
256,58.41213608,0,0,0,11.85364246,0,4.069244862,0,1.988898754,0,14.51347542,0,3.54883360862732,0.952926993370056,4.41844940185547,1.11647319793701,8.52346515655518,23.0783500671387,77.8696136474609,8.28491020202637,0.736115097999573,0,0,
257,58.41213608,0,0,0,11.85364246,0,4.069244862,0,1.988898754,0,14.51347542,0,3.54884195327759,0.952928960323334,4.41846656799316,1.11648106575012,8.52509307861328,23.0832653045654,77.8845748901367,8.28506851196289,0.736117243766785,0,0,
258,58.41213608,0,0,0,11.85364246,0,4.069244862,0,1.988898754,0,14.51347542,0,3.54884839057922,0.952930212020874,4.41848182678223,1.11648797988892,8.52667808532715,23.0881061553955,77.8995132446289,8.28521823883057,0.736119031906128,0,0,
259,58.41213608,0,0,0,11.85364246,0,4.069244862,0,1.988898754,0,14.51347542,0,3.54885292053223,0.952930986881256,4.41849565505981,1.11649417877197,8.52822017669678,23.0928726196289,77.914436340332,8.28536128997803,0.736120522022247,0,0,
260,58.41213608,0,0,0,11.85364246,0,4.069244862,0,1.988898754,0,14.51347542,0,3.54885601997375,0.95293140411377,4.41850805282593,1.11649966239929,8.52972030639648,23.0975685119629,77.9293365478516,8.28549766540527,0.736121833324432,0,0,
261,58.41213608,0,0,0,11.85364246,0,4.069244862,0,1.988898754,0,14.51347542,0,3.54885864257813,0.952931702136993,4.41851902008057,1.11650443077087,8.53117942810059,23.1021919250488,77.9442138671875,8.28562831878662,0.736122965812683,0,0,
262,58.41213608,0,0,0,11.85364246,0,4.069244862,0,1.988898754,0,14.51347542,0,3.54886031150818,0.952931821346283,4.41852855682373,1.1165087223053,8.53259944915771,23.106746673584,77.9590759277344,8.28575229644775,0.736123919487,0,0,
263,58.41213608,0,0,0,11.85364246,0,4.069244862,0,1.988898754,0,14.51347542,0,3.54886174201965,0.952931880950928,4.41853761672974,1.11651253700256,8.53398036956787,23.1112327575684,77.9739074707031,8.28587055206299,0.736124694347382,0,0,
264,58.41213608,0,0,0,11.85364246,0,4.069244862,0,1.988898754,0,14.51347542,0,3.54886293411255,0.952931940555573,4.41854524612427,1.11651587486267,8.53532409667969,23.115650177002,77.9887237548828,8.28598308563232,0.736125409603119,0,0,
265,58.41213608,0,0,0,11.85364246,0,4.069244862,0,1.988898754,0,14.51347542,0,3.54886388778687,0.952931940555573,4.41855239868164,1.11651885509491,8.53662967681885,23.1199989318848,78.0035171508789,8.28609085083008,0.736126005649567,0,0,
266,58.41213608,0,0,0,11.85364246,0,4.069244862,0,1.988898754,0,14.51347542,0,3.5488646030426,0.952931940555573,4.4185585975647,1.11652159690857,8.5378999710083,23.1242790222168,78.0182876586914,8.28619384765625,0.73612642288208,0,0,
267,58.41213608,0,0,0,11.85364246,0,4.069244862,0,1.988898754,0,14.51347542,0,3.54886484146118,0.952931940555573,4.41856384277344,1.11652386188507,8.53913593292236,23.1284942626953,78.0330429077148,8.28629112243652,0.736126840114594,0,0,
268,58.41213608,0,0,0,11.85364246,0,4.069244862,0,1.988898754,0,14.51347542,0,3.54886531829834,0.952931940555573,4.41856861114502,1.11652600765228,8.54033756256104,23.1326465606689,78.0477676391602,8.28638458251953,0.736127197742462,0,0,
269,58.41430283,0,0,0,11.85380554,0,4.069294453,0,1.98891139,0,14.51399136,0,3.54886960983276,0.952933132648468,4.41857767105103,1.11653006076813,8.54150581359863,23.1367340087891,78.0624694824219,8.28648090362549,0.736128270626068,0,0,
270,58.41430283,0,0,0,11.85380554,0,4.069294453,0,1.98891139,0,14.51399136,0,3.54887723922729,0.952935099601746,4.41859006881714,1.1165360212326,8.54264163970947,23.1407604217529,78.0771484375,8.28658008575439,0.736129999160767,0,0,
271,58.41430283,0,0,0,11.85380554,0,4.069294453,0,1.98891139,0,14.51399136,0,3.54888296127319,0.952936232089996,4.41860103607178,1.11654126644135,8.54374694824219,23.1447238922119,78.0918045043945,8.28667449951172,0.736131429672241,0,0,
272,58.41430283,0,0,0,11.85380554,0,4.069294453,0,1.98891139,0,14.51399136,0,3.54888725280762,0.952936947345734,4.4186110496521,1.11654591560364,8.54482269287109,23.1486263275146,78.1064376831055,8.28676414489746,0.736132562160492,0,0,
273,58.41430283,0,0,0,11.85380554,0,4.069294453,0,1.98891139,0,14.51399136,0,3.54888987541199,0.952937424182892,4.41862010955811,1.11655008792877,8.54586887359619,23.1524696350098,78.1210403442383,8.28684902191162,0.736133575439453,0,0,
274,58.41430283,0,0,0,11.85380554,0,4.069294453,0,1.98891139,0,14.51399136,0,3.5488920211792,0.952937662601471,4.41862821578979,1.11655378341675,8.5468864440918,23.1562538146973,78.1356201171875,8.28693008422852,0.736134469509125,0,0,
275,58.41430283,0,0,0,11.85380554,0,4.069294453,0,1.98891139,0,14.51399136,0,3.54889345169067,0.952937841415405,4.41863536834717,1.11655700206757,8.54787540435791,23.1599788665771,78.1501770019531,8.28700828552246,0.736135125160217,0,0,
276,58.41430283,0,0,0,11.85380554,0,4.069294453,0,1.98891139,0,14.51399136,0,3.54889488220215,0.95293790102005,4.41864156723022,1.11655986309052,8.54883766174316,23.163646697998,78.1647109985352,8.28708267211914,0.736135721206665,0,0,
277,58.41430283,0,0,0,11.85380554,0,4.069294453,0,1.98891139,0,14.51399136,0,3.54889559745789,0.952937960624695,4.41864728927612,1.1165623664856,8.54977226257324,23.16725730896,78.1792068481445,8.28715324401855,0.736136257648468,0,0,
278,58.41430283,0,0,0,11.85380554,0,4.069294453,0,1.98891139,0,14.51399136,0,3.54889631271362,0.952937960624695,4.41865205764771,1.1165646314621,8.55068206787109,23.1708106994629,78.1936798095703,8.2872200012207,0.736136734485626,0,0,
279,58.41430283,0,0,0,11.85380554,0,4.069294453,0,1.98891139,0,14.51399136,0,3.54889702796936,0.952937960624695,4.41865682601929,1.11656665802002,8.5515661239624,23.1743106842041,78.2081298828125,8.2872838973999,0.736137092113495,0,0,
280,58.41430283,0,0,0,11.85380554,0,4.069294453,0,1.98891139,0,14.51399136,0,3.54889750480652,0.952937960624695,4.41866111755371,1.11656844615936,8.55242538452148,23.177755355835,78.2225494384766,8.28734493255615,0.736137390136719,0,0,
281,58.41430283,0,0,0,11.85380554,0,4.069294453,0,1.98891139,0,14.51399136,0,3.5488977432251,0.952937960624695,4.41866493225098,1.11656999588013,8.55326080322266,23.1811466217041,78.2369384765625,8.28740310668945,0.736137628555298,0,0,
282,58.41430283,0,0,0,11.85380554,0,4.069294453,0,1.98891139,0,14.51399136,0,3.5488977432251,0.952937960624695,4.41866827011108,1.11657130718231,8.55407333374023,23.1844844818115,78.2513046264648,8.28745937347412,0.736137866973877,0,0,
283,58.41430283,0,0,0,11.85380554,0,4.069294453,0,1.98891139,0,14.51399136,0,3.5488977432251,0.952937960624695,4.41867113113403,1.11657249927521,8.55486297607422,23.1877689361572,78.2656478881836,8.28751277923584,0.736138105392456,0,0,
284,58.41430283,0,0,0,11.85380554,0,4.069294453,0,1.98891139,0,14.51399136,0,3.5488977432251,0.952937960624695,4.41867351531982,1.11657357215881,8.55563163757324,23.1910037994385,78.2799606323242,8.28756332397461,0.73613828420639,0,0,
285,58.41430283,0,0,0,11.85380554,0,4.069294453,0,1.98891139,0,14.51399136,0,3.5488977432251,0.952937960624695,4.41867589950562,1.11657452583313,8.55637741088867,23.1941871643066,78.2942428588867,8.28761196136475,0.73613840341568,0,0,
286,58.41430283,0,0,0,11.85380554,0,4.069294453,0,1.98891139,0,14.51399136,0,3.5488977432251,0.952937960624695,4.41867780685425,1.11657536029816,8.55710315704346,23.1973209381104,78.3084945678711,8.28765773773193,0.736138522624969,0,0,
287,58.41430283,0,0,0,11.85380554,0,4.069294453,0,1.98891139,0,14.51399136,0,3.5488977432251,0.952937960624695,4.41867971420288,1.11657607555389,8.5578088760376,23.2004051208496,78.3227233886719,8.28770160675049,0.736138641834259,0,0,
288,58.41430283,0,0,0,11.85380554,0,4.069294453,0,1.98891139,0,14.51399136,0,3.5488977432251,0.952937960624695,4.41868114471436,1.11657679080963,8.55849456787109,23.203441619873,78.3369216918945,8.28774356842041,0.736138761043549,0,0,
289,58.41430283,0,0,0,11.85380554,0,4.069294453,0,1.98891139,0,14.51399136,0,3.5488977432251,0.952937960624695,4.41868257522583,1.11657738685608,8.55916118621826,23.2064304351807,78.3510894775391,8.28778266906738,0.736138880252838,0,0,
290,58.41430283,0,0,0,11.85380554,0,4.069294453,0,1.98891139,0,14.51399136,0,3.5488977432251,0.952937960624695,4.4186840057373,1.11657786369324,8.5598087310791,23.2093715667725,78.365234375,8.28782081604004,0.736138999462128,0,0,
291,58.41430283,0,0,0,11.85380554,0,4.069294453,0,1.98891139,0,14.51399136,0,3.5488977432251,0.952937960624695,4.41868495941162,1.1165783405304,8.56043815612793,23.2122650146484,78.3793487548828,8.28785705566406,0.736139059066772,0,0,
292,58.41430283,0,0,0,11.85380554,0,4.069294453,0,1.98891139,0,14.51399136,0,3.5488977432251,0.952937960624695,4.41868591308594,1.11657869815826,8.56104946136475,23.2151145935059,78.393424987793,8.28789234161377,0.736139059066772,0,0,
293,58.41430283,0,0,0,11.85380554,0,4.069294453,0,1.98891139,0,14.51399136,0,3.5488977432251,0.952937960624695,4.41868686676025,1.11657905578613,8.56164455413818,23.2179183959961,78.4074783325195,8.28792476654053,0.736139059066772,0,0,
294,58.41430283,0,0,0,11.85380554,0,4.069294453,0,1.98891139,0,14.51399136,0,3.5488977432251,0.952937960624695,4.41868782043457,1.116579413414,8.56222248077393,23.2206783294678,78.421501159668,8.28795623779297,0.736139059066772,0,0,
295,58.41430283,0,0,0,11.85380554,0,4.069294453,0,1.98891139,0,14.51399136,0,3.5488977432251,0.952937960624695,4.41868829727173,1.11657965183258,8.56278419494629,23.2233943939209,78.4354934692383,8.28798580169678,0.736139059066772,0,0,
296,58.41647339,0,0,0,11.85398006,0,4.069344521,0,1.988924265,0,14.51451111,0,3.5489022731781,0.95293927192688,4.41869354248047,1.11658227443695,8.56332969665527,23.2260665893555,78.4494552612305,8.2880220413208,0.736139953136444,0,0,
297,58.41647339,0,0,0,11.85398006,0,4.069344521,0,1.988924265,0,14.51451111,0,3.54890966415405,0.952941238880157,4.41870260238647,1.11658680438995,8.5638599395752,23.2286987304688,78.4633865356445,8.28806400299072,0.736141502857208,0,0,
298,58.41647339,0,0,0,11.85398006,0,4.069344521,0,1.988924265,0,14.51451111,0,3.54891538619995,0.952942371368408,4.41871070861816,1.11659073829651,8.56437492370605,23.2312908172607,78.4772872924805,8.28810405731201,0.736142814159393,0,0,
299,58.41647339,0,0,0,11.85398006,0,4.069344521,0,1.988924265,0,14.51451111,0,3.54891967773438,0.952943086624146,4.4187183380127,1.11659419536591,8.56487655639648,23.2338390350342,78.4911575317383,8.28814220428467,0.736143946647644,0,0,
