"Time Step","Softwood Merchantable","Hardwood Merchantable","Softwood Submerchantable","Hardwood Submerchantable","Softwood Other","Hardwood Other","Softwood Foliage","Hardwood Foliage","Softwood Fine Roots","Hardwood Fine Roots","Softwood Coarse Roots","Hardwood Coarse Roots","Aboveground Very Fast DOM","Belowground Very Fast DOM","Aboveground Fast DOM","Belowground Fast DOM","Medium DOM","Aboveground Slow DOM","Belowground Slow DOM","Softwood Stem Snag","Softwood Branch Snag","Hardwood Stem Snag","Hardwood Branch Snag",
0,0,0,0,0,0,0,0,0,0,0,0,0,0.771179974079132,1.94111001491547,8.9810962677002,8.22057819366455,15.0623998641968,12.7109498977661,71.5653533935547,57.3693084716797,8.48625087738037,0,0,
1,0.02117783576,0,0,0,0.05319130421,0,0.1282722056,0,0.01907815598,0,0.02590822242,0,0.579942226409912,1.1649204492569,8.69979763031006,7.27505350112915,16.3915958404541,13.0190906524658,71.7000350952148,54.7010917663574,7.19858598709106,0,0,
2,0.09381280094,0,0,0,0.2678103745,0,0.2702327669,0,0.05892412364,0,0.08134789765,0,0.460434883832932,0.705495297908783,8.34081840515137,6.43865537643433,17.5981178283691,13.2952108383179,71.7654495239258,52.157283782959,6.10760545730591,0,0,
3,0.2238436043,0,0,0,0.5874813199,0,0.413991183,0,0.1127772853,0,0.1592428684,0,0.39898008108139,0.439210593700409,7.9342679977417,5.69906091690063,18.6895065307617,13.5439538955688,71.7856826782227,49.7324600219727,5.18471527099609,0,0,
4,0.41441378,0,0,0,0.9840559959,0,0.5565624833,0,0.1770672947,0,0.2569499016,0,0.383407831192017,0.291000217199326,7.50309658050537,5.04532098770142,19.6729068756104,13.7693767547607,71.776008605957,47.4214782714844,4.40526294708252,0,0,
5,0.6674171686,0,0,0,1.437981129,0,0.6964937449,0,0.2490892112,0,0.3729308546,0,0.403723895549774,0.215283095836639,7.06478071212769,4.46772861480713,20.5550880432129,13.9750156402588,71.7463073730469,45.2194442749023,3.74811220169067,0,0,
6,0.9839045405,0,0,0,1.934024215,0,0.8329575062,0,0.3266035616,0,0.5060932636,0,0.451821148395538,0.184272795915604,6.63244247436523,3.95768070220947,21.3424682617188,14.1639499664307,71.7030944824219,43.1217041015625,3.19517040252686,0,0,
7,1.364260674,0,0,0,2.459631443,0,0.9654536843,0,0.4077037573,0,0.6555310488,0,0.521136224269867,0.180921941995621,6.21571683883667,3.50755596160889,22.0411281585693,14.3388586044312,71.6507873535156,41.1238327026367,2.73096013069153,0,0,
8,1.808299065,0,0,0,3.004142761,0,1.093677878,0,0.4907596111,0,0.8203990459,0,0.606349349021912,0.194676384329796,5.82144355773926,3.11060118675232,22.6568260192871,14.5020685195923,71.5924530029297,39.2216033935547,2.34224367141724,0,0,
9,2.315322399,0,0,0,3.558363914,0,1.217452526,0,0.5743870139,0,0.9998458028,0,0.703140318393707,0.218922764062881,5.45423316955566,2.76083278656006,23.1950187683105,14.655592918396,71.5302810668945,37.4109840393066,2.01769852638245,0,0,
10,2.884165049,0,0,0,4.114311218,0,1.336687207,0,0.6574270129,0,1.192979336,0,0.807996571063995,0.249454244971275,5.1169285774231,2.45294809341431,23.6608734130859,14.8011674880981,71.4658737182617,35.6881294250488,1.74763941764832,0,0,
11,3.513228893,0,0,0,4.665048599,0,1.451352835,0,0.7389272451,0,1.39885056,0,0.918062329292297,0.283547431230545,4.81098222732544,2.18224596977234,24.0592842102051,14.9402780532837,71.4004211425781,34.0493583679199,1.52378106117249,0,0,
12,4.20051384,0,0,0,5.204575539,0,1.561465621,0,0.8181244731,0,1.616450548,0,1.0310206413269,0.319405764341354,4.53676557540894,1.9445573091507,24.3948802947998,15.0741853713989,71.3348159790039,32.4911499023438,1.33903431892395,0,0,
13,4.943647385,0,0,0,5.727745056,0,1.667074561,0,0.8944253922,0,1.844714165,0,1.14499998092651,0.355822563171387,4.2938232421875,1.73618364334106,24.6720485687256,15.2039556503296,71.2697525024414,31.0101375579834,1.18733358383179,0,0,
14,5.739915371,0,0,0,6.230197906,0,1.768253446,0,0.9673887491,0,2.082528591,0,1.25849986076355,0.391975343227386,4.08107900619507,1.5538421869278,24.8949356079102,15.3304748535156,71.2057495117188,29.6030864715576,1.06348872184753,0,0,
15,6.586290359,0,0,0,6.708309174,0,1.865094304,0,1.036705613,0,2.328746796,0,1.3703305721283,0.427299320697784,3.8970060348510702,1.39461779594421,25.0674629211426,15.4544734954834,71.143196105957,28.2669010162354,0.963060021400452,0,0,
16,7.479464531,0,0,0,7.159139633,0,1.957703114,0,1.102181435,0,2.582198858,0,1.4795628786087,0.461407780647278,3.73976230621338,1.25592052936554,25.1933422088623,15.5765428543091,71.082405090332,26.9986019134521,0.882250428199768,0,0,
17,8.415881157,0,0,0,7.580390453,0,2.046195269,0,1.163718343,0,2.841709614,0,1.58548724651337,0.494040876626968,3.60730147361755,1.1354478597641,25.2760791778564,15.6971521377563,71.0235824584961,25.7953300476074,0.817814469337463,0,0,
18,9.391768456,0,0,0,7.970359325,0,2.130693913,0,1.221298218,0,3.106108665,0,1.68757796287537,0.525031805038452,3.49746227264404,1.03115177154541,25.3189849853516,15.8166627883911,70.9668960571289,24.654333114624,0.766980469226837,0,0,
19,10.40317249,0,0,0,8.327897072,0,2.211326361,0,1.274967551,0,3.374244213,0,1.78546333312988,0.554283261299133,3.408038854599,0.941209554672241,25.3251876831055,15.9353466033936,70.9124526977539,23.572961807251,0.72738391160965,0,0,
20,11.44599438,0,0,0,8.652363777,0,2.288223267,0,1.324824333,0,3.644996643,0,1.87889993190765,0.581750929355621,3.33683562278748,0.863998174667358,25.2976379394531,16.0533924102783,70.8603134155273,22.5486640930176,0.697010576725006,0,0,
21,12.96848202,0,0,0,8.332900047,0,2.273764372,0,1.363313556,0,3.870368958,0,1.96196866035461,0.60669219493866,3.27339696884155,0.797863960266113,25.2391204833984,16.1703453063965,70.8104248046875,21.580472946167,0.671270430088043,0,0,
22,14.01894093,0,0,0,8.397572517,0,2.335921764,0,1.399302959,0,4.095737457,0,2.03490471839905,0.628788113594055,3.21359014511108,0.74133175611496,25.1523017883301,16.2856731414795,70.7626495361328,20.6658039093018,0.648236095905304,0,0,
23,15.0773735,0,0,0,8.46615696,0,2.397582531,0,1.433600545,0,4.325326443,0,2.10407066345215,0.648776590824127,3.16240668296814,0.693315804004669,25.0396957397461,16.3993873596191,70.716926574707,19.8006343841553,0.629325449466705,0,0,
24,16.14166832,0,0,0,8.537966728,0,2.458529472,0,1.466180682,0,4.558491707,0,2.16997647285461,0.667175054550171,3.11934852600098,0.652870893478394,24.9036102294922,16.5115146636963,70.673225402832,18.9827079772949,0.613946378231049,0,0,
25,17.20721817,0,0,0,8.612236977,0,2.5184412,0,1.496969581,0,4.794043064,0,2.23295664787292,0.684283852577209,3.0838956832885702,0.61915248632431,24.7462158203125,16.6220970153809,70.6315383911133,18.2098541259766,0.601589739322662,0,0,
26,18.26950645,0,0,0,8.688251495,0,2.577038527,0,1.525930285,0,5.030794144,0,2.293212890625,0.700272381305695,3.05551242828369,0.591402649879456,24.5695495605469,16.7311782836914,70.5918426513672,17.4799652099609,0.591816604137421,0,0,
27,19.32904243,0,0,0,8.765712738,0,2.634344339,0,1.553179145,0,5.268681049,0,2.35088968276978,0.715249717235565,3.03366684913635,0.568945169448853,24.375524520874,16.8387928009033,70.5541381835938,16.7910270690918,0.584249973297119,0,0,
28,20.38381386,0,0,0,8.844198227,0,2.690257788,0,1.5787673,0,5.507088661,0,2.40610909461975,0.729297339916229,3.01784229278564,0.551178574562073,24.1659317016602,16.9449787139893,70.5184020996094,16.1411075592041,0.578566491603851,0,0,
29,21.42936516,0,0,0,8.923145294,0,2.744566917,0,1.60269928,0,5.744851589,0,2.4589509963989298,0.742469429969788,3.0075318813324,0.537562668323517,23.9424476623535,17.049768447876,70.4845962524414,15.5283470153809,0.574487566947937,0,0,
30,22.46616745,0,0,0,9.002371788,0,2.797330856,0,1.625100732,0,5.981922626,0,2.50948095321655,0.754810929298401,3.00224733352661,0.527614116668701,23.7066421508789,17.1531887054443,70.4527130126953,14.9509582519531,0.571772992610931,0,0,
31,23.48980522,0,0,0,9.081383705,0,2.848370552,0,1.645991445,0,6.217151165,0,2.55775880813599,0.76636266708374,3.00152087211609,0.520899832248688,23.4599838256836,17.255256652832,70.4227142333984,14.4072237014771,0.570216059684753,0,0,
32,24.50072861,0,0,0,9.160056114,0,2.897759199,0,1.66549468,0,6.450502396,0,2.60383939743042,0.777162969112396,3.00490665435791,0.517031311988831,23.2038440704346,17.3559856414795,70.3945541381836,13.8954925537109,0.56963849067688,0,0,
33,25.49695015,0,0,0,9.238125801,0,2.945454121,0,1.683680773,0,6.681397438,0,2.64778804779053,0.787253260612488,3.01198673248291,0.515662014484406,22.9394989013672,17.4553871154785,70.3682022094727,13.4141845703125,0.569887220859528,0,0,
34,26.47886848,0,0,0,9.315509796,0,2.991529465,0,1.700659513,0,6.909811974,0,2.68967604637146,0.796675741672516,3.02237033843994,0.516482591629028,22.668140411377,17.553466796875,70.343620300293,12.9617910385132,0.570830821990967,0,0,
35,27.44446945,0,0,0,9.391965866,0,3.0359478,0,1.716493487,0,7.135175705,0,2.72957897186279,0.805472254753113,3.03569316864014,0.519216656684875,22.3908748626709,17.6502323150635,70.3207550048828,12.5368633270264,0.572356164455414,0,0,
36,28.39174652,0,0,0,9.467258453,0,3.078677416,0,1.731243491,0,7.356922626,0,2.7675633430481,0.813679695129395,3.05161118507385,0.523614585399628,22.1087322235107,17.7456836700439,70.2995758056641,12.1380128860474,0.574365079402924,0,0,
37,29.32105446,0,0,0,9.541351318,0,3.119795084,0,1.7450037,0,7.575044632,0,2.80369925498962,0.821335017681122,3.06980538368225,0.529452979564667,21.8226661682129,17.8398208618164,70.2800216674805,11.7639045715332,0.576773107051849,0,0,
38,30.2327137,0,0,0,9.614222527,0,3.159372807,0,1.757858872,0,7.789541721,0,2.83806777000427,0.828477621078491,3.08998465538025,0.536534011363983,21.5335655212402,17.9326438903809,70.2620620727539,11.4132719039917,0.579508185386658,0,0,
39,31.12468719,0,0,0,9.685657501,0,3.197379351,0,1.769855022,0,7.999860287,0,2.87074708938599,0.835143566131592,3.11188006401062,0.544680237770081,21.2422466278076,18.0241508483887,70.2456512451172,11.0848989486694,0.582508265972137,0,0,
40,31.99726486,0,0,0,9.755652428,0,3.233884096,0,1.781065941,0,8.206004143,0,2.90181112289429,0.841366052627563,3.1352424621582,0.55373215675354,20.9494705200195,18.1143398284912,70.2307434082031,10.7776212692261,0.585719466209412,0,0,
41,32.85071564,0,0,0,9.824189186,0,3.268952608,0,1.791558266,0,8.407978058,0,2.93133878707886,0.847178399562836,3.15984630584717,0.563548684120178,20.6559314727783,18.2032146453857,70.2173004150391,10.490330696106,0.589096128940582,0,0,
42,33.6829834,0,0,0,9.891082764,0,3.302554369,0,1.801365614,0,8.605244637,0,2.95940232276917,0.852610290050507,3.18548321723938,0.574002504348755,20.3622779846191,18.2907733917236,70.2052688598633,10.2219648361206,0.592598557472229,0,0,
43,34.49662399,0,0,0,9.956515312,0,3.334841967,0,1.810571074,0,8.798361778,0,2.98607563972473,0.857690632343292,3.21196484565735,0.584981203079224,20.0690975189209,18.3770160675049,70.1946182250977,9.97151279449463,0.596193015575409,0,0,
44,35.28725052,0,0,0,10.02012348,0,3.365692854,0,1.819174528,0,8.986246109,0,3.01142501831055,0.862444639205933,3.23911714553833,0.596382856369019,19.7769317626953,18.4619445800781,70.185302734375,9.73800277709961,0.599850058555603,0,0,
45,36.05967712,0,0,0,10.0822649,0,3.395341158,0,1.827272892,0,9.170003891,0,3.03551721572876,0.866896986961365,3.26678323745728,0.608117401599884,19.4862785339355,18.545560836792,70.1772918701172,9.52051067352295,0.60354471206665,0,0,
46,36.80952454,0,0,0,10.14259434,0,3.423664331,0,1.834860444,0,9.348563194,0,3.05841875076294,0.871070921421051,3.29482293128967,0.620105266571045,19.1975879669189,18.6278667449951,70.170539855957,9.31815814971924,0.607255756855011,0,0,
47,37.54154968,0,0,0,10.2014761,0,3.450884104,0,1.842021823,0,9.523026466,0,3.08019280433655,0.8749880194664,3.32311010360718,0.632276237010956,18.9112701416016,18.7088661193848,70.1650085449219,9.13010597229004,0.610965371131897,0,0,
48,38.25364304,0,0,0,10.25873947,0,3.476960659,0,1.848767638,0,9.692866325,0,3.10090923309326,0.878670454025269,3.35153651237488,0.644570589065552,18.6277008056641,18.7885665893555,70.1606674194336,8.95556545257568,0.614659249782562,0,0,
49,38.94368362,0,0,0,10.31420326,0,3.501854897,0,1.85510838,0,9.857554436,0,3.12061595916748,0.882133543491364,3.37999677658081,0.656930923461914,18.3472137451172,18.8669719696045,70.157470703125,8.79376983642578,0.618323862552643,0,0,
50,39.61411285,0,0,0,10.36806488,0,3.525693655,0,1.861094117,0,10.01765251,0,3.13936185836792,0.885392129421234,3.40839576721191,0.669306516647339,18.0701141357422,18.944091796875,70.1553955078125,8.64398860931396,0.621947407722473,0,0,
51,40.2673378,0,0,0,10.42051697,0,3.54859519,0,1.866769552,0,10.17372227,0,3.15720725059509,0.888464450836182,3.43665885925293,0.681657493114471,17.7966728210449,19.0199337005615,70.1544036865234,8.50554180145264,0.625522077083588,0,0,
52,40.89895248,0,0,0,10.47120094,0,3.570435762,0,1.872117519,0,10.32469368,0,3.1742000579834,0.891363739967346,3.46471476554871,0.693946301937103,17.5271320343018,19.0945053100586,70.1544647216797,8.37777328491211,0.62904018163681,0,0,
53,41.51361465,0,0,0,10.52047825,0,3.591407061,0,1.877197146,0,10.47166348,0,3.19038438796997,0.894102215766907,3.49249982833862,0.706139862537384,17.2617073059082,19.1678199768066,70.1555480957031,8.26006126403809,0.632495522499084,0,0,
54,42.10916901,0,0,0,10.56819725,0,3.611463785,0,1.882007837,0,10.61411381,0,3.20580768585205,0.896692752838135,3.51996278762817,0.718211352825165,17.0005855560303,19.2398853302002,70.1576232910156,8.15181732177734,0.635883510112762,0,0,
55,42.68572617,0,0,0,10.61435986,0,3.630637169,0,1.886566281,0,10.75205517,0,3.22050642967224,0.89914458990097,3.54705357551575,0.730134904384613,16.743932723999,19.3107166290283,70.1606597900391,8.05247497558594,0.639199793338776,0,0,
56,43.24340439,0,0,0,10.65896797,0,3.648954868,0,1.89088738,0,10.88550854,0,3.2345142364502,0.901466310024261,3.57372713088989,0.741887748241425,16.4918899536133,19.3803234100342,70.1646194458008,7.96149635314941,0.642440497875214,0,0,
57,43.7845192,0,0,0,10.70222282,0,3.666519642,0,1.895001769,0,11.01502132,0,3.24786925315857,0.903667449951172,3.59994888305664,0.753452181816101,16.2445812225342,19.4487190246582,70.1694946289063,7.8783745765686,0.64560341835022,0,0,
58,44.3091774,0,0,0,10.74412918,0,3.683353424,0,1.898921371,0,11.14061737,0,3.26061129570007,0.9057577252388,3.62569332122803,0.764815151691437,16.0021057128906,19.5159187316895,70.1752471923828,7.80263614654541,0.648687541484833,0,0,
59,44.81744003,0,0,0,10.78468895,0,3.699478388,0,1.902655959,0,11.26230049,0,3.27277493476868,0.907745182514191,3.6509382724762,0.775965213775635,15.7645492553711,19.5819339752197,70.1818466186523,7.7338285446167,0.651692271232605,0,0,
60,45.30715179,0,0,0,10.82372952,0,3.714845181,0,1.906199098,0,11.37955189,0,3.28438496589661,0.909634828567505,3.67565894126892,0.786889851093292,15.5319786071777,19.6467838287354,70.1892623901367,7.6715145111084,0.654616057872772,0,0,
61,45.78285599,0,0,0,10.86163044,0,3.72961688,0,1.909591436,0,11.4934597,0,3.29546880722046,0.911433041095734,3.69983911514282,0.797580599784851,15.3044462203979,19.7104797363281,70.1974868774414,7.61528396606445,0.657458782196045,0,0,
62,46.24237823,0,0,0,10.89820576,0,3.74374032,0,1.912824512,0,11.6034956,0,3.30605816841125,0.913146615028381,3.723468542099,0.808032512664795,15.0819902420044,19.7730388641357,70.2064819335938,7.5647554397583,0.660220980644226,0,0,
63,46.68577957,0,0,0,10.93346882,0,3.757232428,0,1.915905118,0,11.70967388,0,3.31617379188538,0.914779603481293,3.74653458595276,0.818238794803619,14.864634513855,19.8344764709473,70.2162322998047,7.51955604553223,0.662902474403381,0,0,
64,47.11311722,0,0,0,10.96743107,0,3.770112991,0,1.918839693,0,11.8120079,0,3.32583475112915,0.916335701942444,3.76902651786804,0.828193664550781,14.6523923873901,19.8948078155518,70.2267074584961,7.47933197021484,0.665503263473511,0,0,
65,47.52889252,0,0,0,11.00044537,0,3.782528162,0,1.92166388,0,11.91157055,0,3.33506894111633,0.917821049690247,3.79094362258911,0.837896764278412,14.4452657699585,19.9540500640869,70.2378845214844,7.44376087188721,0.668025016784668,0,0,
66,47.92871094,0,0,0,11.03216171,0,3.79435873,0,1.924352288,0,12.00730896,0,3.3438997268676798,0.919240355491638,3.81228637695313,0.847347855567932,14.2432441711426,20.0122203826904,70.2497482299805,7.41253614425659,0.670469045639038,0,0,
67,48.31482697,0,0,0,11.0627718,0,3.805685282,0,1.926924109,0,12.09976578,0,3.3523416519165,0.920595824718475,3.8330500125885,0.856544494628906,14.0463094711304,20.0693340301514,70.2622756958008,7.38535642623901,0.672835886478424,0,0,
68,48.68951035,0,0,0,11.09245205,0,3.816583633,0,1.929397941,0,12.18947983,0,3.36041903495789,0.921892464160919,3.85324120521545,0.865489304065704,13.8544359207153,20.1254081726074,70.2754440307617,7.36195135116577,0.675127625465393,0,0,
69,49.05057144,0,0,0,11.12103271,0,3.826999903,0,1.931762695,0,12.27592754,0,3.36815166473389,0.923134088516235,3.87286520004272,0.874184608459473,13.6675882339478,20.1804618835449,70.2892227172852,7.34206295013428,0.677346110343933,0,0,
70,49.39805603,0,0,0,11.14851379,0,3.836945772,0,1.934021115,0,12.35911942,0,3.37555074691772,0.924321889877319,3.89192295074463,0.882630348205566,13.485725402832,20.2345123291016,70.3036117553711,7.32543754577637,0.679492115974426,0,0,
71,49.73419571,0,0,0,11.17508507,0,3.846493721,0,1.936190605,0,12.43959141,0,3.38263154029846,0.925458788871765,3.91042017936707,0.890828669071198,13.308798789978,20.2875728607178,70.3185806274414,7.31184101104736,0.681567072868347,0,0,
72,50.05682755,0,0,0,11.20056629,0,3.855589867,0,1.938259363,0,12.51682377,0,3.38940715789795,0.926546990871429,3.92836213111877,0.898781716823578,13.136754989624,20.3396644592285,70.334114074707,7.30105113983154,0.683572471141815,0,0,
73,50.37038803,0,0,0,11.2253046,0,3.864367008,0,1.940257549,0,12.59187508,0,3.39589428901672,0.927589476108551,3.94575810432434,0.906493782997131,12.9695339202881,20.3908004760742,70.3501968383789,7.29286193847656,0.685510158538818,0,0,
74,50.67048645,0,0,0,11.24897671,0,3.872710705,0,1.942159414,0,12.66370392,0,3.40210628509521,0.928588628768921,3.96261668205261,0.913968622684479,12.807071685791,20.4409999847412,70.3667984008789,7.28707885742188,0.6873819231987,0,0,
75,50.96156693,0,0,0,11.27191257,0,3.880748987,0,1.943994522,0,12.73336411,0,3.40805435180664,0.929546117782593,3.97894668579102,0.921209692955017,12.6493015289307,20.4902801513672,70.3839111328125,7.28351545333862,0.689189255237579,0,0,
76,51.241436,0,0,0,11.2939558,0,3.888427973,0,1.945750356,0,12.80033779,0,3.41375303268433,0.930464625358582,3.99475979804993,0.928222358226776,12.4961500167847,20.5386581420898,70.4015274047852,7.28200197219849,0.690934240818024,0,0,
77,51.51232529,0,0,0,11.31527996,0,3.895815134,0,1.947442412,0,12.86515713,0,3.41921377182007,0.93134605884552,4.01006698608398,0.935011446475983,12.3475427627563,20.5861492156982,70.4196166992188,7.28237581253052,0.692618787288666,0,0,
78,51.77204895,0,0,0,11.33571529,0,3.902855158,0,1.949057817,0,12.92730045,0,3.42444682121277,0.932191789150238,4.02487850189209,0.941581308841705,12.2034034729004,20.6327686309814,70.4381713867188,7.28448343276978,0.694244503974915,0,0,
79,52.02282333,0,0,0,11.35542774,0,3.909612417,0,1.950611711,0,12.9872942,0,3.42946004867554,0.933002948760986,4.03920364379883,0.947935879230499,12.0636510848999,20.6785354614258,70.4571685791016,7.28817796707153,0.69581264257431,0,0,
80,52.26467514,0,0,0,11.37443733,0,3.916093826,0,1.952104807,0,13.04515171,0,3.43426489830017,0.933781504631042,4.05305480957031,0.954080939292908,11.9282035827637,20.7234630584717,70.4766082763672,7.29332590103149,0.697325229644775,0,0,
81,52.49760056,0,0,0,11.39272594,0,3.922302008,0,1.953538179,0,13.10086632,0,3.43887066841125,0.934529006481171,4.06644439697266,0.960021674633026,11.7969760894775,20.7675724029541,70.4964599609375,7.29980087280273,0.698784053325653,0,0,
82,52.72382736,0,0,0,11.41047287,0,3.928299189,0,1.954925776,0,13.15497208,0,3.44329047203064,0.935247778892517,4.07938718795776,0.965764999389648,11.6698837280273,20.8108730316162,70.5167083740234,7.30748987197876,0.7001913189888,0,0,
83,52.93896484,0,0,0,11.42735386,0,3.93397522,0,1.956241727,0,13.20642376,0,3.44752860069275,0.935938060283661,4.09189224243164,0.97131472826004,11.5468406677246,20.853385925293,70.5373611450195,7.31627798080444,0.701548218727112,0,0,
84,53.14741898,0,0,0,11.44369793,0,3.939446926,0,1.957513452,0,13.25627136,0,3.45158958435059,0.936600089073181,4.10396814346313,0.976674258708954,11.4277591705322,20.8951244354248,70.5583877563477,7.32605504989624,0.702855706214905,0,0,
85,53.34920883,0,0,0,11.45951366,0,3.944719791,0,1.958741546,0,13.30452251,0,3.455486536026,0.937236785888672,4.11563158035278,0.98185133934021,11.3125514984131,20.9361038208008,70.5797729492188,7.33673095703125,0.704116344451904,0,0,
86,53.54213333,0,0,0,11.47462654,0,3.949738264,0,1.959913015,0,13.35064983,0,3.45922541618347,0.937848746776581,4.12689304351807,0.986850500106812,11.2011289596558,20.97633934021,70.6015090942383,7.34821271896362,0.705331385135651,0,0,
87,53.72841644,0,0,0,11.4892025,0,3.954562664,0,1.96104157,0,13.39518261,0,3.46281027793884,0.938436210155487,4.13776206970215,0.991675794124603,11.0934028625488,21.0158443450928,70.6235885620117,7.36041164398193,0.70650190114975,0,0,
88,53.90585709,0,0,0,11.50309086,0,3.959138632,0,1.962114573,0,13.43760109,0,3.46624541282654,0.938999652862549,4.14824676513672,0.996330738067627,10.9892854690552,21.0546360015869,70.64599609375,7.37324333190918,0.707628965377808,0,0,
89,54.07885361,0,0,0,11.51662159,0,3.963582754,0,1.963158846,0,13.47895241,0,3.46953845024109,0.939540505409241,4.15835952758789,1.00082087516785,10.8886880874634,21.0927276611328,70.6687164306641,7.386634349823,0.708714187145233,0,0,
90,54.245224,0,0,0,11.52963543,0,3.967839479,0,1.964161277,0,13.51871872,0,3.47270011901855,0.940061092376709,4.16811656951904,1.00515341758728,10.791522026062,21.1301307678223,70.6917419433594,7.40052223205566,0.709759771823883,0,0,
91,54.40496826,0,0,0,11.54211903,0,3.971911192,0,1.965122342,0,13.55689526,0,3.47573447227478,0.940561652183533,4.17752695083618,1.00933253765106,10.6977005004883,21.166862487793,70.7150650024414,7.41484022140503,0.710766851902008,0,0,
92,54.55810165,0,0,0,11.55408192,0,3.975800276,0,1.966042161,0,13.59348965,0,3.47864437103271,0.941042065620422,4.18659973144531,1.01336169242859,10.6071367263794,21.2029342651367,70.7386627197266,7.42952537536621,0.711736261844635,0,0,
93,54.70681,0,0,0,11.56570148,0,3.979564667,0,1.966934443,0,13.62902641,0,3.48143672943115,0.941504001617432,4.19534635543823,1.01724648475647,10.5197439193726,21.2383613586426,70.7625427246094,7.44452333450317,0.712669730186462,0,0,
94,54.8489151,0,0,0,11.57678986,0,3.983148336,0,1.967785954,0,13.66297913,0,3.48411679267883,0.941948235034943,4.2037787437439,1.02099192142487,10.4354362487793,21.2731552124023,70.7866821289063,7.45978307723999,0.713568508625031,0,0,
95,54.9866066,0,0,0,11.5875349,0,3.986610889,0,1.968610048,0,13.69587708,0,3.48668932914734,0.942375302314758,4.21190595626831,1.02460241317749,10.3541297912598,21.3073272705078,70.8110809326172,7.47525644302368,0.714433789253235,0,0,
96,55.11988831,0,0,0,11.59793186,0,3.989951134,0,1.969406724,0,13.72771835,0,3.48916244506836,0.942786812782288,4.21974229812622,1.02808392047882,10.2757415771484,21.3408946990967,70.8357162475586,7.49090480804443,0.715267360210419,0,0,
97,55.24658203,0,0,0,11.60781384,0,3.993117332,0,1.970163465,0,13.75798416,0,3.49153733253479,0.943182528018951,4.227294921875,1.03143978118896,10.2001886367798,21.3738670349121,70.8606033325195,7.50668287277222,0.716069996356964,0,0,
98,55.36887741,0,0,0,11.61735725,0,3.996164322,0,1.970893145,0,13.78719997,0,3.49381542205811,0.943562388420105,4.23457098007202,1.03467285633087,10.1273908615112,21.4062576293945,70.8857116699219,7.52254867553711,0.716842353343964,0,0,
99,55.48677444,0,0,0,11.62654305,0,3.999094248,0,1.971596122,0,13.81536007,0,3.4960024356842,0.943927526473999,4.24158048629761,1.03778779506683,10.0572681427002,21.4380798339844,70.9110336303711,7.5384693145752,0.717585742473602,0,0,
100,55.59809113,0,0,0,11.63520908,0,4.001851559,0,1.972259045,0,13.84194565,0,3.49809789657593,0.94427752494812,4.2483286857605,1.04078662395477,9.98974227905273,21.4693431854248,70.9365692138672,7.5544056892395,0.718300461769104,0,0,
101,55.70721054,0,0,0,11.64371681,0,4.004549026,0,1.972908616,0,13.86800671,0,3.50010681152344,0.944613218307495,4.25482511520386,1.04367351531982,9.92473602294922,21.500057220459,70.9623107910156,7.57032823562622,0.718987643718719,0,0,
102,55.81193924,0,0,0,11.6518631,0,4.0071311,0,1.973531604,0,13.89301586,0,3.50203680992126,0.944936513900757,4.2610821723938,1.04645431041718,9.86217212677002,21.5302352905273,70.9882431030273,7.58621597290039,0.719649016857147,0,0,
103,55.91227722,0,0,0,11.65968037,0,4.009599209,0,1.974128008,0,13.91697884,0,3.50388932228088,0.945247411727905,4.26710653305054,1.04913187026978,9.80197715759277,21.559886932373,71.0143661499023,7.60204172134399,0.72028523683548,0,0,
104,56.01041794,0,0,0,11.66731739,0,4.012007236,0,1.974711061,0,13.94041157,0,3.50567054748535,0.945546984672546,4.27290916442871,1.05171120166779,9.74407768249512,21.5890235900879,71.0406723022461,7.61778593063354,0.720897674560547,0,0,
105,56.10200119,0,0,0,11.6744442,0,4.014249325,0,1.975254774,0,13.96227932,0,3.50737977027893,0.945834577083588,4.27849435806274,1.05419421195984,9.68840312957764,21.617654800415,71.0671463012695,7.63342380523682,0.721486747264862,0,0,
106,56.19356537,0,0,0,11.68156338,0,4.016487122,0,1.975798011,0,13.98414135,0,3.50902223587036,0.946111261844635,4.28387212753296,1.05658507347107,9.63488292694092,21.6457920074463,71.0937881469727,7.64893913269043,0.722053587436676,0,0,
107,56.278572080000004,0,0,0,11.68818378,0,4.018559456,0,1.976302266,0,14.00443745,0,3.51060080528259,0.946377694606781,4.28905057907104,1.05888748168945,9.5834493637085,21.6734466552734,71.1205978393555,7.66431474685669,0.72259908914566,0,0,
108,56.36138535,0,0,0,11.69462299,0,4.020575047,0,1.976793289,0,14.02420807,0,3.51211357116699,0.94663280248642,4.29403209686279,1.06110227108002,9.53403568267822,21.7006282806396,71.1475524902344,7.67952966690063,0.72312343120575,0,0,
109,56.44200897,0,0,0,11.70089245,0,4.02253294,0,1.977270961,0,14.04345608,0,3.51356792449951,0.946878731250763,4.298828125,1.06323492527008,9.48657512664795,21.7273426055908,71.1746520996094,7.69457578659058,0.723628044128418,0,0,
110,56.51825714,0,0,0,11.70681858,0,4.024381638,0,1.977722645,0,14.06165695,0,3.51496553421021,0.947115302085876,4.30344486236572,1.06528806686401,9.44100475311279,21.7536029815674,71.2018966674805,7.70944023132324,0.724113583564758,0,0,
111,56.5923233,0,0,0,11.71257305,0,4.026173592,0,1.978161097,0,14.07933617,0,3.51630687713623,0.94734251499176,4.3078875541687,1.06726372241974,9.39726161956787,21.7794170379639,71.2292785644531,7.72410917282104,0.724580466747284,0,0,
112,56.66201782,0,0,0,11.71798611,0,4.02785778,0,1.97857368,0,14.09597111,0,3.51759314537048,0.947560369968414,4.31216049194336,1.06916391849518,9.35528564453125,21.8047943115234,71.2567825317383,7.73857021331787,0.725029110908508,0,0,
113,56.73170471,0,0,0,11.72339916,0,4.029538155,0,1.978986025,0,14.11260509,0,3.51882934570313,0.947770118713379,4.31627225875854,1.07099270820618,9.315016746521,21.8297424316406,71.2844161987305,7.75281810760498,0.725460708141327,0,0,
114,56.79702377,0,0,0,11.72847366,0,4.031111717,0,1.979372382,0,14.12819481,0,3.52001905441284,0.947972536087036,4.32023143768311,1.07275378704071,9.27639675140381,21.8542709350586,71.3121719360352,7.76684904098511,0.725876212120056,0,0,
115,56.86016083,0,0,0,11.7333765,0,4.032629013,0,1.979745865,0,14.14326286,0,3.52116084098816,0.948166847229004,4.32403993606567,1.07444798946381,9.23937034606934,21.8783893585205,71.3400421142578,7.78065156936646,0.726275622844696,0,0,
116,56.91893768,0,0,0,11.73793983,0,4.034040928,0,1.98009336,0,14.15729141,0,3.52225351333618,0.94835239648819,4.32770013809204,1.0760760307312,9.20388221740723,21.9021034240723,71.3680114746094,7.79421377182007,0.726659119129181,0,0,
117,56.97769928,0,0,0,11.74250984,0,4.035450459,0,1.980440617,0,14.171316149999999,0,3.52330136299133,0.948530316352844,4.33121824264526,1.07764089107513,9.16987895965576,21.9254207611084,71.3960876464844,7.80753326416016,0.727027416229248,0,0,
118,57.03429031,0,0,0,11.7468977,0,4.036805153,0,1.980774999,0,14.18481922,0,3.52431058883667,0.948702394962311,4.33460521697998,1.07914757728577,9.13730907440186,21.9483528137207,71.4242630004883,7.82061433792114,0.727382004261017,0,0,
119,57.08869171,0,0,0,11.75111675,0,4.038105965,0,1.981096387,0,14.19780159,0,3.52528214454651,0.94886839389801,4.33786535263062,1.08059811592102,9.10612201690674,21.9709033966064,71.4525299072266,7.8334527015686,0.727723300457001,0,0,
120,57.13873291,0,0,0,11.75500202,0,4.039301395,0,1.981391907,0,14.20974159,0,3.52621293067932,0.949027121067047,4.34099864959717,1.08199214935303,9.07626819610596,21.9930801391602,71.4808807373047,7.84603881835938,0.728051006793976,0,0,
121,57.18877411,0,0,0,11.75888157,0,4.040495396,0,1.981687427,0,14.22168159,0,3.527104139328,0.94917893409729,4.3440089225769,1.08333134651184,9.04769992828369,22.0148906707764,71.5093231201172,7.85836982727051,0.7283656001091,0,0,
122,57.2366333,0,0,0,11.76259518,0,4.041635036,0,1.981970191,0,14.2331028,0,3.52796173095703,0.949325561523438,4.34690523147583,1.0846198797226,9.02037143707275,22.0363426208496,71.537841796875,7.87045049667358,0.728668212890625,0,0,
123,57.28231812,0,0,0,11.76613998,0,4.042722702,0,1.982239842,0,14.24400425,0,3.52878522872925,0.949466407299042,4.34968996047974,1.08585906028748,8.99423789978027,22.0574417114258,71.5664367675781,7.88227796554565,0.728959143161774,0,0,
124,57.32798767,0,0,0,11.76968193,0,4.043808937,0,1.982509494,0,14.25489998,0,3.52957892417908,0.949602544307709,4.35237073898315,1.0870521068573,8.96925354003906,22.0781993865967,71.5951156616211,7.89385652542114,0.729239284992218,0,0,
125,57.36931229,0,0,0,11.77288818,0,4.044790268,0,1.982753277,0,14.26475716,0,3.53034162521362,0.949733436107636,4.35494947433472,1.08819973468781,8.94537830352783,22.0986156463623,71.6238555908203,7.90518379211426,0.729508697986603,0,0,
126,57.41063309,0,0,0,11.77608681,0,4.045770645,0,1.982997179,0,14.27461529,0,3.53107261657715,0.949858665466309,4.3574275970459,1.08930253982544,8.92257022857666,22.1187019348145,71.6526641845703,7.91625690460205,0.729767382144928,0,0,
127,57.44977188,0,0,0,11.77912521,0,4.04669857,0,1.983228087,0,14.28395557,0,3.53177571296692,0.949979305267334,4.3598108291626,1.09036350250244,8.90079021453857,22.1384601593018,71.681526184082,7.9270806312561,0.73001617193222,0,0,
128,57.4867363,0,0,0,11.7819891,0,4.047573566,0,1.983446121,0,14.29277229,0,3.53244924545288,0.950094699859619,4.36210107803345,1.0913827419281,8.8799991607666,22.1578998565674,71.71044921875,7.93765211105347,0.73025506734848,0,0,
129,57.5236969,0,0,0,11.7848568,0,4.048448563,0,1.983664155,0,14.30159092,0,3.53309631347656,0.950205683708191,4.36430311203003,1.0923627614975,8.86015892028809,22.1770248413086,71.7394256591797,7.94797611236572,0.7304847240448,0,0,
130,57.55847931,0,0,0,11.78755188,0,4.04927063,0,1.983869195,0,14.30988693,0,3.53371930122375,0.950312793254852,4.36642169952393,1.09330570697784,8.84123420715332,22.1958427429199,71.7684555053711,7.95805644989014,0.730705738067627,0,0,
131,57.59109116,0,0,0,11.79008198,0,4.050041676,0,1.984061599,0,14.31766796,0,3.53431582450867,0.950415194034576,4.36845684051514,1.09421145915985,8.8231897354126,22.2143592834473,71.7975311279297,7.9678897857666,0.730917811393738,0,0,
132,57.62369537,0,0,0,11.79261017,0,4.050811768,0,1.984253883,0,14.32544613,0,3.53488850593567,0.950513541698456,4.37041234970093,1.09508180618286,8.80599212646484,22.2325801849365,71.8266525268555,7.9774808883667,0.73112154006958,0,0,
133,57.65412521,0,0,0,11.79496479,0,4.051528931,0,1.984433293,0,14.33270359,0,3.53543877601624,0.950608134269714,4.37229251861572,1.09591853618622,8.78960800170898,22.2505073547363,71.8558120727539,7.98683452606201,0.731317400932312,0,0,
134,57.68455505,0,0,0,11.79732323,0,4.052247047,0,1.984612703,0,14.33996296,0,3.53596806526184,0.950699269771576,4.37410020828247,1.09672331809998,8.77400493621826,22.2681503295898,71.885009765625,7.99595403671265,0.731505751609802,0,0,
135,57.7128067,0,0,0,11.79951096,0,4.052911758,0,1.984779358,0,14.34670258,0,3.5364773273468,0.950787127017975,4.37583875656128,1.09749746322632,8.75915336608887,22.2855129241943,71.9142456054688,8.00484275817871,0.731686949729919,0,0,
136,57.74106216,0,0,0,11.80169868,0,4.053576946,0,1.984945893,0,14.35344028,0,3.53696751594543,0.950871706008911,4.37751150131226,1.09824216365814,8.74502277374268,22.3026008605957,71.9435119628906,8.01350402832031,0.731861233711243,0,0,
137,57.76713943,0,0,0,11.80371666,0,4.054190159,0,1.985099554,0,14.3596611,0,3.5374391078949,0.950953125953674,4.37912034988403,1.09895849227905,8.7315845489502,22.3194160461426,71.9728088378906,8.02194309234619,0.732028961181641,0,0,
138,57.79321289,0,0,0,11.80574608,0,4.054803371,0,1.985253334,0,14.36588192,0,3.53789234161377,0.951031386852264,4.3806676864624,1.09964752197266,8.71881103515625,22.3359661102295,72.0021362304688,8.03015995025635,0.732190251350403,0,0,
139,57.81711578,0,0,0,11.80759525,0,4.055366039,0,1.98539412,0,14.37158298,0,3.53832769393921,0.951106607913971,4.382155418396,1.10031008720398,8.70667457580566,22.3522548675537,72.0314865112305,8.03816032409668,0.732345402240753,0,0,
140,57.84101868,0,0,0,11.80944538,0,4.0559263229999996,0,1.985535026,0,14.377285,0,3.53874588012695,0.951178729534149,4.38358545303345,1.10094678401947,8.69515132904053,22.3682899475098,72.0608520507813,8.04594707489014,0.732494354248047,0,0,
141,57.86274719,0,0,0,11.81112576,0,4.056436539,0,1.985663056,0,14.38246441,0,3.53914666175842,0.951247811317444,4.38495922088623,1.10155844688416,8.68421459197998,22.3840713500977,72.0902481079102,8.05352210998535,0.732637345790863,0,0,
142,57.88446808,0,0,0,11.81280327,0,4.056946278,0,1.985791087,0,14.38764477,0,3.53952980041504,0.951313734054565,4.38627767562866,1.10214555263519,8.67384052276611,22.3996067047119,72.1196594238281,8.06088733673096,0.732774496078491,0,0,
143,57.90619278,0,0,0,11.81448841,0,4.057454586,0,1.985918999,0,14.39282703,0,3.53990006446838,0.951377809047699,4.3875470161438,1.10271108150482,8.66400718688965,22.4148979187012,72.1490783691406,8.06805419921875,0.732906639575958,0,0,
144,57.92574692,0,0,0,11.81600666,0,4.05791378,0,1.986034274,0,14.39749146,0,3.54025650024414,0.951439559459686,4.38876867294312,1.10325503349304,8.65469074249268,22.4299507141113,72.1785125732422,8.07502365112305,0.733033895492554,0,0,
145,57.94530106,0,0,0,11.81751823,0,4.058371544,0,1.98614943,0,14.40215397,0,3.54059863090515,0.951498687267303,4.38994264602661,1.10377776622772,8.64587020874023,22.4447708129883,72.2079620361328,8.08179759979248,0.733156085014343,0,0,
146,57.962677,0,0,0,11.818861009999999,0,4.058778286,0,1.986251831,0,14.40629959,0,3.54092526435852,0.951554954051971,4.39106893539429,1.10427927970886,8.63752365112305,22.459358215332,72.237419128418,8.08837795257568,0.733273148536682,0,0,
147,57.98005295,0,0,0,11.82021141,0,4.059185505,0,1.986354232,0,14.41044521,0,3.54123663902283,0.951608419418335,4.39214849472046,1.10475981235504,8.62963199615479,22.4737186431885,72.2668838500977,8.09476661682129,0.733385145664215,0,0,
148,57.99743271,0,0,0,11.82155418,0,4.05959177,0,1.986456633,0,14.41458797,0,3.54153633117676,0.951660096645355,4.39318609237671,1.10522162914276,8.6221752166748,22.4878559112549,72.2963485717773,8.10097312927246,0.733492851257324,0,0,
149,58.01480484,0,0,0,11.82290077,0,4.059998035,0,1.986558914,0,14.41873169,0,3.54182744026184,0.95171070098877,4.39418649673462,1.10566699504852,8.61513519287109,22.5017738342285,72.3258209228516,8.10700607299805,0.733596861362457,0,0,
150,58.03001404,0,0,0,11.82407856,0,4.060353279,0,1.98664844,0,14.42235756,0,3.54210782051086,0.951759457588196,4.39514875411987,1.10609555244446,8.60849285125732,22.5154781341553,72.3552932739258,8.11286640167236,0.73369699716568,0,0,
151,58.04521561,0,0,0,11.82525158,0,4.060708523,0,1.986738086,0,14.42598343,0,3.54237604141235,0.951805830001831,4.39607238769531,1.1065069437027,8.60223197937012,22.5289707183838,72.3847579956055,8.11855411529541,0.733793020248413,0,0,
152,58.06042099,0,0,0,11.82642841,0,4.06106472,0,1.986827612,0,14.4296093,0,3.54263496398926,0.951850831508636,4.39696168899536,1.10690307617188,8.59633541107178,22.5422554016113,72.4142227172852,8.12407779693604,0.733885586261749,0,0,
153,58.07344818,0,0,0,11.82744694,0,4.061368942,0,1.986904502,0,14.43271828,0,3.54288291931152,0.95189380645752,4.3978157043457,1.10728347301483,8.59078693389893,22.5553340911865,72.4436798095703,8.12943744659424,0.733974397182465,0,0,
154,58.08647919,0,0,0,11.82844734,0,4.061672688,0,1.986981034,0,14.43582439,0,3.5431182384491,0.951934278011322,4.39863348007202,1.10764753818512,8.5855712890625,22.5682125091553,72.4731292724609,8.13463401794434,0.73405921459198,0,0,
155,58.09950638,0,0,0,11.82945919,0,4.06197691,0,1.987057805,0,14.43893147,0,3.54334449768066,0.951973259449005,4.39941930770874,1.10799729824066,8.58067321777344,22.5808944702148,72.5025787353516,8.13967514038086,0.734140694141388,0,0,
156,58.11253738,0,0,0,11.83046818,0,4.062280655,0,1.987134695,0,14.44203949,0,3.54356384277344,0.952011406421661,4.40017604827881,1.10833430290222,8.57607841491699,22.5933780670166,72.5320053100586,8.14456748962402,0.734219312667847,0,0,
157,58.12339401,0,0,0,11.8313055,0,4.0625333789999996,0,1.987198472,0,14.44462681,0,3.54377388954163,0.952047765254974,4.40090274810791,1.10865771770477,8.57177257537842,22.6056709289551,72.5614318847656,8.14931106567383,0.734294652938843,0,0,
158,58.13642502,0,0,0,11.83231449,0,4.062837124,0,1.987275243,0,14.44773579,0,3.54397630691528,0.952082991600037,4.40160179138184,1.10896909236908,8.56774425506592,22.6177749633789,72.5908432006836,8.1539134979248,0.734367311000824,0,0,
159,58.14728165,0,0,0,11.83315277,0,4.063090324,0,1.987339258,0,14.4503231,0,3.54417395591736,0.952117681503296,4.40227651596069,1.10926997661591,8.56397914886475,22.629695892334,72.620231628418,8.15837955474854,0.734437644481659,0,0,
160,58.15814209,0,0,0,11.83399391,0,4.063343525,0,1.987403154,0,14.45291424,0,3.54436326026917,0.952150702476501,4.40292501449585,1.10955917835236,8.56046581268311,22.6414356231689,72.6496124267578,8.16270923614502,0.734505176544189,0,0,
161,58.16682434,0,0,0,11.83467102,0,4.063545704,0,1.987454295,0,14.45498562,0,3.54454207420349,0.95218151807785,4.40354585647583,1.10983562469482,8.55719184875488,22.6529960632324,72.6789779663086,8.16690254211426,0.734569609165192,0,0,
162,58.17768478,0,0,0,11.83550453,0,4.063799381,0,1.987518191,0,14.45757294,0,3.54471373558044,0.952211022377014,4.40414190292358,1.11010098457336,8.5541467666626,22.664379119873,72.7083206176758,8.17096614837646,0.734631419181824,0,0,
163,58.18636703,0,0,0,11.83617306,0,4.06400156,0,1.987569451,0,14.45964241,0,3.54487943649292,0.952239811420441,4.40471506118774,1.11035633087158,8.55131816864014,22.6755886077881,72.7376327514648,8.17490482330322,0.73469090461731,0,0,
164,58.1950531,0,0,0,11.83685017,0,4.064203262,0,1.987620592,0,14.46171665,0,3.54503679275513,0.952266871929169,4.40526390075684,1.11060070991516,8.54869651794434,22.6866264343262,72.7669296264648,8.17871761322021,0.734747707843781,0,0,
165,58.20373535,0,0,0,11.83752537,0,4.064406395,0,1.987671614,0,14.46378613,0,3.5451877117157,0.952292919158936,4.40579080581665,1.110835313797,8.54627227783203,22.6974964141846,72.7962112426758,8.18241024017334,0.734802305698395,0,0,
166,58.21242523,0,0,0,11.83819485,0,4.06460762,0,1.987722754,0,14.46585846,0,3.54533386230469,0.952318251132965,4.40629816055298,1.1110612154007,8.54403495788574,22.7082004547119,72.8254623413086,8.1859884262085,0.734854876995087,0,0,
167,58.22110367,0,0,0,11.83886433,0,4.064809322,0,1.987774014,0,14.46792793,0,3.54547643661499,0.952343344688416,4.40678787231445,1.11127948760986,8.54197597503662,22.7187442779541,72.8546981811523,8.18945693969727,0.73490583896637,0,0,
168,58.22761917,0,0,0,11.83937645,0,4.064961433,0,1.9878124,0,14.46948242,0,3.5456120967865,0.952366948127747,4.40725755691528,1.11148869991302,8.54008674621582,22.7291278839111,72.883903503418,8.19281482696533,0.734954655170441,0,0,
169,58.23630524,0,0,0,11.84004211,0,4.065163136,0,1.987863421,0,14.4715519,0,3.5457429885864298,0.952389657497406,4.4077091217041,1.1116898059845,8.53835773468018,22.739351272583,72.9130783081055,8.19606685638428,0.735001623630524,0,0,
170,58.24281693,0,0,0,11.84054852,0,4.06531477,0,1.987901926,0,14.47310638,0,3.54587006568909,0.952411890029907,4.4081449508667,1.11188387870789,8.53678131103516,22.7494220733643,72.9422225952148,8.19921779632568,0.735046982765198,0,0,
171,58.24933243,0,0,0,11.84104824,0,4.065466404,0,1.987940192,0,14.47465897,0,3.54598999023438,0.952432513237,4.40856122970581,1.11206924915314,8.53535079956055,22.7593383789063,72.9713363647461,8.2022647857666,0.735090136528015,0,0,
172,58.25584412,0,0,0,11.84155369,0,4.065618038,0,1.987978578,0,14.47621059,0,3.54610443115234,0.95245224237442,4.40896081924438,1.11224710941315,8.5340576171875,22.7691020965576,73.0004196166992,8.20521354675293,0.735131502151489,0,0,
173,58.2623558,0,0,0,11.8420639,0,4.065769672,0,1.988016844,0,14.47776508,0,3.54621505737305,0.952471554279327,4.4093451499939,1.11241829395294,8.53289413452148,22.7787189483643,73.0294723510742,8.20806694030762,0.735171377658844,0,0,
174,58.26886749,0,0,0,11.84256363,0,4.065920353,0,1.988055229,0,14.47931767,0,3.5463228225708,0.952490389347076,4.40971565246582,1.11258351802826,8.5318546295166,22.7881889343262,73.0585021972656,8.21083164215088,0.735209941864014,0,0,
175,58.27321243,0,0,0,11.84290218,0,4.066021919,0,1.988080859,0,14.48035431,0,3.54642391204834,0.952507853507996,4.41006994247437,1.11274123191833,8.53093242645264,22.7975158691406,73.0874862670898,8.21350383758545,0.735246598720551,0,0,
176,58.27972794,0,0,0,11.84340096,0,4.066173077,0,1.988119245,0,14.48190498,0,3.54652070999146,0.952524483203888,4.41040897369385,1.11289215087891,8.53011989593506,22.8067016601563,73.1164321899414,8.21608638763428,0.735281646251678,0,0,
177,58.28406906,0,0,0,11.84373474,0,4.066273212,0,1.988144755,0,14.48293972,0,3.5466136932373,0.952540516853333,4.41073513031006,1.11303722858429,8.52941226959229,22.8157501220703,73.1453475952148,8.21858596801758,0.735315322875977,0,0,
178,58.29058075,0,0,0,11.84424114,0,4.066424847,0,1.988183022,0,14.48449421,0,3.54670405387878,0.952556252479553,4.41104936599731,1.11317706108093,8.52880382537842,22.8246593475342,73.1742172241211,8.22100448608398,0.735347926616669,0,0,
179,58.29492188,0,0,0,11.84457684,0,4.066525936,0,1.988208532,0,14.48552895,0,3.54679226875305,0.95257180929184,4.41135263442993,1.11331224441528,8.52828884124756,22.8334331512451,73.2030563354492,8.22334671020508,0.735379457473755,0,0,
180,58.299263,0,0,0,11.84490967,0,4.066627026,0,1.988234162,0,14.48656368,0,3.54687476158142,0.952586114406586,4.4116415977478,1.11344110965729,8.52786159515381,22.8420753479004,73.2318496704102,8.22560882568359,0.735409379005432,0,0,
181,58.30360413,0,0,0,11.84524345,0,4.066727161,0,1.988259673,0,14.48759937,0,3.54695320129395,0.95259952545166,4.41191816329956,1.11356425285339,8.5275182723999,22.8505859375,73.260612487793,8.2277946472168,0.735437870025635,0,0,
182,58.30794907,0,0,0,11.84557629,0,4.066828251,0,1.988285303,0,14.48863411,0,3.54702854156494,0.952612519264221,4.41218376159668,1.11368238925934,8.52725219726563,22.8589687347412,73.2893447875977,8.22990703582764,0.735465168952942,0,0,
183,58.31228638,0,0,0,11.84591961,0,4.066928864,0,1.988310814,0,14.48966885,0,3.54710125923157,0.952625274658203,4.41243934631348,1.11379611492157,8.52705955505371,22.8672218322754,73.3180236816406,8.23194885253906,0.735491514205933,0,0,
184,58.31663132,0,0,0,11.84625244,0,4.067029476,0,1.988336444,0,14.49070358,0,3.54717254638672,0.952637732028961,4.41268587112427,1.11390590667725,8.52693557739258,22.8753490447998,73.3466644287109,8.23392486572266,0.735517084598541,0,0,
185,58.32097244,0,0,0,11.84658527,0,4.067130566,0,1.988361955,0,14.49173832,0,3.5472424030304,0.952650129795074,4.41292428970337,1.11401224136353,8.52687740325928,22.8833560943604,73.3752593994141,8.23583793640137,0.735541880130768,0,0,
186,58.32531357,0,0,0,11.84692574,0,4.067231178,0,1.988387465,0,14.49277592,0,3.54731154441834,0.952662467956543,4.4131555557251,1.11411547660828,8.52688026428223,22.8912410736084,73.4038162231445,8.23769092559814,0.735566079616547,0,0,
187,58.32748032,0,0,0,11.84709644,0,4.067281246,0,1.98840034,0,14.49329281,0,3.54737544059753,0.952673554420471,4.41337633132935,1.11421370506287,8.52694034576416,22.8990058898926,73.4323272705078,8.23947906494141,0.73558908700943,0,0,
188,58.33182526,0,0,0,11.847435,0,4.067382813,0,1.988425851,0,14.49432945,0,3.54743576049805,0.952683806419373,4.41358709335327,1.11430752277374,8.52705478668213,22.9066524505615,73.4607849121094,8.24120616912842,0.735610902309418,0,0,
189,58.33616257,0,0,0,11.84776497,0,4.067482948,0,1.988451362,0,14.49536324,0,3.54749751091003,0.952694892883301,4.41379356384277,1.11439967155457,8.52721881866455,22.9141845703125,73.4892044067383,8.24288082122803,0.735632598400116,0,0,
190,58.33833694,0,0,0,11.84793568,0,4.067533493,0,1.988464117,0,14.49588013,0,3.54755640029907,0.952705264091492,4.41399192810059,1.1144881248474101,8.52742958068848,22.9216022491455,73.517578125,8.24449920654297,0.735653400421143,0,0,
191,58.34050751,0,0,0,11.84810543,0,4.067583561,0,1.988476992,0,14.49639797,0,3.54760837554932,0.952713906764984,4.41417837142944,1.11457097530365,8.52768516540527,22.9289093017578,73.5459060668945,8.24605655670166,0.73567259311676,0,0,
192,58.34484863,0,0,0,11.84843826,0,4.06768465,0,1.988502502,0,14.49743271,0,3.5476598739624,0.952722728252411,4.41435861587524,1.11465108394623,8.52798175811768,22.9361038208008,73.5741882324219,8.24756240844727,0.735691249370575,0,0,
193,58.3470192,0,0,0,11.84860516,0,4.067734718,0,1.988515377,0,14.4979496,0,3.54771089553833,0.952731668949127,4.41453313827515,1.1147289276123,8.52831554412842,22.943187713623,73.6024169921875,8.24901962280273,0.735709428787231,0,0,
194,58.34918594,0,0,0,11.84877491,0,4.06778574,0,1.988528132,0,14.49846745,0,3.54775762557983,0.952739536762238,4.41469812393188,1.11480236053467,8.52868461608887,22.9501647949219,73.6306076049805,8.2504243850708,0.735726416110992,0,0,
195,58.35353088,0,0,0,11.849107740000001,0,4.067885876,0,1.988553643,0,14.49950218,0,3.5478048324585,0.952747941017151,4.41485929489136,1.11487424373627,8.52908611297607,22.9570350646973,73.6587371826172,8.25178527832031,0.735743284225464,0,0,
196,58.35570145,0,0,0,11.84927464,0,4.06793642,0,1.988566399,0,14.50002003,0,3.5478527545929,0.952756702899933,4.41501665115356,1.11494469642639,8.52951812744141,22.9638023376465,73.6868133544922,8.2531042098999,0.735759913921356,0,0,
197,58.35787201,0,0,0,11.84944725,0,4.067986965,0,1.988579273,0,14.50053978,0,3.54789662361145,0.952764391899109,4.41516637802124,1.11501169204712,8.52997779846191,22.9704666137695,73.7148513793945,8.25437545776367,0.735775649547577,0,0,
198,58.36003876,0,0,0,11.84961033,0,4.068036556,0,1.988591909,0,14.50105476,0,3.54793787002563,0.952771425247192,4.4153094291687,1.11507546901703,8.53046321868896,22.9770278930664,73.7428359985352,8.25560188293457,0.735790491104126,0,0,
199,58.36221313,0,0,0,11.84978104,0,4.068087578,0,1.988604784,0,14.50157452,0,3.54797697067261,0.952778100967407,4.41544628143311,1.11513650417328,8.53097248077393,22.983491897583,73.7707672119141,8.25678634643555,0.735804677009583,0,0,
200,58.36437988,0,0,0,11.84994411,0,4.068137169,0,1.988617539,0,14.5020895,0,3.54801440238953,0.952784538269043,4.41557788848877,1.11519515514374,8.53150272369385,22.9898567199707,73.7986450195313,8.25792980194092,0.735818326473236,0,0,
201,58.36655426,0,0,0,11.85011768,0,4.068187714,0,1.988630295,0,14.50260925,0,3.54805064201355,0.952790796756744,4.41570472717285,1.1152515411377,8.53205299377441,22.9961242675781,73.8264770507813,8.25903415679932,0.735831439495087,0,0,
202,58.36872482,0,0,0,11.85027695,0,4.068238258,0,1.988643169,0,14.50312424,0,3.54808640480042,0.952797114849091,4.41582679748535,1.11530613899231,8.53262042999268,23.0022964477539,73.8542556762695,8.26010131835938,0.735844135284424,0,0,
203,58.37089539,0,0,0,11.85045719,0,4.068288803,0,1.988655925,0,14.50364399,0,3.54812121391296,0.952803313732147,4.41594505310059,1.11535894870758,8.53320407867432,23.0083751678467,73.8819808959961,8.26113414764404,0.735856533050537,0,0,
204,58.37089539,0,0,0,11.85045719,0,4.068288803,0,1.988655925,0,14.50364399,0,3.54815125465393,0.952808260917664,4.41605567932129,1.11540806293488,8.53380298614502,23.0143623352051,73.9096450805664,8.26212596893311,0.735867917537689,0,0,
205,58.37306213,0,0,0,11.85062027,0,4.068338871,0,1.98866868,0,14.50415993,0,3.54817771911621,0.952812373638153,4.41615915298462,1.11545372009277,8.53441429138184,23.0202560424805,73.9372634887695,8.2630786895752,0.73587828874588,0,0,
206,58.3752327,0,0,0,11.85078716,0,4.068389416,0,1.988681436,0,14.50467682,0,3.54820585250854,0.952817380428314,4.41626024246216,1.11549878120422,8.53503704071045,23.0260601043701,73.9648284912109,8.26400089263916,0.735888659954071,0,0,
207,58.37740707,0,0,0,11.85096073,0,4.06843996,0,1.98869431,0,14.50519657,0,3.54823565483093,0.952822804450989,4.41635990142822,1.11554324626923,8.53566932678223,23.031774520874,73.9923324584961,8.26489448547363,0.735899090766907,0,0,
208,58.37740707,0,0,0,11.85096073,0,4.06843996,0,1.98869431,0,14.50519657,0,3.54826211929321,0.952827274799347,4.41645383834839,1.11558485031128,8.53631114959717,23.0374011993408,74.0197830200195,8.26575374603271,0.735908687114716,0,0,
209,58.37957764,0,0,0,11.85112,0,4.068489552,0,1.988706946,0,14.50571251,0,3.54828572273254,0.952831208705902,4.41654205322266,1.11562395095825,8.53696060180664,23.0429439544678,74.0471725463867,8.26658058166504,0.735917627811432,0,0,
210,58.3817482,0,0,0,11.85129356,0,4.068540573,0,1.988719821,0,14.50623131,0,3.54831171035767,0.952835977077484,4.41663026809692,1.11566317081451,8.5376148223877,23.0484008789063,74.0745086669922,8.26738357543945,0.735926747322083,0,0,
211,58.3817482,0,0,0,11.85129356,0,4.068540573,0,1.988719821,0,14.50623131,0,3.548335313797,0.952840089797974,4.41671371459961,1.11570012569427,8.53827476501465,23.0537757873535,74.1017913818359,8.26815700531006,0.73593533039093,0,0,
212,58.38391495,0,0,0,11.85146332,0,4.068590641,0,1.988732576,0,14.50674915,0,3.5483570098877,0.952843725681305,4.41679239273071,1.1157351732254,8.53893852233887,23.0590667724609,74.129020690918,8.26890087127686,0.735943377017975,0,0,
213,58.38608932,0,0,0,11.8516264,0,4.068640709,0,1.988745332,0,14.50726604,0,3.5483820438385,0.952848374843597,4.41687202453613,1.11577069759369,8.53960609436035,23.0642776489258,74.1561889648438,8.26962375640869,0.735951781272888,0,0,
214,58.38608932,0,0,0,11.8516264,0,4.068640709,0,1.988745332,0,14.50726604,0,3.54840445518494,0.952852368354797,4.41694784164429,1.11580455303192,8.54027652740479,23.069408416748,74.1832962036133,8.27031993865967,0.735959708690643,0,0,
215,58.38825989,0,0,0,11.85179615,0,4.068691254,0,1.988758206,0,14.50778389,0,3.5484254360199,0.952856063842773,4.41701984405518,1.1158367395401,8.54094791412354,23.0744609832764,74.2103424072266,8.27099132537842,0.735967218875885,0,0,
216,58.38825989,0,0,0,11.85179615,0,4.068691254,0,1.988758206,0,14.50778389,0,3.54844546318054,0.95285952091217,4.41708850860596,1.1158674955368,8.5416202545166,23.0794353485107,74.2373428344727,8.27163887023926,0.735974371433258,0,0,
217,58.39043045,0,0,0,11.85196304,0,4.068741322,0,1.988770962,0,14.50830078,0,3.54846453666687,0.952862799167633,4.41715478897095,1.11589705944061,8.54229259490967,23.0843334197998,74.2642822265625,8.2722635269165,0.735981225967407,0,0,
218,58.39043045,0,0,0,11.85196304,0,4.068741322,0,1.988770962,0,14.50830078,0,3.54848289489746,0.952865958213806,4.41721868515015,1.11592555046082,8.54296398162842,23.0891551971436,74.2911605834961,8.27286624908447,0.735987782478333,0,0,
219,58.39260101,0,0,0,11.85212994,0,4.068791389,0,1.988783598,0,14.50881863,0,3.54850053787231,0.952869117259979,4.41728019714355,1.1159529685974101,8.54363346099854,23.0939025878906,74.3179779052734,8.27344799041748,0.735994160175323,0,0,
220,58.39260101,0,0,0,11.85212994,0,4.068791389,0,1.988783598,0,14.50881863,0,3.54851818084717,0.952872157096863,4.41733980178833,1.11597955226898,8.54430198669434,23.0985794067383,74.3447341918945,8.27400970458984,0.73600035905838,0,0,
221,58.39476776,0,0,0,11.85229969,0,4.068842411,0,1.988796473,0,14.50933647,0,3.54853534698486,0.952875256538391,4.41739749908447,1.11600542068481,8.54496765136719,23.1031837463379,74.3714370727539,8.27455234527588,0.736006438732147,0,0,
222,58.39476776,0,0,0,11.85229969,0,4.068842411,0,1.988796473,0,14.50933647,0,3.54855275154114,0.952878415584564,4.41745376586914,1.11603045463562,8.54563045501709,23.1077175140381,74.3980712890625,8.2750768661499,0.736012399196625,0,0,
223,58.39476776,0,0,0,11.85229969,0,4.068842411,0,1.988796473,0,14.50933647,0,3.54856538772583,0.952880263328552,4.41750383377075,1.11605262756348,8.54628944396973,23.1121807098389,74.4246520996094,8.2755765914917,0.736017465591431,0,0,
224,58.39693832,0,0,0,11.85247326,0,4.068892479,0,1.988809347,0,14.50985527,0,3.54857873916626,0.952882528305054,4.41755342483521,1.11607456207275,8.54694366455078,23.1165752410889,74.4511642456055,8.27606105804443,0.736022591590881,0,0,
225,58.39693832,0,0,0,11.85247326,0,4.068892479,0,1.988809347,0,14.50985527,0,3.54859328269959,0.952885210514069,4.41760206222534,1.11609625816345,8.54759407043457,23.1209011077881,74.4776306152344,8.27652931213379,0.736027717590332,0,0,
226,58.39693832,0,0,0,11.85247326,0,4.068892479,0,1.988809347,0,14.50985527,0,3.54860377311707,0.952886819839478,4.4176459312439,1.11611545085907,8.54823875427246,23.1251583099365,74.5040283203125,8.27697658538818,0.736032068729401,0,0,
227,58.3991127,0,0,0,11.85264015,0,4.068942547,0,1.988822103,0,14.51037312,0,3.5486159324646,0.952888965606689,4.41768980026245,1.11613476276398,8.54887771606445,23.1293506622314,74.5303649902344,8.27741050720215,0.736036539077759,0,0,
228,58.3991127,0,0,0,11.85264015,0,4.068942547,0,1.988822103,0,14.51037312,0,3.54862928390503,0.95289146900177,4.41773319244385,1.11615407466888,8.54951190948486,23.1334781646729,74.556640625,8.27783107757568,0.736041188240051,0,0,
229,58.3991127,0,0,0,11.85264015,0,4.068942547,0,1.988822103,0,14.51037312,0,3.54863905906677,0.952892959117889,4.41777181625366,1.11617124080658,8.55013942718506,23.1375408172607,74.5828552246094,8.27823257446289,0.736045122146606,0,0,
230,58.40128326,0,0,0,11.85280609,0,4.068993568,0,1.988834858,0,14.51089096,0,3.54865074157715,0.952895104885101,4.41781139373779,1.11618876457214,8.55076026916504,23.1415424346924,74.6090087890625,8.2786226272583,0.736049175262451,0,0,
231,58.40128326,0,0,0,11.85280609,0,4.068993568,0,1.988834858,0,14.51089096,0,3.54866337776184,0.952897608280182,4.41785097122192,1.11620652675629,8.5513744354248,23.1454811096191,74.6350936889648,8.27900123596191,0.73605340719223,0,0,
232,58.40128326,0,0,0,11.85280609,0,4.068993568,0,1.988834858,0,14.51089096,0,3.548672914505,0.952899098396301,4.41788625717163,1.11622226238251,8.55198287963867,23.1493587493896,74.6611175537109,8.27936267852783,0.736057043075562,0,0,
233,58.40345001,0,0,0,11.8529768,0,4.069043159,0,1.988847494,0,14.51140594,0,3.5486843585968,0.952901244163513,4.41792249679565,1.1162383556366,8.55258369445801,23.1531772613525,74.6870803833008,8.27971363067627,0.736060917377472,0,0,
234,58.40345001,0,0,0,11.8529768,0,4.069043159,0,1.988847494,0,14.51140594,0,3.54869699478149,0.952903687953949,4.41795921325684,1.11625492572784,8.55317783355713,23.1569366455078,74.7129745483398,8.28005599975586,0.736065030097961,0,0,
235,58.40345001,0,0,0,11.8529768,0,4.069043159,0,1.988847494,0,14.51140594,0,3.54870653152466,0.952905178070068,4.41799211502075,1.11626958847046,8.55376529693604,23.1606369018555,74.7388076782227,8.28038120269775,0.736068546772003,0,0,
236,58.40345001,0,0,0,11.8529768,0,4.069043159,0,1.988847494,0,14.51140594,0,3.54871368408203,0.952906131744385,4.41802167892456,1.11628258228302,8.55434417724609,23.1642818450928,74.7645797729492,8.28069305419922,0.736071467399597,0,0,
237,58.40562057,0,0,0,11.85313606,0,4.069093704,0,1.98886025,0,14.51192379,0,3.5487232208252,0.952907919883728,4.41805267333984,1.11629641056061,8.55491638183594,23.1678676605225,74.7902908325195,8.28099727630615,0.736074686050415,0,0,
238,58.40562057,0,0,0,11.85313606,0,4.069093704,0,1.98886025,0,14.51192379,0,3.54873442649841,0.952910125255585,4.41808462142944,1.11631083488464,8.55548000335693,23.1713981628418,74.8159484863281,8.28129386901855,0.736078202724457,0,0,
239,58.40562057,0,0,0,11.85313606,0,4.069093704,0,1.98886025,0,14.51192379,0,3.5487425327301,0.952911496162415,4.41811323165894,1.11632370948792,8.5560359954834,23.1748752593994,74.8415374755859,8.28157615661621,0.736081182956696,0,0,
240,58.40562057,0,0,0,11.85313606,0,4.069093704,0,1.98886025,0,14.51192379,0,3.54874897003174,0.952912271022797,4.41813850402832,1.11633503437042,8.55658531188965,23.1782970428467,74.8670654296875,8.28184509277344,0.736083686351776,0,0,
241,58.40562057,0,0,0,11.85313606,0,4.069093704,0,1.98886025,0,14.51192379,0,3.54875349998474,0.952912747859955,4.41816139221191,1.11634504795074,8.55712604522705,23.1816654205322,74.8925323486328,8.28210163116455,0.736085832118988,0,0,
242,58.40779114,0,0,0,11.85330963,0,4.069143772,0,1.988873005,0,14.51244164,0,3.54876089096069,0.952914237976074,4.41818618774414,1.11635625362396,8.55765819549561,23.1849803924561,74.9179306030273,8.2823543548584,0.736088454723358,0,0,
243,58.40779114,0,0,0,11.85330963,0,4.069143772,0,1.988873005,0,14.51244164,0,3.54877066612244,0.952916383743286,4.41821336746216,1.11636853218079,8.55818271636963,23.1882438659668,74.9432678222656,8.28260231018066,0.736091494560242,0,0,
244,58.40779114,0,0,0,11.85330963,0,4.069143772,0,1.988873005,0,14.51244164,0,3.54877805709839,0.952917695045471,4.41823720932007,1.11637938022614,8.5586986541748,23.1914558410645,74.9685440063477,8.28283882141113,0.736094057559967,0,0,
245,58.40779114,0,0,0,11.85330963,0,4.069143772,0,1.988873005,0,14.51244164,0,3.54878354072571,0.952918469905853,4.41825866699219,1.1163889169693,8.55920696258545,23.1946182250977,74.9937515258789,8.28306484222412,0.736096203327179,0,0,
246,58.40779114,0,0,0,11.85330963,0,4.069143772,0,1.988873005,0,14.51244164,0,3.54878759384155,0.952918946743011,4.41827774047852,1.11639738082886,8.55970668792725,23.197732925415,75.0188980102539,8.28327941894531,0.736098051071167,0,0,
247,58.40779114,0,0,0,11.85330963,0,4.069143772,0,1.988873005,0,14.51244164,0,3.5487904548645,0.952919244766235,4.41829538345337,1.1164048910141,8.5601978302002,23.2007961273193,75.0439758300781,8.28348445892334,0.736099600791931,0,0,
248,58.40779114,0,0,0,11.85330963,0,4.069143772,0,1.988873005,0,14.51244164,0,3.54879260063171,0.95291942358017,4.41831064224243,1.11641156673431,8.56068134307861,23.2038116455078,75.0689849853516,8.2836799621582,0.736100971698761,0,0,
249,58.4099617,0,0,0,11.85346985,0,4.069193363,0,1.98888588,0,14.51295662,0,3.54879856109619,0.952920734882355,4.41832876205444,1.116419672966,8.56115531921387,23.2067794799805,75.0939331054688,8.28387355804443,0.736102879047394,0,0,
250,58.4099617,0,0,0,11.85346985,0,4.069193363,0,1.98888588,0,14.51295662,0,3.54880738258362,0.952922761440277,4.4183497428894,1.11642909049988,8.56162166595459,23.2096996307373,75.1188201904297,8.28406524658203,0.73610520362854,0,0,
251,58.4099617,0,0,0,11.85346985,0,4.069193363,0,1.98888588,0,14.51295662,0,3.54881381988525,0.952923953533173,4.41836833953857,1.11643743515015,8.56208038330078,23.2125759124756,75.1436386108398,8.28424835205078,0.736107170581818,0,0,
252,58.4099617,0,0,0,11.85346985,0,4.069193363,0,1.98888588,0,14.51295662,0,3.54881882667542,0.95292466878891,4.41838502883911,1.1164448261261,8.56253051757813,23.2154064178467,75.1683959960938,8.28442287445068,0.736108839511871,0,0,
253,58.4099617,0,0,0,11.85346985,0,4.069193363,0,1.98888588,0,14.51295662,0,3.54882216453552,0.952925086021423,4.41839981079102,1.11645138263702,8.56297302246094,23.2181930541992,75.1930847167969,8.28458881378174,0.736110270023346,0,0,
254,58.4099617,0,0,0,11.85346985,0,4.069193363,0,1.98888588,0,14.51295662,0,3.54882478713989,0.952925384044647,4.41841268539429,1.11645722389221,8.5634069442749,23.2209358215332,75.2177124023438,8.28474712371826,0.736111521720886,0,0,
255,58.4099617,0,0,0,11.85346985,0,4.069193363,0,1.98888588,0,14.51295662,0,3.5488269329071,0.952925562858582,4.41842412948608,1.11646234989166,8.56383323669434,23.2236347198486,75.2422714233398,8.28489780426025,0.736112594604492,0,0,
256,58.4099617,0,0,0,11.85346985,0,4.069193363,0,1.98888588,0,14.51295662,0,3.548828125,0.952925682067871,4.41843509674072,1.11646687984467,8.56425094604492,23.2262897491455,75.2667617797852,8.28504180908203,0.736113488674164,0,0,
257,58.41213608,0,0,0,11.85364246,0,4.069244862,0,1.988898754,0,14.51347542,0,3.54883360862732,0.952926993370056,4.41844940185547,1.11647319793701,8.56466102600098,23.2289028167725,75.2911911010742,8.28518581390381,0.736115097999573,0,0,
258,58.41213608,0,0,0,11.85364246,0,4.069244862,0,1.988898754,0,14.51347542,0,3.54884195327759,0.952928960323334,4.41846656799316,1.11648106575012,8.5650634765625,23.2314758300781,75.3155517578125,8.2853307723999,0.736117243766785,0,0,
259,58.41213608,0,0,0,11.85364246,0,4.069244862,0,1.988898754,0,14.51347542,0,3.54884839057922,0.952930212020874,4.41848182678223,1.11648797988892,8.56545829772949,23.2340087890625,75.3398513793945,8.28546810150146,0.736119031906128,0,0,
260,58.41213608,0,0,0,11.85364246,0,4.069244862,0,1.988898754,0,14.51347542,0,3.54885292053223,0.952930986881256,4.41849565505981,1.11649417877197,8.56584453582764,23.236499786377,75.3640823364258,8.28559970855713,0.736120522022247,0,0,
261,58.41213608,0,0,0,11.85364246,0,4.069244862,0,1.988898754,0,14.51347542,0,3.54885601997375,0.95293140411377,4.41850805282593,1.11649966239929,8.56622409820557,23.2389526367188,75.3882522583008,8.28572463989258,0.736121833324432,0,0,
262,58.41213608,0,0,0,11.85364246,0,4.069244862,0,1.988898754,0,14.51347542,0,3.54885864257813,0.952931702136993,4.41851902008057,1.11650443077087,8.56659603118896,23.2413673400879,75.412353515625,8.28584384918213,0.736122965812683,0,0,
263,58.41213608,0,0,0,11.85364246,0,4.069244862,0,1.988898754,0,14.51347542,0,3.54886031150818,0.952931821346283,4.41852855682373,1.1165087223053,8.56696033477783,23.2437438964844,75.436393737793,8.2859582901001,0.736123919487,0,0,
264,58.41213608,0,0,0,11.85364246,0,4.069244862,0,1.988898754,0,14.51347542,0,3.54886174201965,0.952931880950928,4.41853761672974,1.11651253700256,8.56731796264648,23.2460823059082,75.4603652954102,8.28606700897217,0.736124694347382,0,0,
265,58.41213608,0,0,0,11.85364246,0,4.069244862,0,1.988898754,0,14.51347542,0,3.54886293411255,0.952931940555573,4.41854524612427,1.11651587486267,8.56766700744629,23.2483825683594,75.4842758178711,8.28617095947266,0.736125409603119,0,0,
266,58.41213608,0,0,0,11.85364246,0,4.069244862,0,1.988898754,0,14.51347542,0,3.54886388778687,0.952931940555573,4.41855239868164,1.11651885509491,8.56800937652588,23.2506446838379,75.5081176757813,8.28627014160156,0.736126005649567,0,0,
267,58.41213608,0,0,0,11.85364246,0,4.069244862,0,1.988898754,0,14.51347542,0,3.5488646030426,0.952931940555573,4.4185585975647,1.11652159690857,8.56834411621094,23.252872467041,75.5318984985352,8.28636455535889,0.73612642288208,0,0,
268,58.41213608,0,0,0,11.85364246,0,4.069244862,0,1.988898754,0,14.51347542,0,3.54886484146118,0.952931940555573,4.41856384277344,1.11652386188507,8.56867218017578,23.2550659179688,75.5556182861328,8.28645515441895,0.736126840114594,0,0,
269,58.41213608,0,0,0,11.85364246,0,4.069244862,0,1.988898754,0,14.51347542,0,3.54886531829834,0.952931940555573,4.41856861114502,1.11652600765228,8.56899261474609,23.2572231292725,75.5792770385742,8.28654098510742,0.736127197742462,0,0,
270,58.41430283,0,0,0,11.85380554,0,4.069294453,0,1.98891139,0,14.51399136,0,3.54886960983276,0.952933132648468,4.41857767105103,1.11653006076813,8.56930637359619,23.2593460083008,75.6028671264648,8.28663063049316,0.736128270626068,0,0,
271,58.41430283,0,0,0,11.85380554,0,4.069294453,0,1.98891139,0,14.51399136,0,3.54887723922729,0.952935099601746,4.41859006881714,1.1165360212326,8.56961345672607,23.2614345550537,75.6263885498047,8.28672218322754,0.736129999160767,0,0,
272,58.41430283,0,0,0,11.85380554,0,4.069294453,0,1.98891139,0,14.51399136,0,3.54888296127319,0.952936232089996,4.41860103607178,1.11654126644135,8.56991481781006,23.2634925842285,75.6498489379883,8.28680992126465,0.736131429672241,0,0,
273,58.41430283,0,0,0,11.85380554,0,4.069294453,0,1.98891139,0,14.51399136,0,3.54888725280762,0.952936947345734,4.4186110496521,1.11654591560364,8.57020950317383,23.2655162811279,75.6732406616211,8.28689384460449,0.736132562160492,0,0,
274,58.41430283,0,0,0,11.85380554,0,4.069294453,0,1.98891139,0,14.51399136,0,3.54888987541199,0.952937424182892,4.41862010955811,1.11655008792877,8.5704984664917,23.2675094604492,75.6965713500977,8.28697299957275,0.736133575439453,0,0,
275,58.41430283,0,0,0,11.85380554,0,4.069294453,0,1.98891139,0,14.51399136,0,3.5488920211792,0.952937662601471,4.41862821578979,1.11655378341675,8.57078170776367,23.2694702148438,75.7198333740234,8.28704833984375,0.736134469509125,0,0,
276,58.41430283,0,0,0,11.85380554,0,4.069294453,0,1.98891139,0,14.51399136,0,3.54889345169067,0.952937841415405,4.41863536834717,1.11655700206757,8.57105827331543,23.2714004516602,75.743034362793,8.2871208190918,0.736135125160217,0,0,
277,58.41430283,0,0,0,11.85380554,0,4.069294453,0,1.98891139,0,14.51399136,0,3.54889488220215,0.95293790102005,4.41864156723022,1.11655986309052,8.57132911682129,23.2733001708984,75.7661666870117,8.28718948364258,0.736135721206665,0,0,
278,58.41430283,0,0,0,11.85380554,0,4.069294453,0,1.98891139,0,14.51399136,0,3.54889559745789,0.952937960624695,4.41864728927612,1.1165623664856,8.57159328460693,23.2751693725586,75.7892379760742,8.28725528717041,0.736136257648468,0,0,
279,58.41430283,0,0,0,11.85380554,0,4.069294453,0,1.98891139,0,14.51399136,0,3.54889631271362,0.952937960624695,4.41865205764771,1.1165646314621,8.57185173034668,23.2770080566406,75.8122406005859,8.28731822967529,0.736136734485626,0,0,
280,58.41430283,0,0,0,11.85380554,0,4.069294453,0,1.98891139,0,14.51399136,0,3.54889702796936,0.952937960624695,4.41865682601929,1.11656665802002,8.57210445404053,23.2788162231445,75.8351821899414,8.28737831115723,0.736137092113495,0,0,
281,58.41430283,0,0,0,11.85380554,0,4.069294453,0,1.98891139,0,14.51399136,0,3.54889750480652,0.952937960624695,4.41866111755371,1.11656844615936,8.57235145568848,23.2805957794189,75.8580551147461,8.28743553161621,0.736137390136719,0,0,
282,58.41430283,0,0,0,11.85380554,0,4.069294453,0,1.98891139,0,14.51399136,0,3.5488977432251,0.952937960624695,4.41866493225098,1.11656999588013,8.57259273529053,23.2823467254639,75.8808670043945,8.28748989105225,0.736137628555298,0,0,
283,58.41430283,0,0,0,11.85380554,0,4.069294453,0,1.98891139,0,14.51399136,0,3.5488977432251,0.952937960624695,4.41866827011108,1.11657130718231,8.57282829284668,23.2840690612793,75.9036102294922,8.28754138946533,0.736137866973877,0,0,
284,58.41430283,0,0,0,11.85380554,0,4.069294453,0,1.98891139,0,14.51399136,0,3.5488977432251,0.952937960624695,4.41867113113403,1.11657249927521,8.57305908203125,23.2857646942139,75.9262847900391,8.28759002685547,0.736138105392456,0,0,
285,58.41430283,0,0,0,11.85380554,0,4.069294453,0,1.98891139,0,14.51399136,0,3.5488977432251,0.952937960624695,4.41867351531982,1.11657357215881,8.57328319549561,23.2874317169189,75.9488983154297,8.28763771057129,0.73613828420639,0,0,
286,58.41430283,0,0,0,11.85380554,0,4.069294453,0,1.98891139,0,14.51399136,0,3.5488977432251,0.952937960624695,4.41867589950562,1.11657452583313,8.57350254058838,23.2890720367432,75.9714508056641,8.28768253326416,0.73613840341568,0,0,
287,58.41430283,0,0,0,11.85380554,0,4.069294453,0,1.98891139,0,14.51399136,0,3.5488977432251,0.952937960624695,4.41867780685425,1.11657536029816,8.57371711730957,23.2906875610352,75.9939346313477,8.28772449493408,0.736138522624969,0,0,
288,58.41430283,0,0,0,11.85380554,0,4.069294453,0,1.98891139,0,14.51399136,0,3.5488977432251,0.952937960624695,4.41867971420288,1.11657607555389,8.57392692565918,23.2922744750977,76.0163497924805,8.28776550292969,0.736138641834259,0,0,
289,58.41430283,0,0,0,11.85380554,0,4.069294453,0,1.98891139,0,14.51399136,0,3.5488977432251,0.952937960624695,4.41868114471436,1.11657679080963,8.57413101196289,23.2938365936279,76.0387115478516,8.28780460357666,0.736138761043549,0,0,
290,58.41430283,0,0,0,11.85380554,0,4.069294453,0,1.98891139,0,14.51399136,0,3.5488977432251,0.952937960624695,4.41868257522583,1.11657738685608,8.57433032989502,23.295373916626,76.0610046386719,8.28784084320068,0.736138880252838,0,0,
291,58.41430283,0,0,0,11.85380554,0,4.069294453,0,1.98891139,0,14.51399136,0,3.5488977432251,0.952937960624695,4.4186840057373,1.11657786369324,8.57452487945557,23.2968845367432,76.0832290649414,8.28787612915039,0.736138999462128,0,0,
292,58.41430283,0,0,0,11.85380554,0,4.069294453,0,1.98891139,0,14.51399136,0,3.5488977432251,0.952937960624695,4.41868495941162,1.1165783405304,8.57471466064453,23.2983722686768,76.1053924560547,8.28790950775146,0.736139059066772,0,0,
293,58.41430283,0,0,0,11.85380554,0,4.069294453,0,1.98891139,0,14.51399136,0,3.5488977432251,0.952937960624695,4.41868591308594,1.11657869815826,8.57489967346191,23.2998352050781,76.1274871826172,8.28794193267822,0.736139059066772,0,0,
294,58.41430283,0,0,0,11.85380554,0,4.069294453,0,1.98891139,0,14.51399136,0,3.5488977432251,0.952937960624695,4.41868686676025,1.11657905578613,8.57507991790771,23.3012752532959,76.1495132446289,8.28797245025635,0.736139059066772,0,0,
295,58.41430283,0,0,0,11.85380554,0,4.069294453,0,1.98891139,0,14.51399136,0,3.5488977432251,0.952937960624695,4.41868782043457,1.116579413414,8.57525539398193,23.3026905059814,76.1714859008789,8.28800201416016,0.736139059066772,0,0,
296,58.41430283,0,0,0,11.85380554,0,4.069294453,0,1.98891139,0,14.51399136,0,3.5488977432251,0.952937960624695,4.41868829727173,1.11657965183258,8.57542705535889,23.3040828704834,76.1933898925781,8.28802967071533,0.736139059066772,0,0,
297,58.41647339,0,0,0,11.85398006,0,4.069344521,0,1.988924265,0,14.51451111,0,3.5489022731781,0.95293927192688,4.41869354248047,1.11658227443695,8.57559394836426,23.3054542541504,76.2152328491211,8.28806400299072,0.736139953136444,0,0,
298,58.41647339,0,0,0,11.85398006,0,4.069344521,0,1.988924265,0,14.51451111,0,3.54890966415405,0.952941238880157,4.41870260238647,1.11658680438995,8.57575702667236,23.3068046569824,76.2370147705078,8.28810405731201,0.736141502857208,0,0,
299,58.41647339,0,0,0,11.85398006,0,4.069344521,0,1.988924265,0,14.51451111,0,3.54891538619995,0.952942371368408,4.41871070861816,1.11659073829651,8.57591724395752,23.3081302642822,76.2587280273438,8.28814220428467,0.736142814159393,0,0,
300,58.41647339,0,0,0,11.85398006,0,4.069344521,0,1.988924265,0,14.51451111,0,3.54891967773438,0.952943086624146,4.4187183380127,1.11659419536591,8.57607364654541,23.3094367980957,76.2803802490234,8.28817844390869,0.736143946647644,0,0,
